0 0 0 1999.4 -5.00121 13.3371
6 0.01 0 1999.4 -5.00121 13.3364
9 0.02 0 1999.4 -5.00121 13.3364
11 0.03 0 1999.4 -5.00122 13.3364
13 0.04 0 1999.4 -5.00122 13.3364
15 0.05 0 1999.4 -5.00122 13.3364
17 0.06 0 1999.4 -5.00122 13.3364
19 0.07 0 1999.4 -5.00122 13.3364
21 0.08 0 1999.4 -5.00122 13.3364
23 0.09 0 1999.4 -5.00123 13.3364
25 0.1 0 1999.39 -5.00123 13.3364
27 0.11 0 1999.39 -5.00123 13.3364
29 0.12 0 1999.39 -5.00123 13.3364
31 0.13 0 1999.39 -5.00123 13.3364
33 0.14 0 1999.39 -5.00123 13.3364
35 0.15 0 1999.39 -5.00124 13.3364
37 0.16 0 1999.39 -5.00124 13.3364
39 0.17 0 1999.39 -5.00124 13.3364
41 0.18 0 1999.39 -5.00124 13.3364
43 0.19 0 1999.39 -5.00124 13.3364
45 0.2 0 1999.39 -5.00125 13.3364
47 0.21 0 1999.39 -5.00125 13.3364
49 0.22 0 1999.39 -5.00125 13.3364
51 0.23 0 1999.39 -5.00125 13.3364
53 0.24 0 1999.39 -5.00125 13.3364
55 0.25 0 1999.39 -5.00125 13.3364
57 0.26 0 1999.38 -5.00126 13.3364
59 0.27 0 1999.38 -5.00126 13.3364
61 0.28 0 1999.38 -5.00126 13.3364
63 0.29 0 1999.38 -5.00126 13.3363
65 0.3 0 1999.38 -5.00126 13.3363
67 0.31 0 1999.38 -5.00127 13.3363
69 0.32 0 1999.38 -5.00127 13.3363
71 0.33 0 1999.38 -5.00127 13.3363
73 0.34 0 1999.38 -5.00127 13.3363
75 0.35 0 1999.38 -5.00127 13.3363
77 0.36 0 1999.38 -5.00128 13.3363
79 0.37 0 1999.38 -5.00128 13.3363
81 0.38 0 1999.38 -5.00128 13.3363
83 0.39 0 1999.38 -5.00128 13.3363
85 0.4 0 1999.38 -5.00128 13.3363
87 0.41 0 1999.38 -5.00129 13.3363
89 0.42 0 1999.37 -5.00129 13.3363
91 0.43 0 1999.37 -5.00129 13.3363
93 0.44 0 1999.37 -5.00129 13.3363
95 0.45 0 1999.37 -5.00129 13.3363
97 0.46 0 1999.37 -5.0013 13.3363
99 0.47 0 1999.37 -5.0013 13.3363
101 0.48 0 1999.37 -5.0013 13.3363
103 0.49 0 1999.37 -5.0013 13.3363
105 0.5 0 1999.37 -5.00131 13.3363
107 0.51 0 1999.37 -5.00131 13.3363
109 0.52 0 1999.37 -5.00131 13.3363
111 0.53 0 1999.37 -5.00131 13.3363
113 0.54 0 1999.37 -5.00131 13.3363
115 0.55 0 1999.37 -5.00132 13.3363
117 0.56 0 1999.37 -5.00132 13.3363
119 0.57 0 1999.37 -5.00132 13.3363
121 0.58 0 1999.36 -5.00132 13.3363
123 0.59 0 1999.36 -5.00133 13.3363
125 0.6 0 1999.36 -5.00133 13.3363
127 0.61 0 1999.36 -5.00133 13.3363
129 0.62 0 1999.36 -5.00133 13.3363
131 0.63 0 1999.36 -5.00134 13.3363
133 0.64 0 1999.36 -5.00134 13.3363
135 0.65 0 1999.36 -5.00134 13.3363
137 0.66 0 1999.36 -5.00134 13.3363
139 0.67 0 1999.36 -5.00134 13.3363
141 0.68 0 1999.36 -5.00135 13.3363
143 0.69 0 1999.36 -5.00135 13.3363
145 0.7 0 1999.36 -5.00135 13.3363
147 0.71 0 1999.36 -5.00135 13.3363
149 0.72 0 1999.36 -5.00136 13.3363
151 0.73 0 1999.35 -5.00136 13.3363
153 0.74 0 1999.35 -5.00136 13.3363
155 0.75 0 1999.35 -5.00136 13.3363
157 0.76 0 1999.35 -5.00137 13.3363
159 0.77 0 1999.35 -5.00137 13.3363
161 0.78 0 1999.35 -5.00137 13.3363
163 0.79 0 1999.35 -5.00137 13.3363
165 0.8 0 1999.35 -5.00138 13.3363
167 0.81 0 1999.35 -5.00138 13.3363
169 0.82 0 1999.35 -5.00138 13.3362
171 0.83 0 1999.35 -5.00139 13.3362
173 0.84 0 1999.35 -5.00139 13.3362
175 0.85 0 1999.35 -5.00139 13.3362
177 0.86 0 1999.35 -5.00139 13.3362
179 0.87 0 1999.35 -5.0014 13.3362
181 0.88 0 1999.35 -5.0014 13.3362
183 0.89 0 1999.34 -5.0014 13.3362
185 0.9 0 1999.34 -5.0014 13.3362
187 0.91 0 1999.34 -5.00141 13.3362
189 0.92 0 1999.34 -5.00141 13.3362
191 0.93 0 1999.34 -5.00141 13.3362
193 0.94 0 1999.34 -5.00141 13.3362
195 0.95 0 1999.34 -5.00142 13.3362
197 0.96 0 1999.34 -5.00142 13.3362
199 0.97 0 1999.34 -5.00142 13.3362
201 0.98 0 1999.34 -5.00143 13.3362
203 0.99 0 1999.34 -5.00143 13.3362
205 1 0 1999.34 -5.00143 13.3362
207 1.01 0 1999.34 -5.00143 13.3362
209 1.02 0 1999.34 -5.00144 13.3362
211 1.03 0 1999.34 -5.00144 13.3362
213 1.04 0 1999.34 -5.00144 13.3362
215 1.05 0 1999.33 -5.00145 13.3362
217 1.06 0 1999.33 -5.00145 13.3362
218 1.07 0 1999.33 -5.00145 13.3362
220 1.08 0 1999.33 -5.00145 13.3362
221 1.09 0 1999.33 -5.00146 13.3362
223 1.1 0 1999.33 -5.00146 13.3362
224 1.11 0 1999.33 -5.00146 13.3362
226 1.12 0 1999.33 -5.00147 13.3362
227 1.13 0 1999.33 -5.00147 13.3362
228 1.14 0 1999.33 -5.00148 13.3362
230 1.15 0 1999.33 -5.00148 13.3361
231 1.16 0 1999.33 -5.00148 13.3361
232 1.17 0 1999.32 -5.00149 13.3361
233 1.18 0 1999.32 -5.00149 13.3361
234 1.19 0 1999.32 -5.0015 13.3361
236 1.2 0 1999.32 -5.0015 13.3361
237 1.21 0 1999.32 -5.0015 13.3361
238 1.22 0 1999.32 -5.00151 13.3361
239 1.23 0 1999.32 -5.00151 13.3361
240 1.24 0 1999.32 -5.00152 13.3361
241 1.25 0 1999.31 -5.00152 13.3361
242 1.26 0 1999.31 -5.00152 13.3361
243 1.27 0 1999.31 -5.00153 13.3361
244 1.28 0 1999.31 -5.00153 13.3361
246 1.29 0 1999.31 -5.00154 13.3361
247 1.3 0 1999.31 -5.00154 13.3361
248 1.31 0 1999.31 -5.00155 13.3361
249 1.32 0 1999.31 -5.00155 13.3361
250 1.33 0 1999.31 -5.00155 13.3361
251 1.34 0 1999.3 -5.00156 13.3361
252 1.35 0 1999.3 -5.00156 13.3361
253 1.36 0 1999.3 -5.00157 13.3361
254 1.37 0 1999.3 -5.00157 13.3361
255 1.38 0 1999.3 -5.00158 13.3361
256 1.39 0 1999.3 -5.00158 13.3361
257 1.4 0 1999.3 -5.00159 13.3361
258 1.41 0 1999.3 -5.00159 13.336
259 1.42 0 1999.29 -5.0016 13.336
260 1.43 0 1999.29 -5.0016 13.336
261 1.44 0 1999.29 -5.00161 13.336
262 1.45 0 1999.29 -5.00161 13.336
263 1.46 0 1999.29 -5.00161 13.336
264 1.47 0 1999.29 -5.00162 13.336
265 1.48 0 1999.29 -5.00162 13.336
266 1.49 0 1999.29 -5.00163 13.336
267 1.5 0 1999.28 -5.00163 13.336
268 1.51 0 1999.28 -5.00164 13.336
269 1.52 0 1999.28 -5.00164 13.336
270 1.53 0 1999.28 -5.00165 13.336
271 1.54 0 1999.28 -5.00165 13.336
272 1.55 0 1999.28 -5.00166 13.336
273 1.56 0 1999.28 -5.00166 13.336
274 1.57 0 1999.28 -5.00167 13.336
275 1.58 0 1999.27 -5.00167 13.336
276 1.59 0 1999.27 -5.00168 13.336
277 1.6 0 1999.27 -5.00168 13.336
278 1.61 0 1999.27 -5.00169 13.336
279 1.62 0 1999.27 -5.00169 13.336
280 1.63 0 1999.27 -5.00169 13.336
281 1.64 0 1999.27 -5.0017 13.3359
282 1.65 0 1999.26 -5.0017 13.3359
283 1.66 0 1999.26 -5.00171 13.3359
284 1.67 0 1999.26 -5.00171 13.3359
285 1.68 0 1999.26 -5.00172 13.3359
286 1.69 0 1999.26 -5.00172 13.3359
287 1.7 0 1999.26 -5.00173 13.3359
288 1.71 0 1999.26 -5.00173 13.3359
289 1.72 0 1999.26 -5.00174 13.3359
290 1.73 0 1999.25 -5.00174 13.3359
291 1.74 0 1999.25 -5.00175 13.3359
292 1.75 0 1999.25 -5.00175 13.3359
293 1.76 0 1999.25 -5.00176 13.3359
294 1.77 0 1999.25 -5.00176 13.3359
295 1.78 0 1999.25 -5.00176 13.3359
296 1.79 0 1999.25 -5.00177 13.3359
297 1.8 0 1999.25 -5.00177 13.3359
298 1.81 0 1999.24 -5.00178 13.3359
299 1.82 0 1999.24 -5.00178 13.3359
300 1.83 0 1999.24 -5.00179 13.3359
301 1.84 0 1999.24 -5.00179 13.3359
302 1.85 0 1999.24 -5.0018 13.3359
303 1.86 0 1999.24 -5.0018 13.3359
304 1.87 0 1999.24 -5.00181 13.3358
305 1.88 0 1999.24 -5.00181 13.3358
306 1.89 0 1999.23 -5.00181 13.3358
307 1.9 0 1999.23 -5.00182 13.3358
308 1.91 0 1999.23 -5.00182 13.3358
309 1.92 0 1999.23 -5.00183 13.3358
310 1.93 0 1999.23 -5.00183 13.3358
311 1.94 0 1999.23 -5.00184 13.3358
312 1.95 0 1999.23 -5.00184 13.3358
313 1.96 0 1999.23 -5.00185 13.3358
314 1.97 0 1999.22 -5.00185 13.3358
315 1.98 0 1999.22 -5.00185 13.3358
316 1.99 0 1999.22 -5.00186 13.3358
317 2 0 1999.22 -5.00186 13.3358
318 2.01 0 1999.22 -5.00187 13.3358
320 2.02 0 1999.22 -5.00187 13.3358
322 2.03 0 1999.22 -5.00187 13.3358
324 2.04 0 1999.22 -5.00188 13.3358
326 2.05 0 1999.22 -5.00188 13.3358
328 2.06 0 1999.22 -5.00188 13.3358
330 2.07 0 1999.21 -5.00188 13.3358
332 2.08 0 1999.21 -5.00189 13.3358
334 2.09 0 1999.21 -5.00189 13.3358
336 2.1 0 1999.21 -5.00189 13.3358
338 2.11 0 1999.21 -5.0019 13.3358
340 2.12 0 1999.21 -5.0019 13.3358
342 2.13 0 1999.21 -5.0019 13.3357
344 2.14 0 1999.21 -5.0019 13.3357
346 2.15 0 1999.21 -5.00191 13.3357
348 2.16 0 1999.21 -5.00191 13.3357
350 2.17 0 1999.21 -5.00191 13.3357
352 2.18 0 1999.21 -5.00191 13.3357
354 2.19 0 1999.21 -5.00191 13.3357
356 2.2 0 1999.21 -5.00192 13.3357
358 2.21 0 1999.21 -5.00192 13.3357
360 2.22 0 1999.21 -5.00192 13.3357
362 2.23 0 1999.2 -5.00192 13.3357
364 2.24 0 1999.2 -5.00193 13.3357
366 2.25 0 1999.2 -5.00193 13.3357
368 2.26 0 1999.2 -5.00193 13.3357
370 2.27 0 1999.2 -5.00193 13.3357
372 2.28 0 1999.2 -5.00194 13.3357
374 2.29 0 1999.2 -5.00194 13.3357
376 2.3 0 1999.2 -5.00194 13.3357
378 2.31 0 1999.2 -5.00194 13.3357
380 2.32 0 1999.2 -5.00194 13.3357
382 2.33 0 1999.2 -5.00195 13.3357
384 2.34 0 1999.2 -5.00195 13.3357
386 2.35 0 1999.2 -5.00195 13.3357
388 2.36 0 1999.2 -5.00195 13.3357
390 2.37 0 1999.2 -5.00195 13.3357
392 2.38 0 1999.2 -5.00196 13.3357
394 2.39 0 1999.19 -5.00196 13.3357
396 2.4 0 1999.19 -5.00196 13.3357
398 2.41 0 1999.19 -5.00196 13.3357
400 2.42 0 1999.19 -5.00196 13.3357
402 2.43 0 1999.19 -5.00197 13.3357
404 2.44 0 1999.19 -5.00197 13.3357
406 2.45 0 1999.19 -5.00197 13.3356
408 2.46 0 1999.19 -5.00197 13.3356
410 2.47 0 1999.19 -5.00197 13.3356
412 2.48 0 1999.19 -5.00198 13.3356
414 2.49 0 1999.19 -5.00198 13.3356
416 2.5 0 1999.19 -5.00198 13.3356
418 2.51 0 1999.19 -5.00198 13.3356
420 2.52 0 1999.19 -5.00198 13.3356
422 2.53 0 1999.19 -5.00199 13.3356
424 2.54 0 1999.18 -5.00199 13.3356
426 2.55 0 1999.18 -5.00199 13.3356
428 2.56 0 1999.18 -5.00199 13.3356
430 2.57 0 1999.18 -5.00199 13.3356
432 2.58 0 1999.18 -5.002 13.3356
434 2.59 0 1999.18 -5.002 13.3356
436 2.6 0 1999.18 -5.002 13.3356
438 2.61 0 1999.18 -5.002 13.3356
440 2.62 0 1999.18 -5.002 13.3356
442 2.63 0 1999.18 -5.002 13.3356
444 2.64 0 1999.18 -5.00201 13.3356
446 2.65 0 1999.18 -5.00201 13.3356
448 2.66 0 1999.18 -5.00201 13.3356
450 2.67 0 1999.18 -5.00201 13.3356
452 2.68 0 1999.18 -5.00201 13.3356
454 2.69 0 1999.18 -5.00202 13.3356
456 2.7 0 1999.17 -5.00202 13.3356
458 2.71 0 1999.17 -5.00202 13.3356
460 2.72 0 1999.17 -5.00202 13.3356
462 2.73 0 1999.17 -5.00202 13.3356
464 2.74 0 1999.17 -5.00202 13.3356
466 2.75 0 1999.17 -5.00203 13.3356
468 2.76 0 1999.17 -5.00203 13.3356
470 2.77 0 1999.17 -5.00203 13.3356
472 2.78 0 1999.17 -5.00203 13.3356
474 2.79 0 1999.17 -5.00203 13.3356
476 2.8 0 1999.17 -5.00204 13.3356
478 2.81 0 1999.17 -5.00204 13.3356
480 2.82 0 1999.17 -5.00204 13.3356
482 2.83 0 1999.17 -5.00204 13.3356
484 2.84 0 1999.17 -5.00204 13.3356
486 2.85 0 1999.17 -5.00204 13.3356
488 2.86 0 1999.16 -5.00205 13.3356
490 2.87 0 1999.16 -5.00205 13.3355
492 2.88 0 1999.16 -5.00205 13.3355
494 2.89 0 1999.16 -5.00205 13.3355
496 2.9 0 1999.16 -5.00205 13.3355
498 2.91 0 1999.16 -5.00205 13.3355
500 2.92 0 1999.16 -5.00206 13.3355
502 2.93 0 1999.16 -5.00206 13.3355
504 2.94 0 1999.16 -5.00206 13.3355
506 2.95 0 1999.16 -5.00206 13.3355
508 2.96 0 1999.16 -5.00206 13.3355
510 2.97 0 1999.16 -5.00206 13.3355
512 2.98 0 1999.16 -5.00207 13.3355
514 2.99 0 1999.16 -5.00207 13.3355
516 3 0 1999.16 -5.00207 13.3355
518 3.01 0 1999.15 -5.00207 13.3355
520 3.02 0 1999.15 -5.00207 13.3355
522 3.03 0 1999.15 -5.00207 13.3355
524 3.04 0 1999.15 -5.00208 13.3355
526 3.05 0 1999.15 -5.00208 13.3355
528 3.06 0 1999.15 -5.00208 13.3355
530 3.07 0 1999.15 -5.00208 13.3355
532 3.08 0 1999.15 -5.00208 13.3355
534 3.09 0 1999.15 -5.00208 13.3355
536 3.1 0 1999.15 -5.00209 13.3355
538 3.11 0 1999.15 -5.00209 13.3355
540 3.12 0 1999.15 -5.00209 13.3355
542 3.13 0 1999.15 -5.00209 13.3355
544 3.14 0 1999.15 -5.00209 13.3355
546 3.15 0 1999.15 -5.00209 13.3355
548 3.16 0 1999.15 -5.0021 13.3355
550 3.17 0 1999.14 -5.0021 13.3355
552 3.18 0 1999.14 -5.0021 13.3355
554 3.19 0 1999.14 -5.0021 13.3355
556 3.2 0 1999.14 -5.0021 13.3355
558 3.21 0 1999.14 -5.0021 13.3355
560 3.22 0 1999.14 -5.00211 13.3355
562 3.23 0 1999.14 -5.00211 13.3355
564 3.24 0 1999.14 -5.00211 13.3355
566 3.25 0 1999.14 -5.00211 13.3355
568 3.26 0 1999.14 -5.00211 13.3355
570 3.27 0 1999.14 -5.00211 13.3355
572 3.28 0 1999.14 -5.00211 13.3355
574 3.29 0 1999.14 -5.00212 13.3355
576 3.3 0 1999.14 -5.00212 13.3355
578 3.31 0 1999.14 -5.00212 13.3355
580 3.32 0 1999.14 -5.00212 13.3354
582 3.33 0 1999.13 -5.00212 13.3354
584 3.34 0 1999.13 -5.00212 13.3354
586 3.35 0 1999.13 -5.00213 13.3354
588 3.36 0 1999.13 -5.00213 13.3354
590 3.37 0 1999.13 -5.00213 13.3354
592 3.38 0 1999.13 -5.00213 13.3354
594 3.39 0 1999.13 -5.00213 13.3354
596 3.4 0 1999.13 -5.00213 13.3354
598 3.41 0 1999.13 -5.00214 13.3354
600 3.42 0 1999.13 -5.00214 13.3354
602 3.43 0 1999.13 -5.00214 13.3354
604 3.44 0 1999.13 -5.00214 13.3354
606 3.45 0 1999.13 -5.00214 13.3354
608 3.46 0 1999.13 -5.00214 13.3354
610 3.47 0 1999.13 -5.00214 13.3354
612 3.48 0 1999.12 -5.00215 13.3354
614 3.49 0 1999.12 -5.00215 13.3354
616 3.5 0 1999.12 -5.00215 13.3354
618 3.51 0 1999.12 -5.00215 13.3354
620 3.52 0 1999.12 -5.00215 13.3354
622 3.53 0 1999.12 -5.00215 13.3354
624 3.54 0 1999.12 -5.00216 13.3354
626 3.55 0 1999.12 -5.00216 13.3354
628 3.56 0 1999.12 -5.00216 13.3354
630 3.57 0 1999.12 -5.00216 13.3354
632 3.58 0 1999.12 -5.00216 13.3354
634 3.59 0 1999.12 -5.00216 13.3354
636 3.6 0 1999.12 -5.00217 13.3354
638 3.61 0 1999.12 -5.00217 13.3354
640 3.62 0 1999.12 -5.00217 13.3354
642 3.63 0 1999.12 -5.00217 13.3354
644 3.64 0 1999.11 -5.00217 13.3354
646 3.65 0 1999.11 -5.00217 13.3354
648 3.66 0 1999.11 -5.00217 13.3354
650 3.67 0 1999.11 -5.00218 13.3354
652 3.68 0 1999.11 -5.00218 13.3354
654 3.69 0 1999.11 -5.00218 13.3354
656 3.7 0 1999.11 -5.00218 13.3354
658 3.71 0 1999.11 -5.00218 13.3354
660 3.72 0 1999.11 -5.00218 13.3354
662 3.73 0 1999.11 -5.00219 13.3354
664 3.74 0 1999.11 -5.00219 13.3354
666 3.75 0 1999.11 -5.00219 13.3354
668 3.76 0 1999.11 -5.00219 13.3353
670 3.77 0 1999.11 -5.00219 13.3353
672 3.78 0 1999.11 -5.00219 13.3353
674 3.79 0 1999.1 -5.00219 13.3353
676 3.8 0 1999.1 -5.0022 13.3353
678 3.81 0 1999.1 -5.0022 13.3353
680 3.82 0 1999.1 -5.0022 13.3353
682 3.83 0 1999.1 -5.0022 13.3353
684 3.84 0 1999.1 -5.0022 13.3353
686 3.85 0 1999.1 -5.0022 13.3353
688 3.86 0 1999.1 -5.00221 13.3353
690 3.87 0 1999.1 -5.00221 13.3353
692 3.88 0 1999.1 -5.00221 13.3353
694 3.89 0 1999.1 -5.00221 13.3353
696 3.9 0 1999.1 -5.00221 13.3353
698 3.91 0 1999.1 -5.00221 13.3353
700 3.92 0 1999.1 -5.00222 13.3353
702 3.93 0 1999.1 -5.00222 13.3353
704 3.94 0 1999.09 -5.00222 13.3353
706 3.95 0 1999.09 -5.00222 13.3353
708 3.96 0 1999.09 -5.00222 13.3353
710 3.97 0 1999.09 -5.00222 13.3353
712 3.98 0 1999.09 -5.00223 13.3353
714 3.99 0 1999.09 -5.00223 13.3353
716 4 0 1999.09 -5.00223 13.3353
