0 2.56968
0.00213251 2.57812

0.00215821 2.57812
0.00694121 2.59766

0.00694197 2.59766
0.0115767 2.61719

0.0115779 2.61719
0.0160604 2.63672

0.0160731 2.63672
0.0195312 2.65234

0.0195312 2.65258
0.0203438 2.65625

0.0203856 2.65625
0.0245423 2.67578

0.024545 2.67578
0.0285302 2.69531

0.0285319 2.69531
0.0323369 2.71484

0.0323381 2.71484
0.0359572 2.73438

0.035962 2.73438
0.0390625 2.75204

0.0390625 2.75228
0.0393483 2.75391

0.0393872 2.75391
0.0426228 2.77344

0.0426234 2.77344
0.0456642 2.79297

0.0456645 2.79297
0.0485087 2.8125

0.0485087 2.8125
0.0511557 2.83203

0.0511558 2.83203
0.0536056 2.85156

0.0536058 2.85156
0.0558576 2.87109

0.055858 2.87109
0.0579103 2.89062

0.0579128 2.89062
0.0585938 2.89779

0.0585938 2.89786
0.0597614 2.91016

0.0597644 2.91016
0.0614236 2.92969

0.061423 2.92969
0.0628866 2.94922

0.0628856 2.94922
0.0641567 2.96875

0.0641562 2.96875
0.0652378 2.98828

0.065237 2.98828
0.0661317 3.00781

0.0661311 3.00781
0.0668417 3.02734

0.0668415 3.02734
0.0673695 3.04688

0.0673691 3.04688
0.0677154 3.06641

0.0677145 3.06641
0.0678818 3.08594

0.0678816 3.08594
0.0678723 3.10547

0.0678726 3.10547
0.0676866 3.125

0.0676858 3.125
0.0673241 3.14453

0.0673233 3.14453
0.0667891 3.16406

0.06679 3.16406
0.066083 3.18359

0.0660834 3.18359
0.0652013 3.20312

0.0651999 3.20312
0.0641444 3.22266

0.064144 3.22266
0.0629189 3.24219

-3.63596 0
-3.63281 0.0081378

-3.63281 0.00982692
-3.62869 0.0195312

-3.62604 0.0195312
-3.61328 0.0318973

-3.61328 0.0353641
-3.59762 0.0390625

-3.60046 0.0390625
-3.59375 0.0404711

-3.59375 0.038069
-3.57422 0.0254374

-3.56183 0
-3.56834 0.0195312

-3.57422 0.0320104
-3.5635 0.0195312

-3.59375 0.0395925
-3.59236 0.0390625

-3.55469 0.0198116
-3.55453 0.0195312

0.0629203 3.24219
0.0615238 3.26172

0.061523 3.26172
0.0599539 3.28125

0.0585938 3.29666
0.0582286 3.30078

0.0582214 3.30078
0.056335 3.32031

0.0585938 3.29652
0.0599464 3.28125

0.0563352 3.32031
0.0542871 3.33984

0.0542862 3.33984
0.0520778 3.35938

0.0520761 3.35938
0.0497124 3.37891

0.0497117 3.37891
0.0471975 3.39844

0.0471965 3.39844
0.0445353 3.41797

0.0445317 3.41797
0.0417328 3.4375

0.0390625 3.4556
0.0388496 3.45703

0.0388126 3.45703
0.0357913 3.47656

0.0357869 3.47656
0.0326642 3.49609

0.0326632 3.49609
0.0294498 3.51562

0.0390625 3.45532
0.0417224 3.4375

0.0294483 3.51562
0.0261493 3.53516

0.0261429 3.53516
0.0227743 3.55469

0.0195312 3.57349
0.019405 3.57422

0.0193598 3.57422
0.0159305 3.59375

0.0195312 3.57321
0.0227627 3.55469

0.0159264 3.59375
0.0124793 3.61328

0.012475 3.61328
0.00902688 3.63281

0.00902334 3.63281
0.00558978 3.65234

0.00558517 3.65234
0.00218245 3.67188

0 3.68451
0.00216387 3.67188

-2.12891 0.00182854
-2.10938 0.00182854

0 4.39729
0.00171346 4.41406

0.00171882 4.41406
0.00358521 4.43359

0.00358948 4.43359
0.00530951 4.45312

0.00531321 4.45312
0.00687093 4.47266

0.00687405 4.47266
0.0082558 4.49219

0.0082584 4.49219
0.00945274 4.51172

0.00945469 4.51172
0.0104525 4.53125

-1.82045 0
-1.81641 0.00748512

-1.81641 0.00626824
-1.80084 0

-1.66918 0
-1.66016 0.0108253

-1.66016 0.00980104
-1.64687 0

-1.64062 0.00454354
-1.63893 0

-1.54334 0
-1.54297 0.00112193

-1.53599 0
-1.52344 0.0123811

-1.52344 0.0124102
-1.5111 0

-1.50391 0.00119681
-1.5035 0

-1.26507 0
-1.26133 0.0195312

-1.26237 0.0195312
-1.25 0.0377029

0.010454 4.53125
0.0112486 4.55078

0.0112495 4.55078
0.0118362 4.57031

0.0118367 4.57031
0.0122126 4.58984

0.0122126 4.58984
0.0123769 4.60938

0.0123766 4.60938
0.0123301 4.62891

0.0123291 4.62891
0.0120743 4.64844

0.0120726 4.64844
0.0116145 4.66797

0.0116126 4.66797
0.0109582 4.6875

0.0109556 4.6875
0.0101139 4.70703

0.0101102 4.70703
0.0090938 4.72656

0.00909031 4.72656
0.00791358 4.74609

0.0079084 4.74609
0.00658868 4.76562

0.00658239 4.76562
0.00514261 4.78516

0.00513686 4.78516
0.0036011 4.80469

0.0035931 4.80469
0.00198883 4.82422

0.00197945 4.82422
0.000341429 4.84375

0 4.84772
0.00033358 4.84375

-1.25 0.0379599
-1.24897 0.0390625

-1.24868 0.0390625
-1.23047 0.0522153

-1.23047 0.0513316
-1.21094 0.0556559

-1.21094 0.0556257
-1.19141 0.0520049

-1.19141 0.0529738
-1.17188 0.0395305

-1.1558 0
-1.15946 0.0195312

-1.15843 0.0195312
-1.17148 0.0390625

-1.17188 0.0434163
-1.16759 0.0390625

-0.840412 0
-0.839844 0.00158783

-0.829532 0
-0.820312 0.00265785

-0.820312 0.00353377
-0.818529 0

2.67188 0
2.67352 0.0195312

2.6734 0.0195312
2.67578 0.0285258

2.67578 0.0284989
2.67858 0.0390625

2.67832 0.0390625
2.68781 0.0585938

2.68761 0.0585938
2.69531 0.0690732

2.69531 0.0690336
2.70279 0.078125

2.7032 0.078125
2.71484 0.0884217

2.71484 0.0891032
2.72885 0.0976562

2.73172 0.0976562
2.73438 0.0991589

2.73438 0.0999318
2.75391 0.106679

2.75391 0.106616
2.77344 0.109754

2.77344 0.109646
2.79297 0.109518

2.79297 0.109541
2.8125 0.106319

2.87109 0.0718146
2.86477 0.078125

2.89062 0.0432089
2.88212 0.0585938

2.87109 0.0723273
2.88234 0.0585938

-0.0976562 0.618016
-0.104295 0.625

-0.078125 0.597996
-0.085482 0.605469

-0.0976562 0.618202
-0.0854081 0.605469

-0.0195312 0.54115
-0.0256742 0.546875

0 0.523081
-0.00473091 0.527344

-0.0195312 0.541155
-0.0043112 0.527344

-0.0585938 0.578763
-0.0658763 0.585938

-0.0390625 0.559699
-0.0460036 0.566406

-0.0585938 0.578606
-0.0460688 0.566406

-0.078125 0.598037
-0.0660299 0.585938

-0.0390625 0.559492
-0.025634 0.546875

-0.3125 0.902076
-0.321241 0.917969

-0.321254 0.917969
-0.331459 0.9375

-0.390625 1.08372
-0.393623 1.09375

-0.351562 0.979598
-0.358818 0.996094

-0.358822 0.996094
-0.366885 1.01562

-0.332031 0.938669
-0.341111 0.957031

-0.341113 0.957031
-0.350234 0.976562

-0.332031 0.938657
-0.331459 0.9375

-0.351562 0.979579
-0.350236 0.976562

-0.371094 1.02656
-0.374406 1.03516

-0.374414 1.03516
-0.381382 1.05469

-0.371094 1.02653
-0.366894 1.01562

-0.381386 1.05469
-0.387789 1.07422

-0.390625 1.08372
-0.387785 1.07422

-0.393624 1.09375
-0.398907 1.11328

-0.39891 1.11328
-0.40363 1.13281

-0.410156 1.1653
-0.411368 1.17188

-0.403631 1.13281
-0.407781 1.15234

-0.410156 1.16529
-0.407771 1.15234

-0.411376 1.17188
-0.414429 1.19141

-0.414429 1.19141
-0.416921 1.21094

-0.416921 1.21094
-0.418852 1.23047

-0.418852 1.23047
-0.420223 1.25

-0.234375 0.780603
-0.234843 0.78125

-0.15625 0.682431
-0.157257 0.683594

-0.157417 0.683594
-0.173982 0.703125

-0.195312 0.729359
-0.205485 0.742188

-0.214844 0.754262
-0.220413 0.761719

-0.234375 0.780477
-0.220519 0.761719

-0.214844 0.754287
-0.205558 0.742188

-0.175781 0.705369
-0.189962 0.722656

-0.195312 0.729361
-0.190007 0.722656

-0.175781 0.705364
-0.173932 0.703125

-0.273438 0.837277
-0.275065 0.839844

-0.275123 0.839844
-0.287456 0.859375

-0.253906 0.808137
-0.262264 0.820312

-0.234925 0.78125
-0.248845 0.800781

-0.253906 0.808118
-0.24889 0.800781

-0.273438 0.837266
-0.262275 0.820312

-0.292969 0.868502
-0.29925 0.878906

-0.299247 0.878906
-0.310499 0.898438

-0.292969 0.868463
-0.287482 0.859375

-0.3125 0.902063
-0.310506 0.898438

-0.136719 0.660284
-0.140109 0.664062

-0.117188 0.638848
-0.122423 0.644531

-0.136719 0.660238
-0.122462 0.644531

-0.15625 0.682254
-0.140236 0.664062

-0.117188 0.638948
-0.104267 0.625

2.8125 0.106498
2.83203 0.099775

-0.420221 1.25
-0.421038 1.26953

-0.421034 1.26953
-0.421305 1.28906

-0.421301 1.28906
-0.421039 1.30859

-0.421037 1.30859
-0.420255 1.32812

-0.420253 1.32812
-0.41896 1.34766

-0.418957 1.34766
-0.417161 1.36719

-0.417161 1.36719
-0.414865 1.38672

-0.414863 1.38672
-0.41207 1.40625

-0.411963 1.40625
-0.410156 1.41699

-0.410156 1.41852
-0.408935 1.42578

-0.408784 1.42578
-0.405006 1.44531

-0.405002 1.44531
-0.400739 1.46484

-0.400735 1.46484
-0.396005 1.48438

-0.395984 1.48438
-0.390837 1.50391

-0.390846 1.50391
-0.390625 1.50469

-0.390625 1.50467
-0.38531 1.52344

-0.38531 1.52344
-0.379386 1.54297

-0.379375 1.54297
-0.37308 1.5625

-0.372976 1.5625
-0.371094 1.56806

-0.371094 1.56843
-0.366485 1.58203

-0.366454 1.58203
-0.359536 1.60156

-0.359521 1.60156
-0.35232 1.62109

-0.352295 1.62109
-0.351562 1.62301

-0.351562 1.6231
-0.344867 1.64062

-0.344861 1.64062
-0.337136 1.66016

-0.337025 1.66016
-0.332031 1.67242

-0.332031 1.67307
-0.329339 1.67969

-0.329173 1.67969
-0.321024 1.69922

-0.320993 1.69922
-0.312701 1.71875

-0.312716 1.71875
-0.3125 1.71925

-0.3125 1.71925
-0.304311 1.73828

-0.3043 1.73828
-0.295778 1.75781

-0.295678 1.75781
-0.292969 1.76398

-0.292969 1.76425
-0.28722 1.77734

-0.287191 1.77734
-0.278586 1.79688

-0.278501 1.79688
-0.273438 1.80832

-0.273438 1.80877
-0.27006 1.81641

-0.269945 1.81641
-0.261279 1.83594

-0.261219 1.83594
-0.253906 1.85244

-0.253906 1.85304
-0.25283 1.85547

-0.252611 1.85547
-0.243983 1.875

-0.243969 1.875
-0.235375 1.89453

-0.235347 1.89453
-0.234375 1.89676

-0.234375 1.89683
-0.226849 1.91406

-0.22685 1.91406
-0.218374 1.93359

-0.218297 1.93359
-0.214844 1.94162

-0.214844 1.94187
-0.210003 1.95312

-0.209956 1.95312
-0.201655 1.97266

-0.20161 1.97266
-0.195312 1.98769

-0.195312 1.9881
-0.193601 1.99219

-0.193478 1.99219
-0.185406 2.01172

-0.185404 2.01172
-0.177422 2.03125

-0.177382 2.03125
-0.175781 2.03522

-0.175781 2.03532
-0.169551 2.05078

-0.169551 2.05078
-0.161797 2.07031

2.85156 0.0889707
2.83619 0.0976562

2.83203 0.0999251
2.83624 0.0976562

2.85156 0.0893701
2.86532 0.078125

2.90042 0
2.8985 0.0195312

2.89861 0.0195312
2.89264 0.0390625

2.89062 0.0433471
2.89288 0.0390625

-0.161758 2.07031
-0.15625 2.08438

-0.15625 2.08471
-0.154242 2.08984

-0.154152 2.08984
-0.146616 2.10938

-0.146612 2.10938
-0.139184 2.12891

-0.139147 2.12891
-0.136719 2.1354

-0.136719 2.13554
-0.131894 2.14844

-0.131883 2.14844
-0.124697 2.16797

-0.124695 2.16797
-0.117621 2.1875

-0.117611 2.1875
-0.117188 2.18869

-0.117188 2.18872
-0.110665 2.20703

-0.110668 2.20703
-0.103823 2.22656

-0.103813 2.22656
-0.0976562 2.24441

-0.0976562 2.24475
-0.0971914 2.24609

-0.0970886 2.24609
-0.0904474 2.26562

-0.0904469 2.26562
-0.083893 2.28516

-0.083876 2.28516
-0.078125 2.30256

-0.078125 2.3029
-0.0775348 2.30469

-0.077439 2.30469
-0.0710849 2.32422

-0.0710842 2.32422
-0.0648201 2.34375

-0.0648147 2.34375
-0.0586532 2.36328

-0.0586567 2.36328
-0.0585938 2.36348

-0.0585938 2.36349
-0.0526012 2.38281

-0.0526001 2.38281
-0.0466435 2.40234

-0.0466453 2.40234
-0.0407868 2.42188

-0.0407631 2.42188
-0.0390625 2.42765

-0.0390625 2.42774
-0.0350351 2.44141

-0.0350303 2.44141
-0.0293761 2.46094

-0.0293741 2.46094
-0.0238185 2.48047

-0.0237964 2.48047
-0.0195312 2.49578

-0.0195312 2.49606
-0.018433 2.5

-0.0183737 2.5
-0.0130523 2.51953

4.13889 0
4.14062 0.01635

4.14062 0.0163369
4.14096 0.0195312

4.14083 0.0195312
4.14732 0.0390625

4.14694 0.0390625
4.1589 0.0585938

4.15938 0.0585938
4.16016 0.05957

4.16016 0.0606006
4.17768 0.078125

4.17858 0.078125
4.17969 0.0790045

4.17969 0.0792274
4.19922 0.0914863

4.19922 0.0912538
4.21661 0.0976562

4.21875 0.0980834
4.23828 0.10139

4.23828 0.10142
4.25781 0.101417

4.27734 0.0974242
4.27605 0.0976562

4.25781 0.101489
4.27734 0.0979884

4.29688 0.0907419
4.27858 0.0976562

4.27734 0.0977071
4.27748 0.0976562

4.31641 0.0780104
4.31625 0.078125

4.33594 0.0583055
4.33576 0.0585938

4.33594 0.0590325
4.31743 0.078125

4.35516 0
4.35315 0.0195312

4.35329 0.0195312
4.34701 0.0390625

4.33594 0.0583209
4.3474 0.0390625

4.33594 0.0586439
4.33598 0.0585938

4.29688 0.0913038
4.31641 0.0786341

4.31641 0.0782271
4.31653 0.078125

0 5.33274
0.000925965 5.35156

0.000931199 5.35156
0.00176124 5.37109

0.00176539 5.37109
0.00244634 5.39062

0.0024492 5.39062
0.00296703 5.41016

0.00296868 5.41016
0.00331438 5.42969

0.00331476 5.42969
0.00348429 5.44922

0.00348321 5.44922
0.00347797 5.46875

0.0034759 5.46875
0.00330216 5.48828

0.00329863 5.48828
0.00296755 5.50781

0.00296295 5.50781
0.0024908 5.52734

0.00248579 5.52734
0.00189179 5.54688

0.00188521 5.54688
0.00119255 5.56641

0.00118609 5.56641
0.000420856 5.58594

-0.0130499 2.51953
-0.00784835 2.53906

-0.00784547 2.53906
-0.00277423 2.55859

-0.00275158 2.55859
0 2.5695

0 5.59591
0.000414018 5.58594

0 6.03374
2.93301e-05 6.03516

5.3582e-05 6.03516
0.000354546 6.05469

0.000356511 6.05469
0.000543691 6.07422

0.000544146 6.07422
0.0006127 6.09375

0.000612107 6.09375
0.000562312 6.11328

0.000560303 6.11328
0.000397362 6.13281

0.000393385 6.13281
0.000129269 6.15234

0 6.15961
0.000129753 6.15234

5.51431 0
5.51647 0.0195312

5.5163 0.0195312
5.52311 0.0390625

5.52285 0.0390625
5.52734 0.0464859

5.52734 0.0462834
5.53537 0.0585938

5.53538 0.0585938
5.54688 0.0705473

5.54688 0.0709835
5.55679 0.078125

5.59605 0
5.60547 0.0162915

5.60547 0.0143315
5.61207 0.0195312

5.55798 0.078125
5.56641 0.083651

5.56641 0.0838095
5.58594 0.0916212

5.58594 0.091412
5.60547 0.0948446

5.60547 0.0947864
5.625 0.0943747

5.64453 0.0173336
5.64069 0.0195312

5.65869 0
5.6453 0.0195312

5.70312 0.0363187
5.70217 0.0390625

5.68359 0.0661156
5.66924 0.078125

5.70263 0.0390625
5.69005 0.0585938

5.68359 0.0658426
5.69009 0.0585938

5.625 0.0945278
5.64453 0.090082

5.64453 0.0902789
5.66406 0.0810987

5.66406 0.0805837
5.66777 0.078125

5.71104 0
5.70884 0.0195312

5.70312 0.036181
5.70892 0.0195312

0 3.68467
-0.00115348 3.69141

-0.00117146 3.69141
-0.0044382 3.71094

-0.00444222 3.71094
-0.00762248 3.73047

-0.0076276 3.73047
-0.0107031 3.75

-0.0107077 3.75
-0.0136591 3.76953

-0.0136637 3.76953
-0.0164725 3.78906

-0.0195312 3.81178
-0.021601 3.82812

-0.0164766 3.78906
-0.0191251 3.80859

-0.0195312 3.81175
-0.0191321 3.80859

-0.0216057 3.82812
-0.0238892 3.84766

-0.0238933 3.84766
-0.0259707 3.86719

-0.0259743 3.86719
-0.0278303 3.88672

-0.0278333 3.88672
-0.0294547 3.90625

-0.0294575 3.90625
-0.0308326 3.92578

-0.030835 3.92578
-0.0319536 3.94531

-0.0319549 3.94531
-0.0328095 3.96484

-0.0328103 3.96484
-0.0333965 3.98438

-0.0333975 3.98438
-0.0337116 4.00391

-0.0337117 4.00391
-0.0337514 4.02344

-0.0337502 4.02344
-0.0335174 4.04297

-0.0335162 4.04297
-0.0330155 4.0625

-0.033014 4.0625
-0.0322508 4.08203

-0.0322475 4.08203
-0.0312315 4.10156

-0.0312271 4.10156
-0.029974 4.12109

-0.0299704 4.12109
-0.0284964 4.14062

-0.0284914 4.14062
-0.026814 4.16016

-0.0268062 4.16016
-0.0249507 4.17969

-0.0249441 4.17969
-0.0229393 4.19922

-0.0229333 4.19922
-0.0208043 4.21875

-0.0207825 4.21875
-0.0195312 4.22977

-0.0195312 4.22997
-0.018588 4.23828

-0.0185742 4.23828
-0.0162924 4.25781

-0.0162862 4.25781
-0.0139538 4.27734

-0.0139473 4.27734
-0.0115899 4.29688

-0.0115836 4.29688
-0.00922705 4.31641

-0.00922055 4.31641
-0.0068906 4.33594

7.29399 0
7.29561 0.0195312

7.29547 0.0195312
7.30064 0.0390625

7.30028 0.0390625
7.30469 0.0481554

7.30469 0.0477586
7.30996 0.0585938

7.30925 0.0585938
7.32422 0.0775078

7.32422 0.0760132
7.32626 0.078125

7.32373 0.078125
7.32422 0.0786231

7.32461 0.078125
7.34375 0.0938351

7.34375 0.0928067
7.35342 0.0976562

7.3526 0.0976562
7.36328 0.102979

7.36328 0.102598
7.38281 0.107999

7.38281 0.107803
7.40234 0.109624

7.40234 0.109796
7.42188 0.108088

7.5 0.0515473
7.49631 0.0585938

7.49691 0.0585938
7.48053 0.078125

7.42188 0.107995
7.44141 0.102602

7.46094 0.0938588
7.45334 0.0976562

7.44141 0.102573
7.45125 0.0976562

7.46094 0.0936072
7.48025 0.078125

-0.00688457 4.33594
-0.00460625 4.35547

-0.00460067 4.35547
-0.00239723 4.375

-0.00239244 4.375
-0.00028462 4.39453

-0.000275563 4.39453
0 4.39723

0 4.84775
-0.00130544 4.86328

-0.00131216 4.86328
-0.00293469 4.88281

-0.00294164 4.88281
-0.00451865 4.90234

-0.00452593 4.90234
-0.00602896 4.92188

-0.00603623 4.92188
-0.00743617 4.94141

-0.00744303 4.94141
-0.00871165 4.96094

-0.00871804 4.96094
-0.00982883 4.98047

-0.00983427 4.98047
-0.0107636 5

-0.0107679 5
-0.0114962 5.01953

-0.0114992 5.01953
-0.012012 5.03906

7.51357 0
7.51181 0.0195312

7.51201 0.0195312
7.50635 0.0390625

7.5 0.051348
7.50644 0.0390625

7.93092 0
7.93342 0.0195312

7.93318 0.0195312
7.94118 0.0390625

7.94086 0.0390625
7.94922 0.0507542

7.94922 0.0503843
7.95621 0.0585938

7.95565 0.0585938
7.96875 0.0694136

7.96875 0.0684087
7.98646 0.078125

7.98828 0.0777842
7.98937 0.078125

7.98535 0.078125
7.98828 0.0796239

7.98828 0.0791326
8.00781 0.0852441

8.00781 0.0849011
8.02734 0.0872077

8.02734 0.0873852
8.04688 0.0861988

8.08594 0.0749651
8.07849 0.078125

8.125 0.030409
8.12151 0.0390625

8.08594 0.074667
8.10547 0.0595272

8.12235 0.0390625
8.1069 0.0585938

8.04688 0.0857551
8.06641 0.0816082

8.06641 0.0821469
8.07588 0.078125

-0.0120135 5.03906
-0.0123014 5.05859

-0.0123015 5.05859
-0.0123613 5.07812

-0.0123599 5.07812
-0.0121941 5.09766

-0.0121912 5.09766
-0.0118082 5.11719

-0.011804 5.11719
-0.0112184 5.13672

-0.0112129 5.13672
-0.0104441 5.15625

8.13162 0
8.12911 0.0195312

-0.0104375 5.15625
-0.00950971 5.17578

-0.00950218 5.17578
-0.00844357 5.19531

-0.00843563 5.19531
-0.00727714 5.21484

-0.00726851 5.21484
-0.00604329 5.23438

-0.00603469 5.23438
-0.00477721 5.25391

-0.0047692 5.25391
-0.0035127 5.27344

-0.00350451 5.27344
-0.0022814 5.29297

-0.00227413 5.29297
-0.0011153 5.3125

-0.00111043 5.3125
-4.01783e-05 5.33203

-2.89261e-05 5.33203
0 5.33262

0 5.5959
-0.000397212 5.60547

-0.000401806 5.60547
-0.00123352 5.625

8.125 0.029956
8.1292 0.0195312

-0.00123988 5.625
-0.00207014 5.64453

-0.00207665 5.64453
-0.00287971 5.66406

-0.00288608 5.66406
-0.00363618 5.68359

-0.00364218 5.68359
-0.00431454 5.70312

-0.00431987 5.70312
-0.00489186 5.72266

-0.00489621 5.72266
-0.00534848 5.74219

-0.00535163 5.74219
-0.00566916 5.76172

-0.00567091 5.76172
-0.0058439 5.78125

-0.00584417 5.78125
-0.00586855 5.80078

-0.00586733 5.80078
-0.00574499 5.82031

-0.0057422 5.82031
-0.00548119 5.83984

-0.00547695 5.83984
-0.00509131 5.85938

-0.0050859 5.85938
-0.00459491 5.87891

-0.00458847 5.87891
-0.00401583 5.89844

-0.00400884 5.89844
-0.00338142 5.91797

-0.0033743 5.91797
-0.00272031 5.9375

-0.00271315 5.9375
-0.00206115 5.95703

-0.00205476 5.95703
-0.00143185 5.97656

-0.00142619 5.97656
-0.000856499 5.99609

-0.000851307 5.99609
-0.000356548 6.01562

-0.000351475 6.01562
0 6.03262

0 6.15919
-0.000226464 6.17188

-0.000228253 6.17188
-0.000643818 6.19141

-0.000649523 6.19141
-0.00111154 6.21094

-0.0011179 6.21094
-0.00160224 6.23047

-0.00160899 6.23047
-0.00208941 6.25

8.65304 0
8.65608 0.0195312

8.65543 0.0195312
8.66587 0.0390625

8.66489 0.0390625
8.67188 0.0471826

8.67188 0.0461182
8.68759 0.0585938

8.68854 0.0585938
8.69141 0.0602627

-0.00209621 6.25
-0.00254561 6.26953

-0.002552 6.26953
-0.00294398 6.28906

-0.00294947 6.28906
-0.00326026 6.30859

-0.00326436 6.30859
-0.00347476 6.32812

-0.00347705 6.32812
-0.0035743 6.34766

-0.00357455 6.34766
-0.00355354 6.36719

-0.00355163 6.36719
-0.00341569 6.38672

-0.00341175 6.38672
-0.00317258 6.40625

-0.00316699 6.40625
-0.00284368 6.42578

-0.00283696 6.42578
-0.00245412 6.44531

-0.00244687 6.44531
-0.00203246 6.46484

-0.00202525 6.46484
-0.00160822 6.48438

-0.00160155 6.48438
-0.00120967 6.50391

-0.00120398 6.50391
-0.000861994 6.52344

-0.000857588 6.52344
-0.000585675 6.54297

-0.000582778 6.54297
-0.000395544 6.5625

8.69141 0.0601568
8.71094 0.0662838

-0.000394241 6.5625
-0.000300085 6.58203

-0.000300388 6.58203
-0.000301308 6.60156

-0.000303217 6.60156
-0.000394788 6.62109

-0.000398192 6.62109
-0.000569785 6.64062

-0.000574474 6.64062
-0.000809905 6.66016

-0.000815574 6.66016
-0.00109413 6.67969

-0.00110036 6.67969
-0.00139823 6.69922

-0.00140453 6.69922
-0.00169665 6.71875

-0.00170247 6.71875
-0.00196461 6.73828

-0.00196938 6.73828
-0.00218036 6.75781

-0.00218366 6.75781
-0.00232734 6.77734

-0.0023289 6.77734
-0.00239555 6.79688

-0.00239532 6.79688
-0.00238228 6.81641

-0.00238036 6.81641
-0.00229193 6.83594

-0.00228856 6.83594
-0.00213531 6.85547

-0.00213087 6.85547
-0.0019284 6.875

8.71094 0.0661623
8.73047 0.0657421

-0.0019233 6.875
-0.00169068 6.89453

-0.00168536 6.89453
-0.00144344 6.91406

-0.00143833 6.91406
-0.00120794 6.93359

-0.00120346 6.93359
-0.0010038 6.95312

-0.00100031 6.95312
-0.000847316 6.97266

-0.000845096 6.97266
-0.000750203 6.99219

-0.000749421 6.99219
-0.000718632 7.01172

-0.000719375 7.01172
-0.000752765 7.03125

-0.000755016 7.03125
-0.000846597 7.05078

-0.000850176 7.05078
-0.000988289 7.07031

-0.00099289 7.07031
-0.00116117 7.08984

-0.00116635 7.08984
-0.00134525 7.10938

-0.00135048 7.10938
-0.00151919 7.12891

-0.00152385 7.12891
-0.0016626 7.14844

-0.00166609 7.14844
-0.0017586 7.16797

-0.00176044 7.16797
-0.00179603 7.1875

-0.00179594 7.1875
-0.00177108 7.20703

-0.00176902 7.20703
-0.00168798 7.22656

-0.00168425 7.22656
-0.0015586 7.24609

-0.00155376 7.24609
-0.00140065 7.26562

-0.00139541 7.26562
-0.00123502 7.28516

-0.00123011 7.28516
-0.00108276 7.30469

-0.00107884 7.30469
-0.00096218 7.32422

-0.00095972 7.32422
-0.000886518 7.34375

-0.000885775 7.34375
-0.000862436 7.36328

-0.000863474 7.36328
-0.00088941 7.38281

-0.000892075 7.38281
-0.000959881 7.40234

-0.000963783 7.40234
-0.00106032 7.42188

-0.00106488 7.42188
-0.00117324 7.44141

-0.00117775 7.44141
-0.00127976 7.46094

-0.00128349 7.46094
-0.00136267 7.48047

-0.00136499 7.48047
-0.00140925 7.5

-0.0014098 7.5
-0.00141339 7.51953

-0.00141215 7.51953
-0.00137644 7.53906

-0.00137373 7.53906
-0.0013066 7.55859

-0.00130301 7.55859
-0.00121707 7.57812

-0.00121328 7.57812
-0.00112329 7.59766

-0.00111996 7.59766
-0.00104014 7.61719

-0.00103779 7.61719
-0.000979481 7.63672

-0.00097842 7.63672
-0.00094843 7.65625

-0.00094875 7.65625
-0.000948565 7.67578

-0.000950146 7.67578
-0.000975964 7.69531

-0.000978478 7.69531
-0.00102211 7.71484

-0.00102506 7.71484
-0.00107556 7.73438

-0.00107837 7.73438
-0.00112421 7.75391

-0.00112631 7.75391
-0.00115765 7.77344

-0.00115863 7.77344
-0.0011693 7.79297

-0.00116901 7.79297
-0.00115763 7.8125

-0.0011562 7.8125
-0.00112622 7.83203

-0.00112407 7.83203
-0.00108263 7.85156

-0.0010803 7.85156
-0.00103635 7.87109

-0.0010344 7.87109
-0.00099649 7.89062

-0.000995319 7.89062
-0.000969693 7.91016

-0.000969495 7.91016
-0.000958892 7.92969

-0.000959619 7.92969
-0.000962981 7.94922

8.73047 0.0655166
8.75 0.0592432

8.78787 0
8.78481 0.0195312

8.78553 0.0195312
8.7749 0.0390625

8.76953 0.0457801
8.75358 0.0585938

8.75 0.0595982
8.75174 0.0585938

8.76953 0.0451008
8.77465 0.0390625

-0.000964368 7.94922
-0.000977465 7.96875

-0.000979099 7.96875
-0.000995886 7.98828

-0.000997322 7.98828
-0.00101166 8.00781

-0.00101254 8.00781
-0.0010198 8.02734

-0.00101996 8.02734
-0.00101805 8.04688

-0.00101755 8.04688
-0.00100717 8.06641

-0.00100625 8.06641
-0.000990232 8.08594

-0.000989226 8.08594
-0.000971422 8.10547

-0.000970628 8.10547
-0.000954638 8.125

-0.000954238 8.125
-0.000942451 8.14453

-0.000942479 8.14453
-0.000935639 8.16406

-0.000935998 8.16406
-0.000933332 8.18359

-0.000933849 8.18359
-0.000933606 8.20312

-0.000934097 8.20312
-0.000934257 8.22266

-0.000934583 8.22266
-0.000933511 8.24219

-0.00093361 8.24219
-0.000930456 8.26172

-0.00093036 8.26172
-0.000925117 8.28125

-0.000924905 8.28125
-0.000918189 8.30078

-0.000917956 8.30078
-0.000910656 8.32031

-0.000910479 8.32031
-0.000903413 8.33984

-0.000903332 8.33984
-0.000897016 8.35938

-0.000897025 8.35938
-0.000891604 8.37891

-0.000891672 8.37891
-0.000886993 8.39844

-0.000887082 8.39844
-0.000882829 8.41797

-0.000882907 8.41797
-0.000878747 8.4375

-0.00087879 8.4375
-0.000874479 8.45703

-0.000874485 8.45703
-0.000869924 8.47656

-0.000869825 8.47656
-0.000860579 8.51562

-0.000860571 8.51562
-0.000855929 8.53516

-0.000855924 8.53516
-0.00085129 8.55469

-0.000851288 8.55469
-0.000846676 8.57422

-0.000846672 8.57422
-0.000842093 8.59375

-0.000842091 8.59375
-0.000837557 8.61328

-0.000837557 8.61328
-0.000833073 8.63281

-0.00083306 8.63281
-0.000824244 8.67188

-0.000824282 8.67188
-0.00081994 8.69141

-0.000819927 8.69141
-0.0008156 8.71094

-0.000815605 8.71094
-0.000811311 8.73047

-0.00081131 8.73047
-0.00080704 8.75

-0.000807034 8.75
-0.000798574 8.78906

-0.000798596 8.78906
-0.0007944 8.80859

-0.000794393 8.80859
-0.0007902 8.82812

-0.000790199 8.82812
-0.000786027 8.84766

-0.000786024 8.84766
-0.000781883 8.86719

-0.000781886 8.86719
-0.000777776 8.88672

-0.000777776 8.88672
-0.000773692 8.90625

-0.000773696 8.90625
-0.00076963 8.92578

-0.000769626 8.92578
-0.000765575 8.94531

-0.000765581 8.94531
-0.000761544 8.96484

-0.000761517 8.96484
-0.000757536 8.98438

-0.000757523 8.98438
-0.000749832 9.02344

-0.000749888 9.02344
-0.000746161 9.04297

-0.000746157 9.04297
-0.000742445 9.0625

-0.000742443 9.0625
-0.000738754 9.08203

-0.000738749 9.08203
-0.000735094 9.10156

-0.000735099 9.10156
-0.000731477 9.12109

-0.000731474 9.12109
-0.000727881 9.14062

-0.00072788 9.14062
-0.000724322 9.16016

-0.000724317 9.16016
-0.000720806 9.17969

-0.000720808 9.17969
-0.000713892 9.21875

-0.000713909 9.21875
-0.000710496 9.23828

-0.000710494 9.23828
-0.000707096 9.25781

-0.000707095 9.25781
-0.000703719 9.27734

-0.000703721 9.27734
-0.000700368 9.29688

-0.000700371 9.29688
-0.000697031 9.31641

-0.000697031 9.31641
-0.000693702 9.33594

-0.0006937 9.33594
-0.000690387 9.35547

-0.000690385 9.35547
-0.000687096 9.375

-0.000687111 9.375
-0.000680528 9.41406

-0.000680529 9.41406
-0.000677229 9.43359

-0.000677227 9.43359
-0.000673921 9.45312

-0.000673913 9.45312
-0.000667329 9.49219

-0.000667348 9.49219
-0.000664065 9.51172

-0.000664054 9.51172
-0.000660766 9.53125

-0.000660732 9.53125
-0.000654327 9.57031

-0.00065428 9.57031
-0.000648219 9.60938

-0.000648308 9.60938
-0.000645417 9.62891

-0.000645408 9.62891
-0.000642493 9.64844

-0.000642491 9.64844
-0.000639573 9.66797

-0.000639577 9.66797
-0.000636653 9.6875

-0.000636654 9.6875
-0.000633717 9.70703

-0.000633715 9.70703
-0.000630768 9.72656

-0.000630736 9.72656
-0.00062496 9.76562

-0.000624997 9.76562
-0.000619325 9.80469

-0.000619335 9.80469
-0.000613674 9.84375

-0.00061368 9.84375
-0.000610843 9.86328

-0.000610836 9.86328
-0.000607996 9.88281

-0.000607995 9.88281
-0.000605169 9.90234

-0.000605167 9.90234
-0.000602359 9.92188

-0.000602362 9.92188
-0.000599571 9.94141

-0.000599572 9.94141
-0.000596791 9.96094

-0.000596786 9.96094
-0.00059126 10

-0.000591258 10
-0.000585785 10.0391

-0.000585796 10.0391
-0.000583079 10.0586

-0.000583077 10.0586
-0.00058036 10.0781

-0.000580359 10.0781
-0.000577649 10.0977

-0.000577646 10.0977
-0.00057495 10.1172

-0.00057491 10.1172
-0.000569721 10.1562

-0.000569787 10.1562
-0.000564759 10.1953

-0.000564766 10.1953
-0.000562261 10.2148

-0.000562261 10.2148
-0.000559751 10.2344

-0.000559751 10.2344
-0.000557236 10.2539

-0.000557233 10.2539
-0.000554718 10.2734

-0.000554718 10.2734
-0.000552207 10.293

-0.000552206 10.293
-0.000549699 10.3125

-0.000549692 10.3125
-0.000547205 10.332

-0.000547211 10.332
-0.000544749 10.3516

-0.000544713 10.3516
-0.000539954 10.3906

-0.000539988 10.3906
-0.000537693 10.4102

-0.000537693 10.4102
-0.000535414 10.4297

-0.000535421 10.4297
-0.000533145 10.4492

-0.000533146 10.4492
-0.000530858 10.4688

-0.000530855 10.4688
-0.000528558 10.4883

-0.000528551 10.4883
-0.000526267 10.5078

-0.000526273 10.5078
-0.000524007 10.5273

-0.000524006 10.5273
-0.000521746 10.5469

-0.000521738 10.5469
-0.000517268 10.5859

-0.000517207 10.5859
-0.000512927 10.625

-0.000512989 10.625
-0.000510948 10.6445

-0.000510953 10.6445
-0.000508879 10.6641

-0.000508851 10.6641
-0.000504728 10.7031

-0.000504753 10.7031
-0.000502706 10.7227

-0.000502703 10.7227
-0.000500624 10.7422

-0.000500627 10.7422
-0.000498519 10.7617

-0.00049851 10.7617
-0.000496385 10.7812

-0.000496391 10.7812
-0.000494252 10.8008

-0.000494247 10.8008
-0.000492094 10.8203

-0.000492097 10.8203
-0.000489936 10.8398

-0.000489927 10.8398
-0.000487769 10.8594

-0.000487772 10.8594
-0.000485628 10.8789

-0.000485627 10.8789
-0.000483493 10.8984

-0.000483488 10.8984
-0.000481374 10.918

-0.000481377 10.918
-0.000479286 10.9375

-0.000479282 10.9375
-0.000477217 10.957

-0.000477224 10.957
-0.000475179 10.9766

-0.000475138 10.9766
-0.000471226 11.0156

-0.00047127 11.0156
-0.000467533 11.0547

-0.000467547 11.0547
-0.000465709 11.0742

-0.000465706 11.0742
-0.000463876 11.0938

-0.000463875 11.0938
-0.000462063 11.1133

-0.000462064 11.1133
-0.000460269 11.1328

-0.000460271 11.1328
-0.000458486 11.1523

-0.000458486 11.1523
-0.000456709 11.1719

-0.000456712 11.1719
-0.000454938 11.1914

-0.000454935 11.1914
-0.000453163 11.2109

-0.000453158 11.2109
-0.000451404 11.2305

-0.000451404 11.2305
-0.00044968 11.25

-0.000449689 11.25
-0.00044798 11.2695

-0.000447978 11.2695
-0.00044627 11.2891

-0.000446272 11.2891
-0.000442857 11.3281

-0.000442854 11.3281
-0.000441148 11.3477

-0.000441147 11.3477
-0.000439449 11.3672

-0.000439447 11.3672
-0.000437764 11.3867

-0.000437765 11.3867
-0.000436098 11.4062

-0.000436099 11.4062
-0.000434441 11.4258

-0.000434439 11.4258
-0.00043279 11.4453

-0.00043279 11.4453
-0.00043115 11.4648

-0.000431149 11.4648
-0.000429518 11.4844

-0.000429507 11.4844
-0.000426313 11.5234

-0.000426316 11.5234
-0.000424757 11.543

-0.000424756 11.543
-0.000423235 11.5625

-0.000423245 11.5625
-0.000421746 11.582

-0.000421743 11.582
-0.000420248 11.6016

-0.000420233 11.6016
-0.000417325 11.6406

-0.000417329 11.6406
-0.000414529 11.6797

-0.000414551 11.6797
-0.000413182 11.6992

-0.000413181 11.6992
-0.000411802 11.7188

-0.000411776 11.7188
-0.000409104 11.7578

-0.000409133 11.7578
-0.00040654 11.7969

-0.000406516 11.7969
-0.000403991 11.8359

-0.000404015 11.8359
-0.00040279 11.8555

-0.000402798 11.8555
-0.000401546 11.875

-0.000401539 11.875
-0.000400258 11.8945

-0.000400261 11.8945
-0.000398959 11.9141

-0.000398959 11.9141
-0.000397631 11.9336

-0.000397623 11.9336
-0.000396287 11.9531

-0.000396286 11.9531
-0.000394962 11.9727

-0.000394947 11.9727
-0.000393666 11.9922

-0.000393693 11.9922
-0.000392427 12.0117

-0.000392429 12.0117
-0.000391119 12.0312

-0.000391059 12.0312
-0.00038858 12.0703

-0.000388639 12.0703
-0.000386278 12.1094

-0.000386291 12.1094
-0.000385105 12.1289

-0.000385095 12.1289
-0.000383897 12.1484

-0.00038391 12.1484
-0.00038148 12.1875

-0.00038147 12.1875
-0.000380237 12.207

-0.00038024 12.207
-0.000379004 12.2266

-0.000379001 12.2266
-0.000377765 12.2461

-0.000377765 12.2461
-0.000376534 12.2656

-0.000376543 12.2656
-0.000374063 12.3047

-0.000374057 12.3047
-0.000371558 12.3438

-0.000371546 12.3438
-0.000369065 12.3828

-0.000369072 12.3828
-0.000367845 12.4023

-0.000367846 12.4023
-0.000366618 12.4219

-0.000366614 12.4219
-0.000364167 12.4609

-0.000364143 12.4609
-0.000361759 12.5

-0.000361802 12.5
-0.000359442 12.5391

-0.000359437 12.5391
-0.000358234 12.5586

-0.000358233 12.5586
-0.000357017 12.5781

-0.000357024 12.5781
-0.000355782 12.5977

-0.000355777 12.5977
-0.000354504 12.6172

-0.0003545 12.6172
-0.000353212 12.6367

-0.000353212 12.6367
-0.000351917 12.6562

-0.000351914 12.6562
-0.000350621 12.6758

-0.000350621 12.6758
-0.000349334 12.6953

-0.000349305 12.6953
-0.000346855 12.7344

-0.000346873 12.7344
-0.000344573 12.7734

-0.000344583 12.7734
-0.000342375 12.8125

-0.000342389 12.8125
-0.000341309 12.832

-0.000341302 12.832
-0.000340229 12.8516

-0.000340238 12.8516
-0.000338099 12.8906

-0.000338108 12.8906
-0.000335951 12.9297

-0.000335949 12.9297
-0.000334856 12.9492

-0.000334855 12.9492
-0.000333751 12.9688

-0.000333751 12.9688
-0.000332639 12.9883

-0.00033264 12.9883
-0.000331518 13.0078

-0.00033152 13.0078
-0.00033038 13.0273

-0.000330378 13.0273
-0.000329218 13.0469

-0.000329215 13.0469
-0.000328045 13.0664

-0.000328046 13.0664
-0.000326871 13.0859

-0.000326871 13.0859
-0.000325687 13.1055

-0.000325687 13.1055
-0.000324492 13.125

-0.000324491 13.125
-0.000323286 13.1445

-0.000323289 13.1445
-0.00032207 13.1641

-0.000322052 13.1641
-0.000319646 13.2031

-0.000319624 13.2031
-0.000317321 13.2422

-0.000317344 13.2422
-0.000315141 13.2812

-0.00031513 13.2812
-0.000313002 13.3203

-0.000313021 13.3203
-0.000311988 13.3398

-0.000311987 13.3398
-0.000310947 13.3594

-0.000310949 13.3594
-0.0003099 13.3789

-0.000309899 13.3789
-0.000308838 13.3984

-0.000308836 13.3984
-0.000307767 13.418

-0.000307766 13.418
-0.000306693 13.4375

-0.000306686 13.4375
-0.000304568 13.4766

-0.000304531 13.4766
-0.000302531 13.5156

-0.000302577 13.5156
-0.000300678 13.5547

-0.000300682 13.5547
-0.000299734 13.5742

-0.000299729 13.5742
-0.000298785 13.5938

-0.000298787 13.5938
-0.000297854 13.6133

-0.000297855 13.6133
-0.000296927 13.6328

-0.000296932 13.6328
-0.000295996 13.6523

-0.000295991 13.6523
-0.000295043 13.6719

-0.000295056 13.6719
-0.000294082 13.6914

-0.000294086 13.6914
-0.000293052 13.7109

-0.000293009 13.7109
-0.000290973 13.75

-0.000290995 13.75
-0.000290001 13.7695

-0.000289996 13.7695
-0.000288993 13.7891

-0.000288992 13.7891
-0.000287991 13.8086

-0.000287992 13.8086
-0.000286992 13.8281

-0.000286973 13.8281
-0.000286008 13.8477

-0.000286022 13.8477
-0.0002851 13.8672

-0.000285076 13.8672
-0.000283354 13.9062

-0.000283383 13.9062
-0.00028178 13.9453

-0.00028179 13.9453
-0.000281009 13.9648

-0.000281009 13.9648
-0.000280227 13.9844

-0.00028022 13.9844
-0.000278683 14.0234

-0.000278683 14.0234
-0.000277189 14.0625

-0.000277167 14.0625
-0.00027576 14.1016

-0.000275777 14.1016
-0.000275118 14.1211

-0.000275129 14.1211
-0.000274459 14.1406

-0.000274452 14.1406
-0.000273765 14.1602

-0.000273767 14.1602
-0.000273073 14.1797

-0.000273074 14.1797
-0.000272369 14.1992

-0.000272366 14.1992
-0.000271655 14.2188

-0.00027166 14.2188
-0.00027094 14.2383

-0.000270942 14.2383
-0.000270202 14.2578

-0.000270205 14.2578
-0.000269435 14.2773

-0.000269438 14.2773
-0.000268628 14.2969

-0.000268621 14.2969
-0.000267779 14.3164

-0.000267778 14.3164
-0.000266923 14.3359

-0.000266922 14.3359
-0.00026606 14.3555

-0.00026606 14.3555
-0.000265191 14.375

-0.000265193 14.375
-0.000264312 14.3945

-0.000264307 14.3945
-0.000263422 14.4141

-0.000263428 14.4141
-0.000262537 14.4336

-0.000262529 14.4336
-0.000261638 14.4531

-0.000261636 14.4531
-0.000260765 14.4727

-0.000260767 14.4727
-0.000259915 14.4922

-0.000259914 14.4922
-0.000259078 14.5117

-0.000259077 14.5117
-0.000258262 14.5312

-0.000258262 14.5312
-0.000257472 14.5508

-0.000257472 14.5508
-0.000256707 14.5703

-0.000256711 14.5703
-0.000255964 14.5898

-0.000255965 14.5898
-0.000255229 14.6094

-0.000255233 14.6094
-0.000254496 14.6289

-0.000254493 14.6289
-0.000253757 14.6484

-0.000253767 14.6484
-0.000253017 14.668

-0.000253016 14.668
-0.000252233 14.6875

-0.000252203 14.6875
-0.000250702 14.7266

-0.000250731 14.7266
-0.000250012 14.7461

-0.000250012 14.7461
-0.00024927 14.7656

-0.000249249 14.7656
-0.000248524 14.7852

-0.00024855 14.7852
-0.000247831 14.8047

-0.000247748 14.8047
-0.000246548 14.8438

-0.000246604 14.8438
-0.000246135 14.8633

-0.000246136 14.8633
-0.000245684 14.8828

-0.000245694 14.8828
-0.000245238 14.9023

-0.000245229 14.9023
-0.000244769 14.9219

-0.000244776 14.9219
-0.000244313 14.9414

-0.000244315 14.9414
-0.000243834 14.9609

-0.000243833 14.9609
-0.000243332 14.9805

-0.000243333 14.9805
-0.000242811 15

-0.000242809 15
-0.000242268 15.0195

-0.000242268 15.0195
-0.000241708 15.0391

-0.000241693 15.0391
-0.000240598 15.0781

-0.000240596 15.0781
-0.000239549 15.1172

-0.00023957 15.1172
-0.000238534 15.1562

-0.000238538 15.1562
-0.000238006 15.1758

-0.000238002 15.1758
-0.000237453 15.1953

-0.000237455 15.1953
-0.000236891 15.2148

-0.00023689 15.2148
-0.000236307 15.2344

-0.000236289 15.2344
-0.00023516 15.2734

-0.000235148 15.2734
-0.000234109 15.3125

-0.000234122 15.3125
-0.000233169 15.3516

-0.000233186 15.3516
-0.000232727 15.3711

-0.000232723 15.3711
-0.000232254 15.3906

-0.000232256 15.3906
-0.000231781 15.4102

-0.000231784 15.4102
-0.000231295 15.4297

-0.000231297 15.4297
-0.000230783 15.4492

-0.000230784 15.4492
-0.000230237 15.4688

-0.000230238 15.4688
-0.000229654 15.4883

-0.000229651 15.4883
-0.000229035 15.5078

-0.00022902 15.5078
-0.000228409 15.5273

-0.00022841 15.5273
-0.000227833 15.5469

-0.000227846 15.5469
-0.000227276 15.5664

-0.000227276 15.5664
-0.00022669 15.5859

-0.000226674 15.5859
-0.000225534 15.625

-0.000225543 15.625
-0.000224993 15.6445

-0.000224994 15.6445
-0.000224444 15.6641

-0.000224441 15.6641
-0.000223896 15.6836

-0.000223896 15.6836
-0.00022336 15.7031

-0.000223362 15.7031
-0.000222833 15.7227

-0.000222832 15.7227
-0.000222307 15.7422

-0.000222311 15.7422
-0.000221785 15.7617

-0.000221776 15.7617
-0.000221259 15.7812

-0.000221239 15.7812
-0.000220331 15.8203

-0.000220328 15.8203
-0.000219604 15.8594

-0.000219621 15.8594
-0.000219057 15.8984

-0.000219075 15.8984
-0.000218836 15.918

-0.000218837 15.918
-0.000218603 15.9375

-0.000218606 15.9375
-0.000218371 15.957

-0.000218367 15.957
-0.000218132 15.9766

-0.000218138 15.9766
-0.000217897 15.9961

-0.000217896 15.9961
-0.00021764 16.0156

-0.000217641 16.0156
-0.000217101 16.0547

-0.000217088 16.0547
-0.000216538 16.0938

-0.000216553 16.0938
-0.000216279 16.1133

-0.000216271 16.1133
-0.000215982 16.1328

-0.000215972 16.1328
-0.000215434 16.1719

-0.000215434 16.1719
-0.000214955 16.2109

-0.000214968 16.2109
-0.000214748 16.2305

-0.000214749 16.2305
-0.00021452 16.25

-0.000214519 16.25
-0.000214278 16.2695

-0.000214275 16.2695
-0.000214029 16.2891

-0.000214036 16.2891
-0.000213777 16.3086

-0.000213773 16.3086
-0.000213494 16.3281

-0.000213494 16.3281
-0.0002132 16.3477

-0.000213202 16.3477
-0.00021289 16.3672

-0.000212885 16.3672
-0.000212561 16.3867

-0.00021256 16.3867
-0.000212233 16.4062

-0.000212235 16.4062
-0.000211903 16.4258

-0.000211905 16.4258
-0.000211559 16.4453

-0.000211552 16.4453
-0.000210851 16.4844

-0.000210859 16.4844
-0.000210504 16.5039

-0.000210501 16.5039
-0.00021013 16.5234

-0.000210134 16.5234
-0.000209744 16.543

-0.000209743 16.543
-0.000209328 16.5625

-0.000209319 16.5625
-0.000208476 16.6016

-0.000208474 16.6016
-0.000207629 16.6406

-0.000207644 16.6406
-0.000207216 16.6602

-0.000207215 16.6602
-0.000206755 16.6797

-0.000206747 16.6797
-0.000206272 16.6992

-0.000206276 16.6992
-0.000205793 16.7188

-0.000205785 16.7188
-0.000205302 16.7383

-0.000205303 16.7383
-0.000204835 16.7578

-0.00020484 16.7578
-0.000204376 16.7773

-0.000204374 16.7773
-0.000203905 16.7969

-0.000203908 16.7969
-0.000203434 16.8164

-0.000203434 16.8164
-0.000202951 16.8359

-0.000202946 16.8359
-0.000202464 16.8555

-0.000202465 16.8555
-0.000201995 16.875

-0.000201999 16.875
-0.000201532 16.8945

-0.000201532 16.8945
-0.00020106 16.9141

-0.000201054 16.9141
-0.000200125 16.9531

-0.000200132 16.9531
-0.000199674 16.9727

-0.000199671 16.9727
-0.000199212 16.9922

-0.000199218 16.9922
-0.000198751 17.0117

-0.00019875 17.0117
-0.000198263 17.0312

-0.000198238 17.0312
-0.00019733 17.0703

-0.000197348 17.0703
-0.00019651 17.1094

-0.00019651 17.1094
-0.000195703 17.1484

-0.000195706 17.1484
-0.000195314 17.168

-0.000195312 17.168
-0.000194927 17.1875

-0.000194933 17.1875
-0.000194545 17.207

-0.000194545 17.207
-0.000194142 17.2266

-0.000194138 17.2266
-0.00019373 17.2461

-0.000193731 17.2461
-0.000193325 17.2656

-0.000193307 17.2656
-0.000192572 17.3047

-0.000192597 17.3047
-0.000192264 17.3242

-0.000192261 17.3242
-0.000191918 17.3438

-0.000191914 17.3438
-0.000191574 17.3633

-0.000191579 17.3633
-0.000191239 17.3828

-0.000191237 17.3828
-0.000190894 17.4023

-0.000190895 17.4023
-0.000190552 17.4219

-0.00019055 17.4219
-0.000190209 17.4414

-0.000190204 17.4414
-0.000189877 17.4609

-0.000189875 17.4609
-0.000189272 17.5

-0.000189276 17.5
-0.000188998 17.5195

-0.000189006 17.5195
-0.00018873 17.5391

-0.000188724 17.5391
-0.000188446 17.5586

-0.000188445 17.5586
-0.000188177 17.5781

-0.000188154 17.5781
-0.000187739 17.6172

-0.000187777 17.6172
-0.000187456 17.6562

-0.000187455 17.6562
-0.000187153 17.6953

-0.000187154 17.6953
-0.000187012 17.7148

-0.000187017 17.7148
-0.000186872 17.7344

-0.00018687 17.7344
-0.000186559 17.7734

-0.000186556 17.7734
-0.000186392 17.793

-0.000186394 17.793
-0.000186225 17.8125

-0.000186226 17.8125
-0.000186049 17.832

-0.00018605 17.832
-0.00018586 17.8516

-0.000185859 17.8516
-0.000185659 17.8711

-0.000185656 17.8711
-0.000185455 17.8906

-0.000185479 17.8906
-0.000184985 17.9297

-0.000184971 17.9297
-0.000184674 17.9492

-0.000184677 17.9492
-0.000184353 17.9688

-0.000184309 17.9688
-0.000183777 18.0078

-0.000183776 18.0078
-0.000183435 18.0469

-0.00018347 18.0469
-0.000183251 18.0859

-0.000183264 18.0859
-0.000183171 18.1055

-0.00018317 18.1055
-0.000183067 18.125

-0.000183069 18.125
-0.000182951 18.1445

-0.00018295 18.1445
-0.000182812 18.1641

-0.000182813 18.1641
-0.000182654 18.1836

-0.000182654 18.1836
-0.000182473 18.2031

-0.000182472 18.2031
-0.000182269 18.2227

-0.000182268 18.2227
-0.000182045 18.2422

-0.000182004 18.2422
-0.000181684 18.2812

-0.0001817 18.2812
-0.000181549 18.3203

-0.000181554 18.3203
-0.000181532 18.3398

-0.00018153 18.3398
-0.000181555 18.3594

-0.000181561 18.3594
-0.000181684 18.3984

-0.000181692 18.3984
-0.000181784 18.418

-0.000181785 18.418
-0.000181889 18.4375

-0.000181878 18.4375
-0.000182149 18.4766

-0.000182148 18.4766
-0.000182508 18.5156

-0.000182526 18.5156
-0.000182735 18.5352

-0.000182734 18.5352
-0.000182939 18.5547

-0.00018294 18.5547
-0.00018314 18.5742

-0.000183138 18.5742
-0.000183333 18.5938

-0.000183339 18.5938
-0.000183708 18.6328

-0.000183693 18.6328
-0.000184059 18.6719

-0.000184074 18.6719
-0.000184262 18.6914

-0.000184265 18.6914
-0.000184419 18.7109

-0.000184402 18.7109
-0.000184694 18.75

-0.000184698 18.75
-0.000184979 18.7891

-0.000184995 18.7891
-0.000185122 18.8086

-0.00018512 18.8086
-0.000185206 18.8281

-0.000185205 18.8281
-0.000185256 18.8477

-0.000185252 18.8477
-0.000185279 18.8672

-0.000185276 18.8672
-0.000185294 18.8867

-0.000185295 18.8867
-0.00018531 18.9062

-0.000185318 18.9062
-0.000185311 18.9258

-0.000185291 18.9258
-0.000185286 18.9453

-0.000185312 18.9453
-0.000185296 18.9648

-0.000185296 18.9648
-0.000185215 18.9844

-0.000185151 18.9844
-0.00018512 19.0234

-0.000185176 19.0234
-0.000185228 19.043

-0.000185226 19.043
-0.000185235 19.0625

-0.000185211 19.0625
-0.000185251 19.1016

-0.000185211 19.1016
-0.00018538 19.1406

-0.000185429 19.1406
-0.000185578 19.1602

-0.000185574 19.1602
-0.000185699 19.1797

-0.000185702 19.1797
-0.000185806 19.1992

-0.000185809 19.1992
-0.000185881 19.2188

-0.000185881 19.2188
-0.000185914 19.2383

-0.000185916 19.2383
-0.000185908 19.2578

-0.000185895 19.2578
-0.000185866 19.2773

-0.000185875 19.2773
-0.000185833 19.2969

-0.000185793 19.2969
-0.000185805 19.3359

-0.00018582 19.3359
-0.000185883 19.3555

-0.000185894 19.3555
-0.000185963 19.375

-0.000185957 19.375
-0.000186024 19.3945

-0.000186024 19.3945
-0.000186101 19.4141

-0.000186103 19.4141
-0.000186186 19.4336

-0.000186187 19.4336
-0.000186272 19.4531

-0.000186266 19.4531
-0.000186361 19.4727

-0.000186361 19.4727
-0.000186476 19.4922

-0.000186481 19.4922
-0.000186734 19.5312

-0.000186737 19.5312
-0.000187006 19.5703

-0.00018701 19.5703
-0.000187147 19.5898

-0.000187148 19.5898
-0.000187277 19.6094

-0.000187279 19.6094
-0.000187394 19.6289

-0.000187391 19.6289
-0.000187492 19.6484

-0.000187498 19.6484
-0.000187657 19.6875

-0.000187664 19.6875
-0.000187752 19.7266

-0.000187756 19.7266
-0.000187764 19.7461

-0.000187762 19.7461
-0.000187732 19.7656

-0.00018769 19.7656
-0.00018773 19.8047

-0.000187756 19.8047
-0.000187833 19.8242

-0.000187838 19.8242
-0.00018791 19.8438

-0.00018791 19.8438
-0.000187965 19.8633

-0.000187963 19.8633
-0.000188002 19.8828

-0.000188 19.8828
-0.000188031 19.9023

-0.000188034 19.9023
-0.000188054 19.9219

-0.000188058 19.9219
-0.00018805 19.9609

-0.000188023 19.9609
-0.000188003 20

0.273438 0.309822
0.269353 0.3125

0.273438 0.310438
0.292969 0.297573

0.3125 0.284845
0.299884 0.292969

0.292969 0.297892
0.30066 0.292969

0.078125 0.455617
0.0623028 0.46875

0.117188 0.424119
0.11012 0.429688

0.0976562 0.439844
0.0859751 0.449219

0.078125 0.455801
0.0863479 0.449219

0.0976562 0.439986
0.110556 0.429688

0.136719 0.40857
0.134676 0.410156

0.117188 0.424261
0.135081 0.410156

0.136719 0.408775
0.15625 0.393804

0.0195312 0.505381
0.0167878 0.507812

0.0390625 0.488062
0.0388121 0.488281

0.0195312 0.505994
0.0390625 0.488764

0 0.523485
0.0175773 0.507812

0.0585938 0.471823
0.0394717 0.488281

0.0390625 0.488871
0.0397373 0.488281

0.0585938 0.472005
0.0625 0.46875

0.175781 0.379273
0.160584 0.390625

0.195312 0.364779
0.186608 0.371094

0.175781 0.379431
0.187141 0.371094

0.214844 0.350373
0.213159 0.351562

0.214844 0.350812
0.234375 0.337075

0.195312 0.364947
0.213873 0.351562

0.15625 0.393946
0.16076 0.390625

0.253906 0.32355
0.24159 0.332031

0.234375 0.337293
0.242096 0.332031

0.253906 0.323783
0.270607 0.3125

0.332031 0.271531
0.328902 0.273438

0.332031 0.272645
0.351562 0.260619

0.3125 0.285159
0.33105 0.273438

0.371094 0.248128
0.361455 0.253906

0.351562 0.261277
0.363858 0.253906

0.371094 0.248922
0.390625 0.237508

0.410156 0.226116
0.395539 0.234375

0.429688 0.214606
0.429238 0.214844

0.410156 0.226475
0.429688 0.215818

0.46875 0.193525
0.465224 0.195312

0.449219 0.205435
0.431371 0.214844

0.429688 0.216372
0.43261 0.214844

0.449219 0.205693
0.46875 0.195733

0.390625 0.238273
0.397526 0.234375

0.566406 0.150501
0.551831 0.15625

0.566406 0.152358
0.585938 0.145131

0.585938 0.145618
0.605469 0.138792

0.625 0.131099
0.607867 0.136719

0.605469 0.140748
0.617752 0.136719

0.488281 0.18588
0.468894 0.195312

0.507812 0.174767
0.505594 0.175781

0.488281 0.186085
0.507812 0.177125

0.46875 0.196751
0.471715 0.195312

0.507812 0.175118
0.527344 0.166633

0.507812 0.181527
0.521039 0.175781

0.527344 0.168618
0.546875 0.160537

0.546875 0.162522
0.562778 0.15625

0.566406 0.158733
0.573117 0.15625

0.625 0.132223
0.644531 0.126281

0.625 0.138006
0.629231 0.136719

0.644531 0.12644
0.664062 0.120835

0.683594 0.115151
0.675996 0.117188

0.683594 0.115515
0.703125 0.110649

0.664062 0.121003
0.678295 0.117188

0.683594 0.11809
0.687218 0.117188

0.703125 0.110711
0.722656 0.106188

0.722656 0.106185
0.742188 0.102055

0.742188 0.102068
0.761719 0.0983098

0.78125 0.0948236
0.764179 0.0976562

0.761719 0.0987523
0.768324 0.0976562

0.78125 0.0950781
0.800781 0.0923356

0.800781 0.0923173
0.820312 0.0899202

0.820312 0.0899173
0.839844 0.0879082

0.839844 0.087937
0.859375 0.0862642

0.859375 0.0862694
0.878906 0.0848648

0.878906 0.0848552
0.898438 0.0837276

0.898438 0.0837308
0.917969 0.0828931

0.917969 0.0828932
0.9375 0.0823389

0.9375 0.0823312
0.957031 0.0820757

0.957031 0.0820684
0.976562 0.0821416

0.976562 0.0821374
0.996094 0.0825623

0.996094 0.0825586
1.01562 0.0833512

1.01562 0.0833526
1.03516 0.0845178

1.03516 0.0845364
1.05469 0.0860342

1.05469 0.0860726
1.07422 0.0877893

1.07422 0.0878393
1.09375 0.0895978

1.09375 0.0896554
1.11328 0.0912404

1.11328 0.091296
1.13281 0.0924812

1.13281 0.0925259
1.15234 0.0931106

1.15234 0.0931387
1.17188 0.0929776

1.17188 0.0929914
1.19141 0.0920005

1.19141 0.0920039
1.21094 0.0901489

1.21094 0.0901465
1.23047 0.0874254

1.23047 0.0874136
1.25 0.0838548

1.28906 0.0736456
1.27232 0.078125

1.28906 0.0741986
1.30859 0.0682396

1.30859 0.0682031
1.32812 0.0615829

1.25 0.0838742
1.26953 0.0794626

1.26953 0.080642
1.27894 0.078125

1.34766 0.0541088
1.33491 0.0585938

1.32812 0.0620089
1.33783 0.0585938

1.34766 0.0544258
1.36719 0.0478767

1.40625 0.0378461
1.39944 0.0390625

1.36719 0.0477204
1.38672 0.0420404

1.38672 0.0416253
1.40106 0.0390625

1.40625 0.0370531
1.42578 0.0387438

1.42578 0.038593
1.42685 0.0390625

1.42644 0.0390625
1.44531 0.0475965

1.44531 0.0491693
1.45992 0.0585938

1.45938 0.0585938
1.46484 0.0621154

1.46484 0.0626871
1.48438 0.074075

1.48438 0.0749162
1.49158 0.078125

1.49551 0.078125
1.50391 0.0818678

1.50391 0.0826564
1.52344 0.0889147

1.52344 0.0889436
1.54297 0.0927662

1.54297 0.0927026
1.5625 0.0941588

1.5625 0.0941459
1.58203 0.0933886

1.58203 0.0933712
1.60156 0.0904607

1.60156 0.0904149
1.62109 0.0854774

1.62109 0.0853162
1.64062 0.0787655

1.66016 0.071252
1.64128 0.078125

1.66016 0.070922
1.67969 0.0647184

1.67969 0.0641079
1.69922 0.060767

1.69922 0.0603674
1.71875 0.0619094

1.64062 0.0788935
1.64274 0.078125

1.71875 0.0626279
1.73828 0.068415

1.73828 0.0694066
1.75781 0.0760185

1.75781 0.0762919
1.76392 0.078125

1.76648 0.078125
1.77734 0.0813859

1.77734 0.0817604
1.79688 0.087114

1.8134 0.0195312
1.81641 0.0315118

1.81641 0.0152735
1.82483 0.0195312

1.81641 0.0268626
1.8237 0.0195312

1.79688 0.0871599
1.81641 0.0917451

1.81641 0.0916236
1.83594 0.0955915

1.83594 0.0956784
1.84633 0.0976562

1.84819 0.0976562
1.85547 0.0990419

1.85547 0.0992745
1.875 0.102815

1.91406 0.00165019
1.92848 0.0195312

1.93108 0.0195312
1.93359 0.0206876

1.93359 0.0150433
1.95064 0.0195312

1.94234 0.0195312
1.95312 0.0210615

1.875 0.10289
1.89453 0.106048

1.89453 0.106091
1.91406 0.108629

1.91406 0.108671
1.93359 0.110417

1.93359 0.110484
1.95312 0.111221

1.97266 0.013546
1.96051 0.0195312

1.95312 0.0224649
1.9648 0.0195312

1.98704 0
1.97458 0.0195312

1.97266 0.0202843
1.97397 0.0195312

1.95312 0.111374
1.97266 0.11066

1.97266 0.11089
1.99219 0.107958

1.99219 0.108142
2.01172 0.102166

2.03125 0.0920782
2.0194 0.0976562

2.01172 0.102923
2.02291 0.0976562

2.07031 0.0645961
2.05296 0.078125

2.10896 0
2.1058 0.0195312

2.10611 0.0195312
2.09602 0.0390625

2.08984 0.0454425
2.0779 0.0585938

2.07031 0.0663499
2.0791 0.0585938

2.08984 0.0474076
2.09626 0.0390625

2.03125 0.0930235
2.05078 0.0805153

2.05078 0.081238
2.05507 0.078125

