0 2.9928
0.00325453 3.00781

0.00325611 3.00781
0.00735224 3.02734

0.00735217 3.02734
0.0113127 3.04688

0.0113127 3.04688
0.015138 3.06641

0.0151373 3.06641
0.0188289 3.08594

0.018835 3.08594
0.0195312 3.08976

0.0195312 3.0898
0.0223865 3.10547

0.0223873 3.10547
0.025814 3.125

0.0258134 3.125
0.0291105 3.14453

0.0291099 3.14453
0.0322798 3.16406

0.032279 3.16406
0.0353244 3.18359

0.0353237 3.18359
0.0382475 3.20312

0.0382515 3.20312
0.0390625 3.20877

0.0390625 3.20882
0.0410498 3.22266

0.0410514 3.22266
0.0437385 3.24219

0.0437382 3.24219
0.0463091 3.26172

0.0463089 3.26172
0.0487646 3.28125

0.0487646 3.28125
0.0511053 3.30078

0.0511055 3.30078
0.0533307 3.32031

0.0533309 3.32031
0.0554398 3.33984

0.0554398 3.33984
0.0574319 3.35938

0.0574349 3.35938
0.0585938 3.37144

0.0585938 3.37153
0.0593022 3.37891

0.0593077 3.37891
0.0610673 3.39844

0.0610674 3.39844
0.0627101 3.41797

0.0627102 3.41797
0.0642356 3.4375

0.0642355 3.4375
0.0656436 3.45703

0.0656439 3.45703
0.0669342 3.47656

0.0669346 3.47656
0.0681059 3.49609

0.0681061 3.49609
0.0691572 3.51562

0.0691573 3.51562
0.0700876 3.53516

0.0700881 3.53516
0.0708963 3.55469

0.0708969 3.55469
0.071581 3.57422

0.0715815 3.57422
0.072139 3.59375

-4.49017 0
-4.48236 0.0195312

-4.48017 0.0195312
-4.47266 0.0278133

-4.47266 0.0307674
-4.45566 0.0390625

-4.45596 0.0390625
-4.45312 0.0400175

-4.45312 0.0380843
-4.43359 0.0303996

-4.41587 0
-4.42254 0.0195312

-4.43359 0.0346164
-4.41866 0.0195312

-4.45312 0.0395499
-4.45126 0.0390625

-4.41406 0.0221683
-4.4126 0.0195312

0.0721396 3.59375
0.0725685 3.61328

0.0725693 3.61328
0.0728669 3.63281

0.0728678 3.63281
0.0730307 3.65234

0.0730311 3.65234
0.0730565 3.67188

0.0730565 3.67188
0.0729433 3.69141

0.0729436 3.69141
0.0726916 3.71094

0.0726921 3.71094
0.0722995 3.73047

0.0722995 3.73047
0.0717653 3.75

0.0717648 3.75
0.0710901 3.76953

0.0710902 3.76953
0.070276 3.78906

0.0702769 3.78906
0.0693213 3.80859

0.0693213 3.80859
0.0682223 3.82812

0.0682213 3.82812
0.0669806 3.84766

0.0669804 3.84766
0.0656003 3.86719

0.0656014 3.86719
0.0640799 3.88672

0.0640794 3.88672
0.0624153 3.90625

0.0624135 3.90625
0.0606118 3.92578

0.060608 3.92578
0.0586797 3.94531

0.0585938 3.94615
0.0566295 3.96484

0.0566282 3.96484
0.0544493 3.98438

0.0585938 3.94618
0.0586853 3.94531

0.0544479 3.98438
0.0521485 4.00391

0.0521465 4.00391
0.0497335 4.02344

0.0497329 4.02344
0.0472115 4.04297

0.0472105 4.04297
0.0445841 4.0625

0.0390551 4.10156
0.0361889 4.12109

0.0361871 4.12109
0.0332537 4.14062

0.0445806 4.0625
0.0418583 4.08203

0.0390625 4.1015
0.041852 4.08203

0.0332525 4.14062
0.030258 4.16016

0.0302541 4.16016
0.0272087 4.17969

0.0272058 4.17969
0.0241232 4.19922

0.024121 4.19922
0.0210115 4.21875

0.0195312 4.22805
0.0178981 4.23828

0.0178877 4.23828
0.0147758 4.25781

0.0195312 4.2279
0.0209913 4.21875

0.0147727 4.25781
0.0116706 4.27734

0.0116679 4.27734
0.00858748 4.29688

0.00858506 4.29688
0.00553665 4.31641

0.00553292 4.31641
0.00252882 4.33594

0 4.35266
0.00251991 4.33594

-2.129 0
-2.12891 0.00027458

-2.12891 0.00183306
-2.10938 0.00182274

-2.03384 0
-2.03125 0.00566252

-2.02834 0
-2.01172 0.0047445

-2.01172 0.00742002
-2.00709 0

-1.66432 0
-1.66016 0.00871542

-1.66016 0.00462754
-1.64062 0.00395481

-1.64062 0.00830202
-1.63681 0

-1.54334 0
-1.54297 0.00112189

-1.53579 0
-1.52344 0.0124105

-1.52344 0.012381
-1.5109 0

-1.50391 0.00119687
-1.5035 0

-1.38135 0
-1.37758 0.0195312

-1.37911 0.0195312
-1.36719 0.0378513

-1.36719 0.0329074
-1.36171 0.0390625

-1.36627 0.0390625
-1.34766 0.0524692

-1.34766 0.0509497
-1.32812 0.0555736

-1.32812 0.0554873
-1.30859 0.0521827

-1.30859 0.053249
-1.28906 0.0400561

-1.27188 0
-1.27559 0.0195312

-1.27434 0.0195312
-1.28797 0.0390625

-1.28906 0.0397123
-1.2884 0.0390625

-0.901237 0
-0.898438 0.00397477

-0.898438 0.00349668
-0.892719 0

-0.878906 0.00129091
-0.878451 0

-0.234375 1.2438
-0.238373 1.25

-0.15625 1.15954
-0.169747 1.17188

-0.195312 1.19591
-0.209382 1.21094

-0.214844 1.21717
-0.225466 1.23047

-0.234375 1.24389
-0.225423 1.23047

-0.214844 1.21726
-0.209531 1.21094

-0.175781 1.17747
-0.190464 1.19141

-0.195312 1.19614
-0.190538 1.19141

-0.175781 1.17763
-0.169564 1.17188

-0.078125 1.08163
-0.0888467 1.09375

0 0.970868
-0.00310847 0.976562

-0.0195312 1.00337
-0.0274632 1.01562

-0.00328187 0.976562
-0.014816 0.996094

-0.0195312 1.00305
-0.0150509 0.996094

-0.0390625 1.03253
-0.0408697 1.03516

-0.0409559 1.03516
-0.0555185 1.05469

-0.0585938 1.0585
-0.071439 1.07422

-0.078125 1.08185
-0.0715408 1.07422

-0.0585938 1.05854
-0.0555623 1.05469

-0.0390625 1.03217
-0.0276196 1.01562

-0.117188 1.12287
-0.127468 1.13281

-0.136719 1.14151
-0.148513 1.15234

-0.15625 1.15962
-0.148306 1.15234

-0.136719 1.14175
-0.127217 1.13281

-0.0976562 1.10293
-0.107624 1.11328

-0.117188 1.12308
-0.107415 1.11328

-0.0976562 1.10322
-0.0888321 1.09375

3.83136 0
3.83316 0.0195312

3.83306 0.0195312
3.83868 0.0390625

3.83845 0.0390625
3.84766 0.0568581

3.84766 0.0568366
3.84857 0.0585938

3.84791 0.0585938
3.86426 0.078125

3.86441 0.078125
3.86719 0.0808054

3.86719 0.0809
3.88672 0.0960238

3.88672 0.0958557
3.89048 0.0976562

3.89155 0.0976562
3.90625 0.104696

3.90625 0.104583
3.92578 0.109742

3.92578 0.109655
3.94531 0.111245

3.94531 0.111266
3.96484 0.109418

3.96484 0.109493
3.98438 0.104017

4.05711 0
4.05531 0.0195312

-0.3125 1.43673
-0.315337 1.44531

-0.315352 1.44531
-0.321287 1.46484

-0.321276 1.46484
-0.326681 1.48438

-0.332031 1.50581
-0.336115 1.52344

-0.32666 1.48438
-0.331598 1.50391

-0.332031 1.50578
-0.331597 1.50391

-0.336112 1.52344
-0.340248 1.54297

-0.34025 1.54297
-0.344003 1.5625

-0.351562 1.61094
-0.352906 1.62109

-0.352908 1.62109
-0.355116 1.64062

-0.344005 1.5625
-0.347366 1.58203

-0.347365 1.58203
-0.35033 1.60156

-0.351562 1.61092
-0.350325 1.60156

-0.355118 1.64062
-0.356947 1.66016

-0.356952 1.66016
-0.358388 1.67969

-0.358394 1.67969
-0.359415 1.69922

-0.359418 1.69922
-0.360004 1.71875

-0.360003 1.71875
-0.360152 1.73828

-0.360147 1.73828
-0.359872 1.75781

-0.359866 1.75781
-0.359188 1.77734

-0.359184 1.77734
-0.358121 1.79688

-0.358118 1.79688
-0.356686 1.81641

-0.356683 1.81641
-0.354893 1.83594

-0.354888 1.83594
-0.352755 1.85547

-0.35271 1.85547
-0.351562 1.86457

-0.351562 1.86521
-0.350328 1.875

-0.253906 1.28101
-0.257597 1.28906

-0.23833 1.25
-0.248988 1.26953

-0.253906 1.28052
-0.248869 1.26953

-0.257588 1.28906
-0.265535 1.30859

-0.265423 1.30859
-0.272864 1.32812

-0.273438 1.32982
-0.280087 1.34766

-0.280062 1.34766
-0.287359 1.36719

-0.292969 1.38201
-0.29473 1.38672

-0.294716 1.38672
-0.301898 1.40625

-0.292969 1.38215
-0.287377 1.36719

-0.273438 1.32984
-0.272798 1.32812

-0.301952 1.40625
-0.308852 1.42578

-0.3125 1.43673
-0.30888 1.42578

-0.350289 1.875
-0.347502 1.89453

-0.347504 1.89453
-0.344389 1.91406

-0.344391 1.91406
-0.340943 1.93359

-0.340944 1.93359
-0.337156 1.95312

-0.337151 1.95312
-0.333031 1.97266

-0.33299 1.97266
-0.332031 1.97688

-0.332031 1.97708
-0.328605 1.99219

-0.328596 1.99219
-0.323871 2.01172

-0.323869 2.01172
-0.318848 2.03125

-0.318842 2.03125
-0.313544 2.05078

-0.313505 2.05078
-0.3125 2.05431

-0.3125 2.05446
-0.307992 2.07031

-0.30799 2.07031
-0.302179 2.08984

-0.302167 2.08984
-0.296114 2.10938

4.0554 0.0195312
4.04983 0.0390625

4.04297 0.0528815
4.04004 0.0585938

4.04054 0.0585938
4.02459 0.078125

4.04297 0.0529141
4.05008 0.0390625

4.00391 0.0942505
3.99705 0.0976562

3.98438 0.104385
3.99791 0.0976562

4.00391 0.0952448
4.02344 0.0794306

4.02344 0.0793833
4.02469 0.078125

-0.296035 2.10938
-0.292969 2.11896

-0.292969 2.11938
-0.289922 2.12891

-0.28986 2.12891
-0.28343 2.14844

-0.283427 2.14844
-0.276812 2.16797

-0.276736 2.16797
-0.273438 2.17748

-0.273438 2.17786
-0.270093 2.1875

-0.27003 2.1875
-0.2631 2.20703

-0.263093 2.20703
-0.256017 2.22656

-0.255953 2.22656
-0.253906 2.23213

-0.253906 2.23232
-0.248839 2.24609

-0.248828 2.24609
-0.241539 2.26562

-0.241521 2.26562
-0.234375 2.28453

-0.23415 2.28516
-0.226683 2.30469

-0.22667 2.30469
-0.219128 2.32422

-0.219058 2.32422
-0.214844 2.33509

-0.214844 2.33545
-0.211624 2.34375

-0.21155 2.34375
-0.203951 2.36328

-0.203947 2.36328
-0.196322 2.38281

-0.196293 2.38281
-0.195312 2.38532

-0.195312 2.3854
-0.188688 2.40234

-0.188681 2.40234
-0.181051 2.42188

-0.180993 2.42188
-0.175781 2.43527

-0.175781 2.43567
-0.173549 2.44141

-0.173448 2.44141
-0.165894 2.46094

-0.165891 2.46094
-0.158375 2.48047

-0.158327 2.48047
-0.15625 2.48591

-0.15625 2.48605
-0.150926 2.5

-0.150916 2.5
-0.143533 2.51953

-0.143514 2.51953
-0.136719 2.5377

-0.136719 2.53816
-0.136383 2.53906

-0.136226 2.53906
-0.129007 2.55859

-0.129002 2.55859
-0.121869 2.57812

-0.12183 2.57812
-0.117188 2.59103

-0.117188 2.59132
-0.114906 2.59766

-0.114842 2.59766
-0.107918 2.61719

-0.107914 2.61719
-0.101092 2.63672

-0.101055 2.63672
-0.0976562 2.64662

-0.0976562 2.64682
-0.0944176 2.65625

-0.0943839 2.65625
-0.0877964 2.67578

-0.0877938 2.67578
-0.081327 2.69531

-0.0812951 2.69531
-0.078125 2.70508

-0.078125 2.70527
-0.0750184 2.71484

-0.0749876 2.71484
-0.0687834 2.73438

-0.0687822 2.73438
-0.0627137 2.75391

-0.0626906 2.75391
-0.0585938 2.76741

-0.0585938 2.76764
-0.0568346 2.77344

-0.056787 2.77344
-0.0510025 2.79297

0 5.16223
0.00125788 5.17578

0.00126325 5.17578
0.00299334 5.19531

0.00299578 5.19531
0.00463351 5.21484

0.00463582 5.21484
0.0061717 5.23438

0.00617385 5.23438
0.00759894 5.25391

0.00760079 5.25391
0.00890712 5.27344

0.00890866 5.27344
0.0100895 5.29297

0.0100909 5.29297
0.0111402 5.3125

0.0111413 5.3125
0.0120543 5.33203

0.0120552 5.33203
0.0128282 5.35156

0.0128288 5.35156
0.0134586 5.37109

0.0134591 5.37109
0.0139434 5.39062

0.0139437 5.39062
0.0142811 5.41016

0.0142813 5.41016
0.014471 5.42969

0.014471 5.42969
0.0145129 5.44922

0.0145126 5.44922
0.0144076 5.46875

0.0144071 5.46875
0.0141567 5.48828

0.0141559 5.48828
0.0137628 5.50781

0.0137616 5.50781
0.0132296 5.52734

0.0132282 5.52734
0.0125624 5.54688

0.0125608 5.54688
0.011767 5.56641

0.011765 5.56641
0.0108504 5.58594

0.010848 5.58594
0.00982159 5.60547

-0.0510005 2.79297
-0.045359 2.8125

-0.0453607 2.8125
-0.039863 2.83203

-0.0398517 2.83203
-0.0390625 2.83491

-0.0390625 2.83495
-0.0345089 2.85156

-0.0345084 2.85156
-0.0292962 2.87109

-0.0292958 2.87109
-0.0242241 2.89062

-0.0242208 2.89062
-0.0195312 2.90921

-0.0195312 2.90944
-0.0193516 2.91016

-0.0192959 2.91016
-0.0145081 2.92969

-0.0145079 2.92969
-0.00985877 2.94922

-0.00985862 2.94922
-0.00534867 2.96875

-0.00534941 2.96875
-0.000977492 2.98828

-0.000968129 2.98828
0 2.99275

0.00981914 5.60547
0.0086907 5.625

0.00868751 5.625
0.00746828 5.64453

0.00746449 5.64453
0.00616843 5.66406

0.00616477 5.66406
0.0048068 5.68359

0.00480251 5.68359
0.00339852 5.70312

0.00339346 5.70312
0.00196212 5.72266

0.00195743 5.72266
0.000518239 5.74219

0 5.74917
0.000510806 5.74219

0 6.28208
0.000361268 6.28906

0.000371973 6.28906
0.00131719 6.30859

0.00132079 6.30859
0.00218653 6.32812

0 4.35287
-0.000391204 4.35547

-0.000420064 4.35547
-0.00329204 4.375

-0.00329426 4.375
-0.00608831 4.39453

-0.00609086 4.39453
-0.00879742 4.41406

-0.00880013 4.41406
-0.0114087 4.43359

-0.0114113 4.43359
-0.0139113 4.45312

-0.0139141 4.45312
-0.0162946 4.47266

-0.0162972 4.47266
-0.0185476 4.49219

-0.0195312 4.50131
-0.0206574 4.51172

-0.020664 4.51172
-0.0226324 4.53125

-0.0195312 4.50123
-0.0185532 4.49219

-0.0226342 4.53125
-0.0244496 4.55078

-0.0244513 4.55078
-0.0261067 4.57031

-0.0261086 4.57031
-0.0275968 4.58984

-0.0275984 4.58984
-0.0289124 4.60938

-0.0289139 4.60938
-0.0300471 4.62891

-0.0300486 4.62891
-0.030995 4.64844

-0.0309965 4.64844
-0.0317502 4.66797

0.00218977 6.32812
0.00296235 6.34766

0.00296513 6.34766
0.00363248 6.36719

0.00363471 6.36719
0.00418684 6.38672

0.00418852 6.38672
0.00461763 6.40625

0.00461871 6.40625
0.00491927 6.42578

0.00491971 6.42578
0.00508866 6.44531

0.00508855 6.44531
0.00512525 6.46484

0.00512448 6.46484
0.00503066 6.48438

0.0050292 6.48438
0.00480934 6.50391

0.00480739 6.50391
0.00446833 6.52344

0.00446567 6.52344
0.00401664 6.54297

0.00401337 6.54297
0.00346622 6.5625

0.00346267 6.5625
0.00283106 6.58203

0.00282683 6.58203
0.00212633 6.60156

0.00212177 6.60156
0.00136999 6.62109

0.00136562 6.62109
0.000580439 6.64062

0 6.65466
0.00057463 6.64062

-0.0317511 4.66797
-0.0323075 4.6875

-0.0323078 4.6875
-0.0326645 4.70703

-0.0326648 4.70703
-0.0328204 4.72656

-0.0328205 4.72656
-0.0327746 4.74609

-0.0327738 4.74609
-0.0325277 4.76562

-0.0325266 4.76562
-0.0320841 4.78516

-0.0320832 4.78516
-0.031448 4.80469

-0.0314468 4.80469
-0.0306232 4.82422

-0.0306208 4.82422
-0.0296164 4.84375

-0.0296136 4.84375
-0.0284388 4.86328

-0.0284363 4.86328
-0.0271015 4.88281

-0.0270979 4.88281
-0.0256152 4.90234

-0.0256101 4.90234
-0.0239967 4.92188

-0.0239924 4.92188
-0.0222669 4.94141

-0.0222629 4.94141
-0.0204419 4.96094

-0.0204275 4.96094
-0.0195312 4.97018

-0.0195312 4.97032
-0.0185471 4.98047

-0.0185398 4.98047
-0.0165872 5

0 7.09893
0.000271223 7.10938

0.000277839 7.10938
0.000723733 7.12891

0.000726318 7.12891
0.0010994 7.14844

0.00110138 7.14844
0.00139253 7.16797

0.00139386 7.16797
0.00159645 7.1875

0.00159706 7.1875
0.00170724 7.20703

0.00170708 7.20703
0.00172393 7.22656

0.00172308 7.22656
0.00164862 7.24609

0.00164698 7.24609
0.00148623 7.26562

0.00148383 7.26562
0.00124487 7.28516

0.00124204 7.28516
0.000935312 7.30469

0.000931812 7.30469
0.000569981 7.32422

0.00056606 7.32422
0.000163966 7.34375

0 7.35111
0.000160981 7.34375

0 7.77385
0.000181739 7.79297

0.000183138 7.79297
0.000312723 7.8125

0.000313459 7.8125
0.000382814 7.83203

0.000382819 7.83203
0.000390462 7.85156

-0.0165833 5
-0.0145816 5.01953

-0.0145775 5.01953
-0.0125427 5.03906

-0.0125384 5.03906
-0.0104876 5.05859

-0.0104833 5.05859
-0.0084337 5.07812

-0.00842964 5.07812
-0.00639799 5.09766

-0.00639406 5.09766
-0.0043963 5.11719

-0.0043927 5.11719
-0.00244388 5.13672

-0.00244074 5.13672
-0.000554366 5.15625

-0.000545007 5.15625
0 5.16212

0.00038985 7.85156
0.000336998 7.87109

0.00033566 7.87109
0.000226211 7.89062

0.000224072 7.89062
6.49779e-05 7.91016

0 7.91653
6.52e-05 7.91016

0 5.74923
-0.000913283 5.76172

-0.000918233 5.76172
-0.00232086 5.78125

-0.00232507 5.78125
-0.00368664 5.80078

-0.003691 5.80078
-0.00499438 5.82031

-0.00499874 5.82031
-0.00622649 5.83984

-0.00623074 5.83984
-0.00736566 5.85938

-0.00736969 5.85938
-0.00839521 5.87891

-0.00839882 5.87891
-0.00929967 5.89844

-0.00930281 5.89844
-0.0100655 5.91797

-0.010068 5.91797
-0.0106811 5.9375

-0.010683 5.9375
-0.0111379 5.95703

-0.011139 5.95703
-0.0114299 5.97656

-0.0114302 5.97656
-0.011554 5.99609

-0.0115536 5.99609
-0.0115105 6.01562

-0.0115094 6.01562
-0.0113025 6.03516

-0.0113006 6.03516
-0.0109362 6.05469

-0.0109335 6.05469
-0.0104209 6.07422

-0.0104176 6.07422
-0.00976898 6.09375

-0.0097651 6.09375
-0.00899475 6.11328

-0.00899036 6.11328
-0.00811484 6.13281

-0.0081101 6.13281
-0.0071477 6.15234

-0.00714272 6.15234
-0.00611292 6.17188

-0.00610771 6.17188
-0.00503088 6.19141

-0.00502563 6.19141
-0.00392267 6.21094

-0.00391762 6.21094
-0.00280914 6.23047

-0.00280419 6.23047
-0.00171019 6.25

-0.00170549 6.25
-0.000645276 6.26953

-0.000637792 6.26953
0 6.28187

0 6.65472
-0.000222623 6.66016

-0.000227684 6.66016
-0.00102403 6.67969

-0.00102831 6.67969
-0.00180603 6.69922

-0.00181038 6.69922
-0.0025522 6.71875

-0.00255643 6.71875
-0.00324521 6.73828

-0.00324916 6.73828
-0.00386854 6.75781

-0.00387207 6.75781
-0.00440709 6.77734

-0.00441004 6.77734
-0.00484775 6.79688

-0.00484998 6.79688
-0.00518005 6.81641

-0.00518146 6.81641
-0.0053966 6.83594

-0.00539713 6.83594
-0.00549347 6.85547

-0.00549311 6.85547
-0.00547028 6.875

-0.00546905 6.875
-0.00533022 6.89453

-0.0053281 6.89453
-0.00507998 6.91406

-0.00507707 6.91406
-0.0047297 6.93359

-0.00472616 6.93359
-0.00429245 6.95312

-0.00428834 6.95312
-0.00378358 6.97266

-0.00377911 6.97266
-0.00322049 6.99219

-0.00321589 6.99219
-0.00262154 7.01172

-0.00261682 7.01172
-0.00200535 7.03125

-0.00200079 7.03125
-0.00139074 7.05078

-0.00138657 7.05078
-0.000795397 7.07031

-0.000791435 7.07031
-0.000235408 7.08984

-0.000228455 7.08984
0 7.09864

0 7.35106
-0.000267257 7.36328

-0.000270354 7.36328
-0.00070763 7.38281

-0.000711475 7.38281
-0.00114421 7.40234

6.41629 0
6.41812 0.0195312

6.418 0.0195312
6.42372 0.0390625

6.42346 0.0390625
6.42578 0.0435539

6.42578 0.043468
6.43387 0.0585938

6.43363 0.0585938
6.44531 0.072885

6.44531 0.0728825
6.45056 0.078125

6.4505 0.078125
6.46484 0.0897583

6.46484 0.0896976
6.48044 0.0976562

6.4822 0.0976562
6.48438 0.0987289

6.48438 0.0991242
6.50391 0.104124

6.50391 0.104071
6.52344 0.105007

6.52344 0.105045
6.54297 0.101946

6.5625 0.0947569
6.55491 0.0976562

6.54297 0.101972
6.55427 0.0976562

6.60156 0.0603965
6.58602 0.078125

6.6197 0
6.61789 0.0195312

6.61799 0.0195312
6.61233 0.0390625

6.61261 0.0390625
6.6023 0.0585938

6.60156 0.0597329
6.60235 0.0585938

6.5625 0.0953231
6.58203 0.0818213

6.58203 0.081197
6.58542 0.078125

-0.00114798 7.40234
-0.00156095 7.42188

-0.00156449 7.42188
-0.00194307 7.44141

-0.00194621 7.44141
-0.00227706 7.46094

-0.00227966 7.46094
-0.00255132 7.48047

-0.00255324 7.48047
-0.00275669 7.5

-0.00275784 7.5
-0.00288694 7.51953

-0.00288729 7.51953
-0.00293905 7.53906

-0.00293859 7.53906
-0.00291323 7.55859

-0.00291198 7.55859
-0.00281291 7.57812

-0.00281096 7.57812
-0.00264456 7.59766

-0.00264201 7.59766
-0.00241729 7.61719

-0.00241426 7.61719
-0.00214236 7.63672

-0.00213905 7.63672
-0.00183263 7.65625

-0.00182915 7.65625
-0.00150179 7.67578

-0.00149828 7.67578
-0.00116399 7.69531

-0.00116067 7.69531
-0.000833109 7.71484

-0.000829966 7.71484
-0.000522047 7.73438

-0.000519225 7.73438
-0.000242882 7.75391

-0.000240825 7.75391
-5.81428e-06 7.77344

0 7.91616
-0.000138302 7.92969

-0.00013975 7.92969
-0.000369864 7.94922

-0.000372929 7.94922
-0.000622033 7.96875

-0.000625293 7.96875
-0.000880735 7.98828

-0.000884036 7.98828
-0.00113269 8.00781

-0.00113586 8.00781
-0.00136479 8.02734

-0.00136765 8.02734
-0.00156479 8.04688

-0.00156716 8.04688
-0.00172206 8.06641

-0.00172377 8.06641
-0.0018283 8.08594

-0.00182922 8.08594
-0.00187813 8.10547

-0.00187819 8.10547
-0.00186954 8.125

-0.00186871 8.125
-0.001804 8.14453

-0.00180234 8.14453
-0.00168655 8.16406

-0.00168417 8.16406
-0.00152539 8.18359

-0.00152247 8.18359
-0.00133127 8.20312

-0.00132802 8.20312
-0.00111677 8.22266

-0.00111341 8.22266
-0.000895311 8.24219

-0.000892058 8.24219
-0.000680337 8.26172

-0.000677389 8.26172
-0.000484446 8.28125

-0.000481967 8.28125
-0.000318652 8.30078

-0.000316771 8.30078
-0.000191804 8.32031

-0.000190612 8.32031
-0.000110142 8.33984

-0.000109678 8.33984
-7.70171e-05 8.35938

-7.72958e-05 8.35938
-9.28133e-05 8.37891

-9.38253e-05 8.37891
-0.00015494 8.39844

-0.000156627 8.39844
-0.000257941 8.41797

-0.000260209 8.41797
-0.000393814 8.4375

-0.000396532 8.4375
-0.000552459 8.45703

-0.000555459 8.45703
-0.000722269 8.47656

-0.000725356 8.47656
-0.000890875 8.49609

8.50909 0
8.51128 0.0195312

8.51117 0.0195312
8.51562 0.0324353

8.51562 0.0322868
8.51796 0.0390625

8.5174 0.0390625
8.52993 0.0585938

8.5295 0.0585938
8.53516 0.0650225

8.53516 0.0645913
8.55072 0.078125

8.57639 0
8.591 0.0195312

8.55102 0.078125
8.55469 0.0806263

8.55469 0.0806832
8.57422 0.0902107

8.57422 0.0897294
8.59375 0.0943157

8.59375 0.0171729
8.59995 0.0195312

8.63281 0.0111833
8.62325 0.0195312

8.63281 0.0141464
8.6401 0

8.67188 0.0718994
8.66316 0.078125

8.59375 0.0942122
8.61328 0.0950269

8.61328 0.0951986
8.63281 0.0921054

8.63281 0.0922633
8.65234 0.084603

8.65234 0.0845334
8.66206 0.078125

8.70445 0
8.70238 0.0195312

8.70258 0.0195312
8.69597 0.0390625

8.69141 0.0470335
8.6841 0.0585938

8.67188 0.0715546
8.68418 0.0585938

8.69141 0.0469016
8.69609 0.0390625

-0.000893825 8.49609
-0.00104598 8.51562

-0.00104856 8.51562
-0.00117628 8.53516

-0.00117828 8.53516
-0.0012724 8.55469

-0.00127364 8.55469
-0.00132766 8.57422

-0.00132804 8.57422
-0.00133871 8.59375

-0.0013382 8.59375
-0.00130579 8.61328

-0.00130442 8.61328
-0.00123272 8.63281

-0.00123063 8.63281
-0.00112655 8.65234

-0.00112395 8.65234
-0.000996858 8.67188

-0.000993993 8.67188
-0.00085482 8.69141

-0.000851943 8.69141
-0.000712172 8.71094

-0.000709523 8.71094
-0.000580207 8.73047

-0.000577992 8.73047
-0.000468859 8.75

-0.000467238 8.75
-0.000385956 8.76953

-0.000385032 8.76953
-0.00033669 8.78906

-0.000336506 8.78906
-0.00032332 8.80859

-0.000323872 8.80859
-0.000345106 8.82812

-0.000346339 8.82812
-0.000398422 8.84766

-0.000400221 8.84766
-0.000477091 8.86719

-0.000479298 8.86719
-0.000572943 8.88672

-0.000575359 8.88672
-0.000676537 8.90625

-0.000678946 8.90625
-0.000778007 8.92578

-0.000780185 8.92578
-0.000867956 8.94531

-0.000869701 8.94531
-0.000938335 8.96484

-0.000939485 8.96484
-0.000983193 8.98438

-0.000983655 8.98438
-0.000999213 9.00391

-0.000998961 9.00391
-0.000985948 9.02344

-0.000985031 9.02344
-0.000945784 9.04297

-0.000944318 9.04297
-0.000883605 9.0625

-0.00088176 9.0625
-0.0008062 9.08203

-0.000804172 9.08203
-0.000721514 9.10156

-0.000719502 9.10156
-0.000637824 9.12109

-0.000636016 9.12109
-0.00056296 9.14062

-0.000561516 9.14062
-0.000503586 9.16016

-0.000502629 9.16016
-0.000464628 9.17969

-0.000464234 9.17969
-0.000448862 9.19922

-0.000449062 9.19922
-0.000456709 9.21875

-0.000457486 9.21875
-0.000486198 9.23828

-0.000487476 9.23828
-0.000533143 9.25781

-0.000534795 9.25781
-0.000591559 9.27734

-0.00059341 9.27734
-0.000654268 9.29688

-0.000656111 9.29688
-0.000713678 9.31641

-0.000715294 9.31641
-0.000762652 9.33594

-0.000763837 9.33594
-0.000795386 9.35547

-0.000795987 9.35547
-0.000808156 9.375

-0.000808096 9.375
-0.000799802 9.39453

-0.000799091 9.39453
-0.000771874 9.41406

-0.000770621 9.41406
-0.000728408 9.43359

-0.000726796 9.43359
-0.000675319 9.45312

-0.000673575 9.45312
-0.000619549 9.47266

-0.000617909 9.47266
-0.000568104 9.49219

-0.000566782 9.49219
-0.000527125 9.51172

-0.000526282 9.51172
-0.000501107 9.53125

-0.000500837 9.53125
-0.000492367 9.55078

-0.000492692 9.55078
-0.000500815 9.57031

-0.000501678 9.57031
-0.00052402 9.58984

-0.000525289 9.58984
-0.000557585 9.60938

-0.000559072 9.60938
-0.000595808 9.62891

-0.000597291 9.62891
-0.000632526 9.64844

-0.000633781 9.64844
-0.000662038 9.66797

-0.000662875 9.66797
-0.000679969 9.6875

-0.000680269 9.6875
-0.000683923 9.70703

-0.000683656 9.70703
-0.000673804 9.72656

-0.000673035 9.72656
-0.000651751 9.74609

-0.000650631 9.74609
-0.000621693 9.76562

-0.000620427 9.76562
-0.000588609 9.78516

-0.000587413 9.78516
-0.000557638 9.80469

-0.000556706 9.80469
-0.00053323 9.82422

-0.000532698 9.82422
-0.000518449 9.84375

-0.000518381 9.84375
-0.000514562 9.86328

-0.000514942 9.86328
-0.000520928 9.88281

-0.000521667 9.88281
-0.000535221 9.90234

-0.000536169 9.90234
-0.000553919 9.92188

-0.000554898 9.92188
-0.000572991 9.94141

-0.000573822 9.94141
-0.000588638 9.96094

-0.000589181 9.96094
-0.000597971 9.98047

-0.000598146 9.98047
-0.000599476 10

-0.000599274 10
-0.0005932 10.0195

-0.000592689 10.0195
-0.000580635 10.0391

-0.000579936 10.0391
-0.000564322 10.0586

-0.000563584 10.0586
-0.000547287 10.0781

-0.000546653 10.0781
-0.000532416 10.0977

-0.000532001 10.0977
-0.000521922 10.1172

-0.000521792 10.1172
-0.000516962 10.1367

-0.000517122 10.1367
-0.00051748 10.1562

-0.000517874 10.1562
-0.000522312 10.1758

-0.000522836 10.1758
-0.000529515 10.1953

-0.000530047 10.1953
-0.000536855 10.2148

-0.000537281 10.2148
-0.000542303 10.2344

-0.00054254 10.2344
-0.000544452 10.2539

-0.000544461 10.2539
-0.000542773 10.2734

-0.000542571 10.2734
-0.000537668 10.293

-0.000537329 10.293
-0.000530292 10.3125

-0.000529916 10.3125
-0.000522174 10.332

-0.000521854 10.332
-0.000514801 10.3516

-0.000514599 10.3516
-0.000509278 10.3711

-0.000509228 10.3711
-0.000506139 10.3906

-0.000506239 10.3906
-0.000505283 10.4102

-0.000505489 10.4102
-0.000506054 10.4297

-0.000506298 10.4297
-0.000507486 10.4492

-0.0005077 10.4492
-0.000508597 10.4688

-0.000508731 10.4688
-0.000508641 10.4883

-0.000508672 10.4883
-0.000507263 10.5078

-0.0005072 10.5078
-0.000504535 10.5273

-0.00050441 10.5273
-0.000500866 10.5469

-0.000500724 10.5469
-0.000496835 10.5664

-0.000496719 10.5664
-0.000493 10.5859

-0.000492932 10.5859
-0.000489748 10.6055

-0.00048973 10.6055
-0.000487255 10.625

-0.000487284 10.625
-0.000485497 10.6445

-0.000485573 10.6445
-0.000484264 10.6641

-0.000484343 10.6641
-0.000483201 10.6836

-0.000483254 10.6836
-0.000482014 10.7031

-0.000482017 10.7031
-0.000480568 10.7227

-0.000480555 10.7227
-0.000478918 10.7422

-0.000478855 10.7422
-0.000475506 10.7812

-0.000475518 10.7812
-0.000472115 10.8203

-0.000472088 10.8203
-0.000468658 10.8594

-0.000468673 10.8594
-0.000465239 10.8984

-0.000465238 10.8984
-0.000463508 10.918

-0.000463504 10.918
-0.000461772 10.9375

-0.000461776 10.9375
-0.000460044 10.957

-0.000460045 10.957
-0.000458306 10.9766

-0.000458289 10.9766
-0.000454859 11.0156

-0.000454866 11.0156
-0.000451499 11.0547

-0.000451453 11.0547
-0.000448227 11.0938

-0.000448265 11.0938
-0.000446729 11.1133

-0.000446726 11.1133
-0.0004452 11.1328

-0.000445211 11.1328
-0.000443678 11.1523

-0.000443666 11.1523
-0.000442125 11.1719

-0.000442137 11.1719
-0.000439033 11.2109

-0.000439063 11.2109
-0.000435862 11.25

-0.000435854 11.25
-0.000434194 11.2695

-0.000434194 11.2695
-0.000432489 11.2891

-0.00043248 11.2891
-0.000430749 11.3086

-0.000430756 11.3086
-0.000429004 11.3281

-0.000428976 11.3281
-0.000425516 11.3672

-0.000425515 11.3672
-0.000423819 11.3867

-0.000423812 11.3867
-0.000422169 11.4062

-0.000422184 11.4062
-0.000420579 11.4258

-0.000420573 11.4258
-0.000418989 11.4453

-0.000418991 11.4453
-0.000417437 11.4648

-0.000417441 11.4648
-0.000415904 11.4844

-0.000415885 11.4844
-0.000412909 11.5234

-0.000412918 11.5234
-0.000410066 11.5625

-0.000410085 11.5625
-0.000408694 11.582

-0.000408691 11.582
-0.000407301 11.6016

-0.000407305 11.6016
-0.000405913 11.6211

-0.000405908 11.6211
-0.000404516 11.6406

-0.000404514 11.6406
-0.000401762 11.6797

-0.000401772 11.6797
-0.000400409 11.6992

-0.000400411 11.6992
-0.000399037 11.7188

-0.000399027 11.7188
-0.000396292 11.7578

-0.000396293 11.7578
-0.000393579 11.7969

-0.000393558 11.7969
-0.000390905 11.8359

-0.000390928 11.8359
-0.000389633 11.8555

-0.000389626 11.8555
-0.000388331 11.875

-0.000388333 11.875
-0.000387047 11.8945

-0.000387047 11.8945
-0.000385768 11.9141

-0.000385764 11.9141
-0.000384503 11.9336

-0.000384504 11.9336
-0.000383267 11.9531

-0.000383273 11.9531
-0.000382049 11.9727

-0.000382048 11.9727
-0.000380826 11.9922

-0.000380824 11.9922
-0.000378399 12.0312

-0.000378395 12.0312
-0.000377195 12.0508

-0.000377197 12.0508
-0.000376012 12.0703

-0.000376009 12.0703
-0.000374843 12.0898

-0.00037485 12.0898
-0.000373694 12.1094

-0.000373695 12.1094
-0.000372531 12.1289

-0.000372525 12.1289
-0.00037136 12.1484

-0.000371359 12.1484
-0.000369057 12.1875

-0.000369066 12.1875
-0.000367926 12.207

-0.000367925 12.207
-0.00036678 12.2266

-0.000366778 12.2266
-0.000365634 12.2461

-0.000365634 12.2461
-0.000364495 12.2656

-0.000364493 12.2656
-0.000363362 12.2852

-0.000363362 12.2852
-0.000362244 12.3047

-0.000362246 12.3047
-0.000360026 12.3438

-0.000360011 12.3438
-0.000357838 12.3828

-0.000357846 12.3828
-0.000356787 12.4023

-0.000356782 12.4023
-0.000355745 12.4219

-0.000355758 12.4219
-0.000354724 12.4414

-0.000354705 12.4414
-0.000353686 12.4609

-0.000353695 12.4609
-0.000351728 12.5

-0.000351754 12.5
-0.000350791 12.5195

-0.000350785 12.5195
-0.000349805 12.5391

-0.000349807 12.5391
-0.000348817 12.5586

-0.000348816 12.5586
-0.000347814 12.5781

-0.000347783 12.5781
-0.000345884 12.6172

-0.000345931 12.6172
-0.000345027 12.6367

-0.000345024 12.6367
-0.000344079 12.6562

-0.000344072 12.6562
-0.000343103 12.6758

-0.000343106 12.6758
-0.000342122 12.6953

-0.000342118 12.6953
-0.000340122 12.7344

-0.000340104 12.7344
-0.000338112 12.7734

-0.000338128 12.7734
-0.000337141 12.793

-0.000337139 12.793
-0.000336132 12.8125

-0.000336129 12.8125
-0.000335113 12.832

-0.000335113 12.832
-0.000334092 12.8516

-0.000334095 12.8516
-0.000333064 12.8711

-0.000333063 12.8711
-0.000332017 12.8906

-0.00033202 12.8906
-0.000330956 12.9102

-0.000330953 12.9102
-0.00032987 12.9297

-0.000329839 12.9297
-0.000327766 12.9688

-0.000327769 12.9688
-0.000325838 13.0078

-0.000325867 13.0078
-0.000324944 13.0273

-0.00032494 13.0273
-0.00032401 13.0469

-0.000324018 13.0469
-0.000322133 13.0859

-0.000322135 13.0859
-0.000321176 13.1055

-0.000321175 13.1055
-0.000320195 13.125

-0.000320199 13.125
-0.000319193 13.1445

-0.000319193 13.1445
-0.000318154 13.1641

-0.000318097 13.1641
-0.000316183 13.2031

-0.000316342 13.2031
-0.000314371 13.2422

-0.00031424 13.2422
-0.000312158 13.2812

-0.000312192 13.2812
-0.000310194 13.3203

-0.000310208 13.3203
-0.00030921 13.3398

-0.000309207 13.3398
-0.000308188 13.3594

-0.000308188 13.3594
-0.000307154 13.3789

-0.000307153 13.3789
-0.000306109 13.3984

-0.000306109 13.3984
-0.000305056 13.418

-0.000305058 13.418
-0.000303995 13.4375

-0.000303995 13.4375
-0.000302919 13.457

-0.000302915 13.457
-0.000301834 13.4766

-0.00030182 13.4766
-0.000299719 13.5156

-0.000299732 13.5156
-0.000298713 13.5352

-0.000298715 13.5352
-0.000297698 13.5547

-0.000297687 13.5547
-0.000296692 13.5742

-0.000296699 13.5742
-0.000295736 13.5938

-0.000295742 13.5938
-0.000294785 13.6133

-0.000294785 13.6133
-0.000293822 13.6328

-0.00029382 13.6328
-0.000292855 13.6523

-0.000292857 13.6523
-0.00029189 13.6719

-0.000291879 13.6719
-0.000289977 13.7109

-0.000289991 13.7109
-0.000289056 13.7305

-0.000289052 13.7305
-0.00028811 13.75

-0.000288111 13.75
-0.000287169 13.7695

-0.000287168 13.7695
-0.000286224 13.7891

-0.000286222 13.7891
-0.000285281 13.8086

-0.000285282 13.8086
-0.000284349 13.8281

-0.000284348 13.8281
-0.000283425 13.8477

-0.000283426 13.8477
-0.000282516 13.8672

-0.000282508 13.8672
-0.000280735 13.9062

-0.000280749 13.9062
-0.000279016 13.9453

-0.000279013 13.9453
-0.000278153 13.9648

-0.000278155 13.9648
-0.000277305 13.9844

-0.00027731 13.9844
-0.00027646 14.0039

-0.000276465 14.0039
-0.000275596 14.0234

-0.000275576 14.0234
-0.000273863 14.0625

-0.000273862 14.0625
-0.0002722 14.1016

-0.0002722 14.1016
-0.00027139 14.1211

-0.000271387 14.1211
-0.000270603 14.1406

-0.000270617 14.1406
-0.000269838 14.1602

-0.000269835 14.1602
-0.000269037 14.1797

-0.000269037 14.1797
-0.000268228 14.1992

-0.000268227 14.1992
-0.000267409 14.2188

-0.00026741 14.2188
-0.000266584 14.2383

-0.000266583 14.2383
-0.000265748 14.2578

-0.000265744 14.2578
-0.000264072 14.2969

-0.000264066 14.2969
-0.000262408 14.3359

-0.000262414 14.3359
-0.000261592 14.3555

-0.000261591 14.3555
-0.000260769 14.375

-0.000260765 14.375
-0.000259951 14.3945

-0.000259952 14.3945
-0.00025915 14.4141

-0.000259143 14.4141
-0.000257583 14.4531

-0.0002576 14.4531
-0.000256839 14.4727

-0.000256837 14.4727
-0.000256065 14.4922

-0.000256063 14.4922
-0.000255288 14.5117

-0.000255288 14.5117
-0.000254513 14.5312

-0.000254511 14.5312
-0.000252975 14.5703

-0.000252937 14.5703
-0.000251496 14.6094

-0.000251523 14.6094
-0.000250861 14.6289

-0.000250857 14.6289
-0.000250205 14.6484

-0.000250206 14.6484
-0.000249569 14.668

-0.000249577 14.668
-0.000248939 14.6875

-0.000248939 14.6875
-0.000248287 14.707

-0.00024829 14.707
-0.000247618 14.7266

-0.000247617 14.7266
-0.000246923 14.7461

-0.000246918 14.7461
-0.00024621 14.7656

-0.00024619 14.7656
-0.000244848 14.8047

-0.000244848 14.8047
-0.00024362 14.8438

-0.000243637 14.8438
-0.000243063 14.8633

-0.000243061 14.8633
-0.000242497 14.8828

-0.000242499 14.8828
-0.000241945 14.9023

-0.000241943 14.9023
-0.000241399 14.9219

-0.000241404 14.9219
-0.000240863 14.9414

-0.000240856 14.9414
-0.000240322 14.9609

-0.000240322 14.9609
-0.000239809 14.9805

-0.000239817 14.9805
-0.000239308 15

-0.0002393 15
-0.000238794 15.0195

-0.000238796 15.0195
-0.000238306 15.0391

-0.000238311 15.0391
-0.000237337 15.0781

-0.000237326 15.0781
-0.000236846 15.0977

-0.000236843 15.0977
-0.000236395 15.1172

-0.000236409 15.1172
-0.000235969 15.1367

-0.000235965 15.1367
-0.000235513 15.1562

-0.000235515 15.1562
-0.000235055 15.1758

-0.000235054 15.1758
-0.000234583 15.1953

-0.000234585 15.1953
-0.000234101 15.2148

-0.000234103 15.2148
-0.0002336 15.2344

-0.0002336 15.2344
-0.000232549 15.2734

-0.000232502 15.2734
-0.000231487 15.3125

-0.000231501 15.3125
-0.000230587 15.3516

-0.000230609 15.3516
-0.000230172 15.3711

-0.00023017 15.3711
-0.000229714 15.3906

-0.000229715 15.3906
-0.000229242 15.4102

-0.000229241 15.4102
-0.00022875 15.4297

-0.000228751 15.4297
-0.000228239 15.4492

-0.000228242 15.4492
-0.000227701 15.4688

-0.000227652 15.4688
-0.000226695 15.5078

-0.000226739 15.5078
-0.000226326 15.5273

-0.000226325 15.5273
-0.000225892 15.5469

-0.000225887 15.5469
-0.000225444 15.5664

-0.000225444 15.5664
-0.000225001 15.5859

-0.000224999 15.5859
-0.000224125 15.625

-0.000224119 15.625
-0.000223275 15.6641

-0.000223286 15.6641
-0.000222876 15.6836

-0.000222877 15.6836
-0.000222458 15.7031

-0.00022246 15.7031
-0.000222026 15.7227

-0.000222024 15.7227
-0.000221576 15.7422

-0.000221579 15.7422
-0.000221114 15.7617

-0.000221111 15.7617
-0.000220631 15.7812

-0.000220628 15.7812
-0.000219664 15.8203

-0.000219616 15.8203
-0.000218745 15.8594

-0.00021878 15.8594
-0.000218406 15.8789

-0.000218399 15.8789
-0.00021803 15.8984

-0.000218037 15.8984
-0.00021767 15.918

-0.000217667 15.918
-0.000217292 15.9375

-0.000217297 15.9375
-0.00021691 15.957

-0.00021691 15.957
-0.000216499 15.9766

-0.000216502 15.9766
-0.000216059 15.9961

-0.00021606 15.9961
-0.000215579 16.0156

-0.000215569 16.0156
-0.000215069 16.0352

-0.000215071 16.0352
-0.000214572 16.0547

-0.000214563 16.0547
-0.000213595 16.0938

-0.000213608 16.0938
-0.000213138 16.1133

-0.000213138 16.1133
-0.000212654 16.1328

-0.000212641 16.1328
-0.000211694 16.1719

-0.000211692 16.1719
-0.000211235 16.1914

-0.000211234 16.1914
-0.000210801 16.2109

-0.000210811 16.2109
-0.000210387 16.2305

-0.000210386 16.2305
-0.000209953 16.25

-0.000209951 16.25
-0.000209515 16.2695

-0.000209515 16.2695
-0.00020908 16.2891

-0.000209085 16.2891
-0.00020864 16.3086

-0.000208633 16.3086
-0.000208181 16.3281

-0.000208184 16.3281
-0.000207282 16.3672

-0.000207284 16.3672
-0.000206831 16.3867

-0.000206831 16.3867
-0.000206371 16.4062

-0.00020637 16.4062
-0.000205908 16.4258

-0.000205907 16.4258
-0.000205447 16.4453

-0.000205443 16.4453
-0.000204994 16.4648

-0.000204994 16.4648
-0.000204568 16.4844

-0.000204576 16.4844
-0.000203737 16.5234

-0.00020374 16.5234
-0.000203323 16.543

-0.000203319 16.543
-0.000202909 16.5625

-0.000202916 16.5625
-0.000202507 16.582

-0.000202496 16.582
-0.000202098 16.6016

-0.000202101 16.6016
-0.00020173 16.6211

-0.000201738 16.6211
-0.000201369 16.6406

-0.000201364 16.6406
-0.000200992 16.6602

-0.000200996 16.6602
-0.000200625 16.6797

-0.000200624 16.6797
-0.000200251 16.6992

-0.000200255 16.6992
-0.000199874 16.7188

-0.00019985 16.7188
-0.000199156 16.7578

-0.000199163 16.7578
-0.000198565 16.7969

-0.000198577 16.7969
-0.000198306 16.8164

-0.000198311 16.8164
-0.000198033 16.8359

-0.000198023 16.8359
-0.00019747 16.875

-0.000197471 16.875
-0.000196928 16.9141

-0.000196921 16.9141
-0.000196398 16.9531

-0.000196399 16.9531
-0.00019591 16.9922

-0.000195924 16.9922
-0.000195686 17.0117

-0.000195686 17.0117
-0.000195429 17.0312

-0.000195417 17.0312
-0.000194909 17.0703

-0.000194915 17.0703
-0.000194668 17.0898

-0.000194664 17.0898
-0.000194419 17.1094

-0.000194433 17.1094
-0.000194172 17.1289

-0.000194168 17.1289
-0.000193874 17.1484

-0.000193869 17.1484
-0.000193558 17.168

-0.000193563 17.168
-0.000193235 17.1875

-0.000193223 17.1875
-0.000192891 17.207

-0.000192895 17.207
-0.000192575 17.2266

-0.000192574 17.2266
-0.000192262 17.2461

-0.000192257 17.2461
-0.000191961 17.2656

-0.000191968 17.2656
-0.000191684 17.2852

-0.000191679 17.2852
-0.000191401 17.3047

-0.0001914 17.3047
-0.00019114 17.3242

-0.000191145 17.3242
-0.000190894 17.3438

-0.000190895 17.3438
-0.000190641 17.3633

-0.000190645 17.3633
-0.000190377 17.3828

-0.00019037 17.3828
-0.000190095 17.4023

-0.000190096 17.4023
-0.000189827 17.4219

-0.000189826 17.4219
-0.000189563 17.4414

-0.000189564 17.4414
-0.000189305 17.4609

-0.000189292 17.4609
-0.00018883 17.5

-0.000188843 17.5
-0.000188441 17.5391

-0.00018845 17.5391
-0.000188259 17.5586

-0.000188258 17.5586
-0.00018806 17.5781

-0.000188059 17.5781
-0.000187861 17.5977

-0.00018786 17.5977
-0.000187667 17.6172

-0.000187657 17.6172
-0.000187329 17.6562

-0.000187338 17.6562
-0.000187075 17.6953

-0.000187079 17.6953
-0.000186965 17.7148

-0.000186962 17.7148
-0.000186865 17.7344

-0.000186869 17.7344
-0.000186787 17.7539

-0.000186791 17.7539
-0.000186706 17.7734

-0.000186704 17.7734
-0.000186612 17.793

-0.000186609 17.793
-0.000186521 17.8125

-0.000186519 17.8125
-0.000186443 17.832

-0.000186444 17.832
-0.000186383 17.8516

-0.000186382 17.8516
-0.000186335 17.8711

-0.000186336 17.8711
-0.000186306 17.8906

-0.000186318 17.8906
-0.000186279 17.9102

-0.000186277 17.9102
-0.000186208 17.9297

-0.00018621 17.9297
-0.000186113 17.9492

-0.000186116 17.9492
-0.00018598 17.9688

-0.00018596 17.9688
-0.000185676 18.0078

-0.000185646 18.0078
-0.000185426 18.0469

-0.000185452 18.0469
-0.000185302 18.0859

-0.000185316 18.0859
-0.000185242 18.1055

-0.000185241 18.1055
-0.000185145 18.125

-0.000185147 18.125
-0.000185028 18.1445

-0.000185028 18.1445
-0.000184882 18.1641

-0.000184879 18.1641
-0.000184712 18.1836

-0.000184714 18.1836
-0.000184526 18.2031

-0.000184525 18.2031
-0.000184314 18.2227

-0.000184311 18.2227
-0.000184082 18.2422

-0.000184066 18.2422
-0.000183643 18.2812

-0.000183627 18.2812
-0.000183297 18.3203

-0.000183296 18.3203
-0.000183091 18.3594

-0.000183088 18.3594
-0.000183015 18.3984

-0.000183025 18.3984
-0.00018304 18.418

-0.00018304 18.418
-0.000183087 18.4375

-0.000183094 18.4375
-0.000183158 18.457

-0.000183158 18.457
-0.000183227 18.4766

-0.000183228 18.4766
-0.000183302 18.4961

-0.0001833 18.4961
-0.000183382 18.5156

-0.000183383 18.5156
-0.000183475 18.5352

-0.000183474 18.5352
-0.000183576 18.5547

-0.000183584 18.5547
-0.000183685 18.5742

-0.000183689 18.5742
-0.000183765 18.5938

-0.000183749 18.5938
-0.000183903 18.6328

-0.000183906 18.6328
-0.00018407 18.6719

-0.000184076 18.6719
-0.000184158 18.6914

-0.000184158 18.6914
-0.000184227 18.7109

-0.000184224 18.7109
-0.000184289 18.7305

-0.00018429 18.7305
-0.000184356 18.75

-0.000184353 18.75
-0.000184492 18.7891

-0.000184491 18.7891
-0.000184644 18.8281

-0.000184646 18.8281
-0.000184815 18.8672

-0.000184828 18.8672
-0.000184913 18.8867

-0.00018491 18.8867
-0.000184974 18.9062

-0.000184971 18.9062
-0.000185023 18.9258

-0.000185016 18.9258
-0.000185079 18.9453

-0.000185081 18.9453
-0.000185164 18.9648

-0.00018517 18.9648
-0.000185256 18.9844

-0.000185254 18.9844
-0.000185334 19.0039

-0.000185335 19.0039
-0.000185413 19.0234

-0.000185407 19.0234
-0.000185493 19.043

-0.000185487 19.043
-0.000185603 19.0625

-0.000185602 19.0625
-0.000185761 19.082

-0.000185762 19.082
-0.000185962 19.1016

-0.000185976 19.1016
-0.000186186 19.1211

-0.000186174 19.1211
-0.000186391 19.1406

-0.000186413 19.1406
-0.000186614 19.1602

-0.00018661 19.1602
-0.000186758 19.1797

-0.000186754 19.1797
-0.000186864 19.1992

-0.000186865 19.1992
-0.000186946 19.2188

-0.000186945 19.2188
-0.000186996 19.2383

-0.000186998 19.2383
-0.000187015 19.2578

-0.000187006 19.2578
-0.000187005 19.2773

-0.000187014 19.2773
-0.000186993 19.2969

-0.000186948 19.2969
-0.000187012 19.3359

-0.000187052 19.3359
-0.000187138 19.3555

-0.000187124 19.3555
-0.000187212 19.375

-0.000187223 19.375
-0.000187322 19.3945

-0.00018732 19.3945
-0.00018741 19.4141

-0.00018741 19.4141
-0.000187496 19.4336

-0.0001875 19.4336
-0.00018757 19.4531

-0.000187562 19.4531
-0.000187623 19.4727

-0.000187626 19.4727
-0.000187692 19.4922

-0.000187692 19.4922
-0.000187826 19.5312

-0.000187826 19.5312
-0.000187964 19.5703

-0.000187974 19.5703
-0.00018804 19.5898

-0.000188039 19.5898
-0.000188087 19.6094

-0.000188085 19.6094
-0.000188123 19.6289

-0.000188123 19.6289
-0.000188154 19.6484

-0.000188154 19.6484
-0.000188178 19.668

-0.000188177 19.668
-0.000188198 19.6875

-0.00018818 19.6875
-0.000188292 19.7266

-0.000188325 19.7266
-0.000188478 19.7656

-0.000188465 19.7656
-0.000188536 19.7852

-0.000188536 19.7852
-0.000188628 19.8047

-0.000188644 19.8047
-0.000188809 19.8438

-0.00018882 19.8438
-0.000188882 19.8633

-0.000188879 19.8633
-0.000188905 19.8828

-0.000188903 19.8828
-0.000188904 19.9023

-0.000188904 19.9023
-0.000188884 19.9219

-0.000188868 19.9219
-0.000188845 19.9609

-0.000188854 19.9609
-0.000188852 20

0.0976562 0.0127783
0.117188 0.0173788

0.117188 0.0149052
0.123922 0

0.15625 0.147426
0.156071 0.15625

0.156088 0.15625
0.155541 0.175781

0.155518 0.175781
0.154852 0.195312

0.154838 0.195312
0.154127 0.214844

0.154137 0.214844
0.153389 0.234375

0.153405 0.234375
0.152566 0.253906

0.152573 0.253906
0.151597 0.273438

0.151594 0.273438
0.15047 0.292969

0.150463 0.292969
0.149212 0.3125

0.158628 0
0.158578 0.0195312

0.158631 0.0195312
0.158374 0.0390625

0.158291 0.0390625
0.157889 0.0585938

0.157877 0.0585938
0.15752 0.078125

0.206602 0
0.20882 0.0195312

0.207862 0.0195312
0.214844 0.0350873

0.214844 0.0363729
0.216073 0.0390625

0.215154 0.0390625
0.234375 0.0576231

0.157559 0.078125
0.157196 0.0976562

0.157165 0.0976562
0.15678 0.117188

0.156783 0.117188
0.156435 0.136719

0.15625 0.148156
0.156483 0.136719

0.234375 0.0565563
0.240564 0.0585938

0.239401 0.0585938
0.253906 0.0633374

0.253906 0.0616332
0.273438 0.0603061

0.3125 0.0316866
0.308783 0.0390625

0.292969 0.0536779
0.28067 0.0585938

0.273438 0.0608196
0.279268 0.0585938

0.292969 0.0550056
0.31011 0.0390625

0.149207 0.3125
0.147856 0.332031

0.147856 0.332031
0.146416 0.351562

0.146418 0.351562
0.14488 0.371094

0.144879 0.371094
0.143242 0.390625

0.143241 0.390625
0.141513 0.410156

0.141521 0.410156
0.139687 0.429688

0.136719 0.458424
0.13558 0.46875

0.139698 0.429688
0.13772 0.449219

0.136719 0.458253
0.137715 0.449219

0.135561 0.46875
0.133243 0.488281

0.133235 0.488281
0.13079 0.507812

0.130793 0.507812
0.128232 0.527344

0.128245 0.527344
0.125538 0.546875

0.117188 0.600531
0.116369 0.605469

0.116365 0.605469
0.112924 0.625

0.125542 0.546875
0.122656 0.566406

0.12265 0.566406
0.119589 0.585938

0.117188 0.600443
0.119592 0.585938

0.319299 0
0.316909 0.0195312

0.3125 0.0308631
0.317762 0.0195312

0.078125 0.776316
0.0767299 0.78125

0.112931 0.625
0.109257 0.644531

0.109257 0.644531
0.105332 0.664062

0.0976562 0.699472
0.0968388 0.703125

0.10532 0.664062
0.10117 0.683594

0.0976562 0.699305
0.101172 0.683594

0.0968139 0.703125
0.0921952 0.722656

0.0922068 0.722656
0.0873062 0.742188

0.0873093 0.742188
0.0820975 0.761719

0.078125 0.775547
0.0820351 0.761719

0.0765731 0.78125
0.0707428 0.800781

0.0707625 0.800781
0.0645821 0.820312

0.0585938 0.838574
0.0581623 0.839844

0.0579769 0.839844
0.0508139 0.859375

0.0585938 0.837985
0.0646003 0.820312

0.0390625 0.890126
0.0356497 0.898438

0.0195312 0.93431
0.0180077 0.9375

0.0352463 0.898438
0.0266165 0.917969

0.0195312 0.932301
0.026377 0.917969

0.0507754 0.859375
0.0431667 0.878906

0.0390625 0.887855
0.0427371 0.878906

0.0172912 0.9375
0.0072553 0.957031

0 0.96986
0.00700276 0.957031

0.657169 0
0.658576 0.0195312

0.658533 0.0195312
0.662841 0.0390625

0.662941 0.0390625
0.664062 0.0419672

0.664062 0.0426572
0.670214 0.0585938

0.670174 0.0585938
0.681354 0.078125

0.681416 0.078125
0.683594 0.0812007

0.683594 0.08136
0.696603 0.0976562

0.697609 0.0976562
0.703125 0.103433

0.703125 0.104647
0.717569 0.117188

0.717586 0.117188
0.722656 0.121057

0.722656 0.121165
0.742188 0.132751

0.742188 0.132626
0.752914 0.136719

0.753696 0.136719
0.761719 0.13978

0.761719 0.139904
0.78125 0.143826

0.78125 0.143886
0.800781 0.144246

0.800781 0.14436
0.820312 0.140813

0.839844 0.133242
0.831446 0.136719

0.820312 0.140741
0.830027 0.136719

0.839844 0.133491
0.859375 0.119331

0.898438 0.0542933
0.897319 0.0585938

0.897571 0.0585938
0.889506 0.078125

0.906097 0
0.905139 0.0195312

0.905133 0.0195312
0.90227 0.0390625

0.898438 0.0544503
0.902441 0.0390625

0.878906 0.0959193
0.877867 0.0976562

0.878783 0.0976562
0.861541 0.117188

0.878906 0.0960105
0.889609 0.078125

0.859375 0.119929
0.862342 0.117188

1.79246 0
1.79418 0.0195312

1.79406 0.0195312
1.79688 0.0298913

1.79688 0.0295295
1.79947 0.0390625

1.79926 0.0390625
1.80861 0.0585938

1.80847 0.0585938
1.81641 0.0697678

1.81641 0.0698227
1.82258 0.078125

1.82285 0.078125
1.83594 0.090867

1.83594 0.0915002
1.84441 0.0976562

1.84614 0.0976562
1.85547 0.10412

1.85547 0.104495
1.875 0.1144

1.875 0.114401
1.88293 0.117188

1.88371 0.117188
1.89453 0.120991

1.89453 0.12087
1.91406 0.125475

1.91406 0.125346
1.93359 0.128426

1.93359 0.128384
1.95312 0.13028

1.98135 0
1.99219 0.0131587

1.99535 0
2.01172 0.0118466

2.01172 0.00805623
2.03125 0.0101988

1.95312 0.130266
1.97266 0.131087

1.97266 0.131079
1.99219 0.130866

1.99219 0.130849
2.01172 0.129654

2.01172 0.129643
2.03125 0.127522

2.03125 0.0174504
2.04476 0

2.03125 0.127489
2.05078 0.12453

2.05078 0.12446
2.07031 0.120869

2.08984 0.116508
2.0867 0.117188

2.08984 0.116686
2.10938 0.111757

2.07031 0.120972
2.08782 0.117188

2.1875 0.0754154
2.184 0.078125

2.10938 0.111853
2.12891 0.106089

2.12891 0.106363
2.14844 0.0990247

2.16797 0.0891582
2.15122 0.0976562

2.14844 0.100009
2.15313 0.0976562

2.16797 0.0899842
2.18442 0.078125

2.22532 0
2.22312 0.0195312

2.22326 0.0195312
2.21638 0.0390625

2.20703 0.0541695
2.20419 0.0585938

2.1875 0.0761057
2.20431 0.0585938

2.20703 0.0542446
2.21666 0.0390625

