-3.35083 0
-3.34248 0.0195312

-3.34123 0.0195312
-3.33984 0.021153

-3.33984 0.021441
-3.32031 0.0367794

-3.32031 0.0375441
-3.30078 0.0374775

-3.28125 0.017036
-3.28208 0.0195312

-3.30078 0.0376053
-3.28125 0.0204493

-3.32031 0.0391143
-3.30078 0.0390743

-3.30078 0.0392882
-3.30028 0.0390625

-3.28125 0.0176725
-3.27608 0

-3.28125 0.026977
-3.27658 0.0195312

-1.89892 0
-1.89453 0.00603953

-1.89453 0.00554142
-1.88643 0

-1.72734 0
-1.71875 0.0087559

-1.71875 0.00729092
-1.70813 0

-1.69922 0.00611091
-1.69622 0

-1.64898 0
-1.64062 0.00479358

-1.62487 0
-1.62109 0.00501232

-1.62109 0.00535823
-1.60156 0.00147562

-1.54334 0
-1.54297 0.00112195

-1.53608 0
-1.52344 0.0123682

-1.52344 0.0124217
-1.51119 0

-1.50391 0.00119679
-1.5035 0

0.0210332 2.5
0.0251118 2.51953

0.025112 2.51953
0.0289904 2.53906

0.0289897 2.53906
0.032669 2.55859

0.0326686 2.55859
0.0361511 2.57812

0.036153 2.57812
0.0390625 2.59541

0.0390625 2.59554
0.0394184 2.59766

0.0394387 2.59766
0.0425322 2.61719

0.0425317 2.61719
0.0454312 2.63672

0.0454315 2.63672
0.0481373 2.65625

0.0481376 2.65625
0.0506486 2.67578

0.050649 2.67578
0.0529641 2.69531

0.0529642 2.69531
0.0550821 2.71484

0.0550824 2.71484
0.0570024 2.73438

0.0570031 2.73438
0.0585938 2.75241

0.0585938 2.75259
0.0587094 2.75391

0.058726 2.75391
0.0602478 2.77344

0.0602479 2.77344
0.0615658 2.79297

0.0615665 2.79297
0.0626787 2.8125

0.0626797 2.8125
0.0635825 2.83203

0.0635829 2.83203
0.0642735 2.85156

0.0642733 2.85156
0.0647513 2.87109

0.0647517 2.87109
0.0650169 2.89062

0.0650176 2.89062
0.065068 2.91016

0.0650672 2.91016
0.064903 2.92969

0.0649021 2.92969
0.0645266 2.94922

0.0645273 2.94922
0.0639407 2.96875

0.0639402 2.96875
0.0631421 2.98828

0.0631392 2.98828
0.0621362 3.00781

0.0621362 3.00781
0.0609341 3.02734

0.060935 3.02734
0.0595321 3.04688

0.0585938 3.05836
0.0579388 3.06641

0.0579375 3.06641
0.0561716 3.08594

0.0585938 3.05827
0.0595213 3.04688

0.056172 3.08594
0.0542232 3.10547

0.0542213 3.10547
0.0520924 3.125

0.0520895 3.125
0.0497902 3.14453

0.0497902 3.14453
0.0473262 3.16406

0.0473253 3.16406
0.0446984 3.18359

0.0446931 3.18359
0.0419156 3.20312

0.0390625 3.22258
0.0390516 3.22266

0.0390098 3.22266
0.0359904 3.24219

0.0359845 3.24219
0.0328521 3.26172

0.0328506 3.26172
0.02962 3.28125

0.0390625 3.22227
0.0419075 3.20312

0.0296205 3.28125
0.0262939 3.30078

0.0262885 3.30078
0.0228758 3.32031

0.0195312 3.33938
0.0194491 3.33984

0.019402 3.33984
0.0159017 3.35938

0.0195312 3.33909
0.0228627 3.32031

0.0158993 3.35938
0.0123631 3.37891

0.0123583 3.37891
0.00880062 3.39844

0.00879523 3.39844
0.00523641 3.41797

0.00523275 3.41797
0.00169087 3.4375

0 3.44683
0.00166987 3.4375

-1.20328 0
-1.19961 0.0195312

-1.20008 0.0195312
-1.19141 0.0332466

-1.19141 0.0350414
-1.1882 0.0390625

-1.18749 0.0390625
-1.17188 0.051237

-1.17188 0.0504279
-1.15234 0.0556202

-1.15234 0.0553672
-1.13281 0.0526035

-1.09397 0
-1.09774 0.0195312

-1.09647 0.0195312
-1.11032 0.0390625

-1.13281 0.0534339
-1.11328 0.0415594

-1.11328 0.0445145
-1.1074 0.0390625

-0.839844 0.000296251
-0.820312 0.00127409

-0.820312 0.00171016
-0.819704 0

0 4.12596
0.00156015 4.14062

0.00156808 4.14062
0.00348258 4.16016

0.00348743 4.16016
0.00521788 4.17969

0.00522182 4.17969
0.00675066 4.19922

0.00675371 4.19922
0.00806699 4.21875

0.00806928 4.21875
0.00915632 4.23828

0.00915774 4.23828
0.0100111 4.25781

0.010012 4.25781
0.0106272 4.27734

0.0106276 4.27734
0.0110021 4.29688

0.0110017 4.29688
0.0111358 4.31641

0.0111349 4.31641
0.0110311 4.33594

0.0110298 4.33594
0.0106924 4.35547

0.0106897 4.35547
0.0101266 4.375

0.0101238 4.375
0.00934594 4.39453

0.00934231 4.39453
0.00836257 4.41406

0.00835685 4.41406
0.00719393 4.43359

0.00718914 4.43359
0.00586407 4.45312

0.00585694 4.45312
0.00439354 4.47266

0.00438483 4.47266
0.00281477 4.49219

0.00280839 4.49219
0.00116185 4.51172

0 4.52501
0.00114702 4.51172

-0.214844 0.611342
-0.227069 0.625

-0.195312 0.590453
-0.209362 0.605469

-0.214844 0.611402
-0.209405 0.605469

-0.175781 0.570556
-0.19092 0.585938

-0.15625 0.551603
-0.171566 0.566406

-0.175781 0.570631
-0.171515 0.566406

-0.195312 0.59052
-0.190906 0.585938

-0.0585938 0.46547
-0.0626393 0.46875

-0.0585938 0.465802
-0.0390625 0.450101

0 0.420595
-0.0123043 0.429688

-0.0195312 0.434961
-0.038051 0.449219

-0.0390625 0.450194
-0.0378105 0.449219

-0.0195312 0.435159
-0.0119959 0.429688

-0.136719 0.533229
-0.151345 0.546875

-0.117188 0.515346
-0.130528 0.527344

-0.136719 0.533069
-0.130499 0.527344

-0.0976562 0.49813
-0.108952 0.507812

-0.078125 0.48161
-0.0862391 0.488281

-0.0976562 0.498237
-0.0856546 0.488281

-0.117188 0.515262
-0.108674 0.507812

-0.15625 0.551558
-0.151336 0.546875

-0.078125 0.481995
-0.0619584 0.46875

-0.3125 0.732804
-0.31901 0.742188

-0.332031 0.761912
-0.34416 0.78125

-0.319018 0.742188
-0.33192 0.761719

-0.332031 0.761913
-0.331911 0.761719

-0.390625 0.868456
-0.395395 0.878906

-0.395393 0.878906
-0.403636 0.898438

-0.410156 0.915232
-0.411218 0.917969

-0.411214 0.917969
-0.418122 0.9375

-0.410156 0.915243
-0.403637 0.898438

-0.351562 0.793716
-0.355751 0.800781

-0.355742 0.800781
-0.366648 0.820312

-0.371094 0.828772
-0.376902 0.839844

-0.376897 0.839844
-0.386476 0.859375

-0.371094 0.828761
-0.366662 0.820312

-0.351562 0.793694
-0.344184 0.78125

-0.390625 0.868449
-0.386484 0.859375

-0.429688 0.975642
-0.429951 0.976562

-0.429954 0.976562
-0.4349 0.996094

-0.434901 0.996094
-0.439184 1.01562

-0.41812 0.9375
-0.424362 0.957031

-0.429688 0.975651
-0.424356 0.957031

-0.439188 1.01562
-0.442799 1.03516

-0.442797 1.03516
-0.445732 1.05469

-0.449219 1.08837
-0.449684 1.09375

-0.445719 1.05469
-0.44801 1.07422

-0.449219 1.08825
-0.448005 1.07422

-0.449706 1.09375
-0.450779 1.11328

-0.45078 1.11328
-0.451206 1.13281

-0.451205 1.13281
-0.450984 1.15234

-0.450985 1.15234
-0.450119 1.17188

-0.45012 1.17188
-0.449219 1.18355

-0.449219 1.18343
-0.448603 1.19141

-0.448592 1.19141
-0.446481 1.21094

-0.446482 1.21094
-0.443798 1.23047

-0.443795 1.23047
-0.440544 1.25

-0.273438 0.680201
-0.276092 0.683594

-0.276159 0.683594
-0.291101 0.703125

-0.253906 0.656098
-0.260423 0.664062

-0.234375 0.63317
-0.244073 0.644531

-0.253906 0.656118
-0.24428 0.644531

-0.273438 0.680156
-0.260562 0.664062

-0.292969 0.705682
-0.305397 0.722656

-0.3125 0.732795
-0.305434 0.722656

-0.292969 0.705684
-0.291093 0.703125

-0.234375 0.633237
-0.227181 0.625

-0.440538 1.25
-0.436738 1.26953

-0.436728 1.26953
-0.432414 1.28906

-0.43227 1.28906
-0.429688 1.29958

-0.429688 1.3009
-0.427798 1.30859

-0.427619 1.30859
-0.422333 1.32812

-0.422334 1.32812
-0.416546 1.34766

-0.416517 1.34766
-0.410282 1.36719

-0.410293 1.36719
-0.410156 1.36759

-0.410156 1.36759
-0.403646 1.38672

-0.40363 1.38672
-0.396585 1.40625

-0.396472 1.40625
-0.390625 1.42179

-0.390625 1.42303
-0.389591 1.42578

-0.389222 1.42578
-0.381606 1.44531

2.5056 0
2.504 0.0195312

2.5 0.0361238
2.50396 0.0195312

-0.381597 1.44531
-0.373694 1.46484

-0.373554 1.46484
-0.371094 1.47076

-0.371094 1.47117
-0.365601 1.48438

-0.365556 1.48438
-0.357231 1.50391

-0.357099 1.50391
-0.351562 1.51662

-0.351562 1.51742
-0.34894 1.52344

-0.348717 1.52344
-0.340037 1.54297

-0.339965 1.54297
-0.332031 1.56059

-0.332031 1.56157
-0.331614 1.5625

-0.331219 1.5625
-0.322355 1.58203

-0.322335 1.58203
-0.313407 1.60156

-0.313368 1.60156
-0.3125 1.60346

-0.3125 1.60354
-0.304464 1.62109

-0.30446 1.62109
-0.295511 1.64062

-0.295431 1.64062
-0.292969 1.64601

-0.292969 1.64621
-0.286596 1.66016

-0.28658 1.66016
-0.277689 1.67969

-0.277609 1.67969
-0.273438 1.68888

-0.273438 1.68919
-0.268888 1.69922

-0.268824 1.69922
-0.259989 1.71875

-0.259917 1.71875
-0.253906 1.73211

-0.253906 1.73253
-0.25132 1.73828

-0.251191 1.73828
-0.242473 1.75781

-0.242443 1.75781
-0.234375 1.7761

-0.234375 1.7766
-0.234047 1.77734

-0.233852 1.77734
-0.22534 1.79688

-0.225346 1.79688
-0.216897 1.81641

-0.216847 1.81641
-0.214844 1.82108

-0.214844 1.82119
-0.20852 1.83594

-0.20851 1.83594
-0.200222 1.85547

-0.200175 1.85547
-0.195312 1.86705

-0.195312 1.86732
-0.192087 1.875

-0.192026 1.875
-0.18389 1.89453

-0.18388 1.89453
-0.175815 1.91406

-0.17582 1.91406
-0.175781 1.91416

-0.175781 1.91417
-0.16783 1.93359

-0.167826 1.93359
-0.159895 1.95312

-0.159847 1.95312
-0.15625 1.96207

-0.15625 1.96228
-0.152077 1.97266

-0.152044 1.97266
-0.144269 1.99219

-0.144265 1.99219
-0.136719 2.01132

-0.136579 2.01172
-0.128926 2.03125

-0.128917 2.03125
-0.121302 2.05078

-0.121249 2.05078
-0.117188 2.0613

-0.117188 2.06155
-0.113803 2.07031

-0.113755 2.07031
-0.106297 2.08984

-0.1063 2.08984
-0.0989136 2.10938

-0.0988866 2.10938
-0.0976562 2.11266

-0.0976562 2.11273
-0.0916031 2.12891

-0.0916008 2.12891
-0.0843767 2.14844

-0.0843505 2.14844
-0.078125 2.1655

-0.078125 2.16591
-0.0773723 2.16797

-0.0772512 2.16797
-0.0702269 2.1875

3.38862 0
3.39034 0.0195312

-0.070219 2.1875
-0.0632938 2.20703

3.39023 0.0195312
3.39558 0.0390625

3.39535 0.0390625
3.39844 0.0453375

3.39844 0.0453069
3.40502 0.0585938

3.40452 0.0585938
3.41797 0.0756457

3.41797 0.0755949
3.42031 0.078125

3.42018 0.078125
3.4375 0.092793

3.4375 0.0931104
3.44638 0.0976562

3.44863 0.0976562
3.45703 0.101921

3.45703 0.102117
3.47656 0.106821

3.47656 0.106818
3.49609 0.107078

3.49609 0.107158
3.51562 0.10282

3.55469 0.0762233
3.55302 0.078125

3.58309 0
3.58147 0.0195312

3.58156 0.0195312
3.57654 0.0390625

3.57422 0.0445331
3.56766 0.0585938

3.55469 0.0765912
3.56818 0.0585938

3.57422 0.0445929
3.57679 0.0390625

3.53516 0.0934068
3.5265 0.0976562

-0.063256 2.20703
-0.0585938 2.22043

-0.0585938 2.22072
-0.0565611 2.22656

-0.0564926 2.22656
-0.0498296 2.24609

-0.0498239 2.24609
-0.0433013 2.26562

-0.0432709 2.26562
-0.0390625 2.27854

-0.0390625 2.2788
-0.0369893 2.28516

-0.0369324 2.28516
-0.0307261 2.30469

-0.0307221 2.30469
-0.0246843 2.32422

-0.0246704 2.32422
-0.0195312 2.34136

-0.0195312 2.34168
-0.0189098 2.34375

-0.0188287 2.34375
-0.0131577 2.36328

-0.0131535 2.36328
-0.00767005 2.38281

-0.00766932 2.38281
-0.00238309 2.40234

-0.00236384 2.40234
0 2.41142

3.51562 0.103108
3.52678 0.0976562

3.53516 0.0942587
3.55399 0.078125

0 3.44694
-0.00180656 3.45703

-0.00181749 3.45703
-0.0052484 3.47656

-0.00525384 3.47656
-0.00860566 3.49609

-0.00861135 3.49609
-0.0118618 3.51562

-0.0118687 3.51562
-0.0149927 3.53516

-0.0150003 3.53516
-0.0179687 3.55469

-0.0195312 3.56563
-0.0207583 3.57422

-0.0207698 3.57422
-0.0233628 3.59375

-0.0195312 3.56557
-0.017976 3.55469

-0.0233683 3.59375
-0.0257391 3.61328

-0.0257444 3.61328
-0.0278716 3.63281

-0.0278766 3.63281
-0.0297395 3.65234

-0.029743 3.65234
-0.0313249 3.67188

-0.0313275 3.67188
-0.0326163 3.69141

-0.0326187 3.69141
-0.0336039 3.71094

-0.033605 3.71094
-0.0342796 3.73047

-0.0342796 3.73047
-0.0346416 3.75

-0.034642 3.75
-0.0346905 3.76953

-0.0346901 3.76953
-0.0344254 3.78906

-0.0344227 3.78906
-0.033851 3.80859

-0.0338482 3.80859
-0.0329807 3.82812

-0.0329783 3.82812
-0.0318254 3.84766

-0.0318201 3.84766
-0.0303973 3.86719

-0.0303903 3.86719
-0.0287222 3.88672

-0.028717 3.88672
-0.0268278 3.90625

-0.0268203 3.90625
-0.0247354 3.92578

-0.024725 3.92578
-0.0224803 3.94531

-0.0224689 3.94531
-0.0201078 3.96484

-0.0200939 3.96484
-0.0195312 3.96934

-0.0195312 3.96943
-0.0176611 3.98438

-0.0176528 3.98438
-0.0151494 4.00391

-0.0151418 4.00391
-0.0126054 4.02344

-0.0125973 4.02344
-0.0100594 4.04297

-0.0100507 4.04297
-0.00754505 4.0625

-0.00753696 4.0625
-0.00509729 4.08203

-0.00509027 4.08203
-0.00274676 4.10156

-0.00274064 4.10156
-0.000519554 4.12109

-0.000507997 4.12109
0 4.12587

0 4.52511
-0.00053045 4.53125

-0.000540154 4.53125
-0.00223359 4.55078

-0.00224112 4.55078
-0.00391919 4.57031

-0.00392759 4.57031
-0.00555843 4.58984

-0.00556724 4.58984
-0.00711641 4.60938

-0.00712534 4.60938
-0.00855736 4.62891

-0.00856632 4.62891
-0.00984544 4.64844

-0.00985373 4.64844
-0.0109455 4.66797

-0.0109526 4.66797
-0.0118261 4.6875

-0.0118316 4.6875
-0.0124617 4.70703

-0.012465 4.70703
-0.0128344 4.72656

-0.0128353 4.72656
-0.0129355 4.74609

-0.0129339 4.74609
-0.0127664 4.76562

-0.0127623 4.76562
-0.0123384 4.78516

-0.012332 4.78516
-0.0116724 4.80469

-0.0116643 4.80469
-0.0107981 4.82422

-0.0107885 4.82422
-0.009751 4.84375

-0.00974043 4.84375
-0.00857198 4.86328

-0.0085614 4.86328
-0.00730431 4.88281

-0.00729339 4.88281
-0.00599069 4.90234

-0.00598046 4.90234
-0.00467445 4.92188

-0.00466566 4.92188
-0.00339439 4.94141

-0.00338585 4.94141
-0.00218398 4.96094

-0.00217703 4.96094
-0.00107551 4.98047

-0.00107201 4.98047
-9.17293e-05 5

4.48731 0
4.48952 0.0195312

4.48942 0.0195312
4.49219 0.0274612

4.49219 0.0274588
4.49623 0.0390625

4.49573 0.0390625
4.50833 0.0585938

4.50862 0.0585938
4.51172 0.0622067

4.51172 0.0629005
4.52861 0.078125

4.53059 0.078125
4.53125 0.0785782

-8.15454e-05 5
0 5.00189

4.53824 0
4.55076 0.0195312

4.55078 0.0150901
4.55761 0.0195312

4.58984 0.015596
4.58416 0.0195312

4.57031 0.0203324
4.57263 0.0195312

4.58984 0.0181732
4.60107 0

4.53125 0.0791723
4.55078 0.0893126

4.55078 0.0891506
4.57031 0.0945074

4.57031 0.0943608
4.58984 0.095551

4.58984 0.0956063
4.60938 0.0928123

4.64844 0.0728608
4.64085 0.078125

4.68193 0
4.67987 0.0195312

4.68002 0.0195312
4.67354 0.0390625

4.66797 0.0487755
4.6619 0.0585938

4.64844 0.0732131
4.66236 0.0585938

4.66797 0.0489625
4.67383 0.0390625

4.60938 0.0930585
4.62891 0.0856772

4.62891 0.085867
4.64074 0.078125

0 5.21606
-0.000736296 5.23438

-0.000742897 5.23438
-0.00157361 5.25391

-0.00158118 5.25391
-0.00242876 5.27344

-0.00243678 5.27344
-0.00327006 5.29297

-0.00327822 5.29297
-0.00406485 5.3125

-0.00407274 5.3125
-0.00478061 5.33203

-0.0047878 5.33203
-0.00538677 5.35156

-0.0053928 5.35156
-0.00585642 5.37109

-0.00586084 5.37109
-0.00616819 5.39062

-0.00617063 5.39062
-0.00630797 5.41016

-0.0063082 5.41016
-0.00627021 5.42969

-0.00626806 5.42969
-0.00605859 5.44922

-0.00605407 5.44922
-0.00568647 5.46875

-0.00567987 5.46875
-0.00517639 5.48828

-0.00516815 5.48828
-0.00455848 5.50781

-0.00454922 5.50781
-0.00386838 5.52734

-0.00385878 5.52734
-0.00314448 5.54688

-0.00313512 5.54688
-0.00242527 5.56641

-0.00241666 5.56641
-0.00174718 5.58594

-0.00173998 5.58594
-0.00114249 5.60547

-0.00113655 5.60547
-0.000637352 5.625

-0.000632953 5.625
-0.000252734 5.64453

-0.000250796 5.64453
-2.22443e-06 5.66406

0 5.71101
-9.80439e-05 5.72266

-9.47431e-05 5.72266
-0.000379053 5.74219

-0.000384349 5.74219
-0.000770773 5.76172

-0.000777575 5.76172
-0.00124192 5.78125

-0.00124999 5.78125
-0.00176251 5.80078

-0.00177145 5.80078
-0.00229816 5.82031

-0.00230749 5.82031
-0.00281183 5.83984

-0.00282084 5.83984
-0.00326613 5.85938

-0.00327395 5.85938
-0.00362656 5.87891

-0.00363221 5.87891
-0.00386522 5.89844

-0.00386793 5.89844
-0.00396461 5.91797

-0.003964 5.91797
-0.00392015 5.9375

-0.00391624 5.9375
-0.0037409 5.95703

-0.00373432 5.95703
-0.00344846 5.97656

-0.00344024 5.97656
-0.00307344 5.99609

-0.00306463 5.99609
-0.00265095 6.01562

-0.00264249 6.01562
-0.00221646 6.03516

-0.00220894 6.03516
-0.00180251 6.05469

-0.00179634 6.05469
-0.00143688 6.07422

-0.0014322 6.07422
-0.00114141 6.09375

-0.00113829 6.09375
-0.000931778 6.11328

-0.000930214 6.11328
-0.000817355 6.13281

-0.000817338 6.13281
-0.000801292 6.15234

-0.000802881 6.15234
-0.000880502 6.17188

-0.000883714 6.17188
-0.0010454 6.19141

-0.00105015 6.19141
-0.00127997 6.21094

-0.00128607 6.21094
-0.00156233 6.23047

-0.00156937 6.23047
-0.00186579 6.25

-0.00187322 6.25
-0.00216083 6.26953

-0.00216789 6.26953
-0.00241772 6.28906

-0.00242355 6.28906
-0.00260982 6.30859

-0.00261365 6.30859
-0.00271703 6.32812

-0.00271835 6.32812
-0.00272853 6.34766

-0.00272712 6.34766
-0.00264427 6.36719

-0.00264026 6.36719
-0.00247524 6.38672

-0.00246918 6.38672
-0.00224212 6.40625

-0.00223482 6.40625
-0.00197243 6.42578

-0.0019648 6.42578
-0.00169692 6.44531

-0.00168986 6.44531
-0.00144586 6.46484

-0.00144016 6.46484
-0.00124556 6.48438

-0.00124179 6.48438
-0.00111555 6.50391

-0.00111405 6.50391
-0.00106668 6.52344

-0.00106762 6.52344
-0.00110026 6.54297

-0.00110359 6.54297
-0.00120768 6.5625

-0.00121309 6.5625
-0.00137111 6.58203

-0.00137797 6.58203
-0.00156538 6.60156

-0.00157282 6.60156
-0.00176103 6.62109

-0.00176791 6.62109
-0.00192831 6.64062

-0.00193345 6.64062
-0.002042 6.66016

-0.0020445 6.66016
-0.00208592 6.67969

-0.00208537 6.67969
-0.00205577 6.69922

-0.00205237 6.69922
-0.00195967 6.71875

0 5.00202
0.000754691 5.01953

-0.00195421 6.71875
-0.00181614 6.73828

-0.00180976 6.73828
-0.00165001 6.75781

-0.00164383 6.75781
-0.00148754 6.77734

-0.00148252 6.77734
-0.0013521 6.79688

-0.00134889 6.79688
-0.00126082 6.81641

-0.00125972 6.81641
-0.00122262 6.83594

-0.00122368 6.83594
-0.00123761 6.85547

-0.0012406 6.85547
-0.00129746 6.875

-0.00130186 6.875
-0.00138686 6.89453

-0.00139191 6.89453
-0.00148615 6.91406

-0.00149095 6.91406
-0.00157473 6.93359

-0.00157832 6.93359
-0.00163486 6.95312

-0.00163653 6.95312
-0.00165528 6.97266

-0.00165472 6.97266
-0.00163346 6.99219

-0.00163089 6.99219
-0.00157588 7.01172

-0.00157201 7.01172
-0.00149611 7.03125

-0.00149191 7.03125
-0.00141129 7.05078

-0.00140771 7.05078
-0.00133793 7.07031

-0.00133571 7.07031
-0.00128837 7.08984

-0.00128786 7.08984
-0.00126842 7.10938

-0.00126961 7.10938
-0.00127673 7.12891

-0.00127921 7.12891
-0.00130557 7.14844

-0.00130864 7.14844
-0.00134314 7.16797

-0.00134597 7.16797
-0.00137682 7.1875

0.000759034 5.01953
0.00144505 5.03906

-0.00137867 7.1875
-0.00139649 7.20703

0.00144762 5.03906
0.00196501 5.05859

0.00196639 5.05859
0.00230726 5.07812

0.00230757 5.07812
0.00246853 5.09766

0.00246732 5.09766
0.00245017 5.11719

0.00244846 5.11719
0.00225904 5.13672

0.00225523 5.13672
0.00190454 5.15625

0.0018998 5.15625
0.00140493 5.17578

0.00140022 5.17578
0.000780106 5.19531

0.000770571 5.19531
5.37239e-05 5.21484

0 5.21612
5.14346e-05 5.21484

-0.00139696 7.20703
-0.00139707 7.22656

-0.00139622 7.22656
-0.00137938 7.24609

-0.00137763 7.24609
-0.00134906 7.26562

-0.00134706 7.26562
-0.00131424 7.28516

-0.00131261 7.28516
-0.0012828 7.30469

-0.00128193 7.30469
-0.00126013 7.32422

-0.00126012 7.32422
-0.0012481 7.34375

-0.00124878 7.34375
-0.00124517 7.36328

-0.0012462 7.36328
-0.00124755 7.38281

-0.00124854 7.38281
-0.00125082 7.40234

-0.00125148 7.40234
-0.00125138 7.42188

-0.00125159 7.42188
-0.00124739 7.44141

-0.0012472 7.44141
-0.00123886 7.46094

-0.00123843 7.46094
-0.00122719 7.48047

-0.00122673 7.48047
-0.00121434 7.5

-0.00121399 7.5
-0.00120206 7.51953

-0.0012019 7.51953
-0.00119141 7.53906

-0.00119143 7.53906
-0.00118269 7.55859

-0.00118283 7.55859
-0.00117552 7.57812

-0.0011757 7.57812
-0.00116918 7.59766

-0.00116932 7.59766
-0.00116297 7.61719

-0.00116304 7.61719
-0.00115644 7.63672

0 5.66412
0.000108943 5.68359

0.000107878 5.68359
7.62584e-05 5.70312

0 5.71282
8.16795e-05 5.70312

-0.00115645 7.63672
-0.00114944 7.65625

-0.00114941 7.65625
-0.00114204 7.67578

-0.00114199 7.67578
-0.00113443 7.69531

-0.00113439 7.69531
-0.00112684 7.71484

-0.00112682 7.71484
-0.0011194 7.73438

-0.0011194 7.73438
-0.00111217 7.75391

-0.00111218 7.75391
-0.0011051 7.77344

-0.00110511 7.77344
-0.00109816 7.79297

-0.00109817 7.79297
-0.00109131 7.8125

-0.00109131 7.8125
-0.00108455 7.83203

-0.00108455 7.83203
-0.00107788 7.85156

-0.00107789 7.85156
-0.00107128 7.87109

-0.00107128 7.87109
-0.00106471 7.89062

-0.0010647 7.89062
-0.00105817 7.91016

-0.00105817 7.91016
-0.00105171 7.92969

-0.00105171 7.92969
-0.0010453 7.94922

-0.0010453 7.94922
-0.00103894 7.96875

-0.00103894 7.96875
-0.00103262 7.98828

-0.00103262 7.98828
-0.00102633 8.00781

-0.00102633 8.00781
-0.00102007 8.02734

-0.00102006 8.02734
-0.00101387 8.04688

-0.00101387 8.04688
-0.00100775 8.06641

-0.00100775 8.06641
-0.00100168 8.08594

-0.00100168 8.08594
-0.000995666 8.10547

-0.000995662 8.10547
-0.000989691 8.125

-0.000989671 8.125
-0.000977922 8.16406

-0.000977869 8.16406
-0.000966488 8.20312

-0.000966554 8.20312
-0.000961027 8.22266

-0.000961025 8.22266
-0.000955534 8.24219

-0.000955533 8.24219
-0.00095008 8.26172

-0.000950078 8.26172
-0.000944669 8.28125

-0.000944665 8.28125
-0.000939315 8.30078

-0.000939311 8.30078
-0.000934034 8.32031

-0.000934014 8.32031
-0.000923705 8.35938

-0.000923744 8.35938
-0.000918705 8.37891

-0.000918699 8.37891
-0.000913708 8.39844

-0.000913711 8.39844
-0.000908774 8.41797

-0.000908776 8.41797
-0.000903882 8.4375

-0.000903868 8.4375
-0.00089421 8.47656

-0.000894236 8.47656
-0.000884702 8.51562

-0.000884697 8.51562
-0.000879961 8.53516

-0.000879957 8.53516
-0.000875269 8.55469

-0.000875275 8.55469
-0.000870633 8.57422

-0.000870634 8.57422
-0.000866025 8.59375

-0.000866025 8.59375
-0.000861445 8.61328

-0.000861443 8.61328
-0.000856895 8.63281

-0.000856894 8.63281
-0.000847876 8.67188

-0.00084788 8.67188
-0.00083895 8.71094

-0.000838959 8.71094
-0.000834522 8.73047

-0.000834521 8.73047
-0.000830096 8.75

-0.000830093 8.75
-0.000825689 8.76953

-0.000825689 8.76953
-0.000821312 8.78906

-0.000821314 8.78906
-0.00081696 8.80859

-0.000816963 8.80859
-0.000812622 8.82812

-0.000812622 8.82812
-0.000808288 8.84766

-0.000808288 8.84766
-0.000803964 8.86719

-0.000803959 8.86719
-0.000799654 8.88672

-0.00079965 8.88672
-0.00079538 8.90625

-0.000795386 8.90625
-0.000791144 8.92578

-0.000791145 8.92578
-0.000786918 8.94531

-0.000786913 8.94531
-0.000782708 8.96484

-0.000782703 8.96484
-0.000778539 8.98438

-0.000778531 8.98438
-0.000774435 9.00391

-0.000774444 9.00391
-0.000770417 9.02344

-0.00077043 9.02344
-0.000766429 9.04297

-0.000766423 9.04297
-0.000762435 9.0625

-0.000762422 9.0625
-0.000758485 9.08203

-0.00075849 9.08203
-0.000754617 9.10156

-0.000754631 9.10156
-0.000750785 9.12109

-0.000750786 9.12109
-0.000746937 9.14062

-0.000746926 9.14062
-0.000743094 9.16016

-0.000743085 9.16016
-0.000739313 9.17969

-0.000739317 9.17969
-0.000735614 9.19922

-0.000735618 9.19922
-0.000731968 9.21875

-0.000731968 9.21875
-0.000728362 9.23828

-0.000728364 9.23828
-0.000724797 9.25781

-0.000724794 9.25781
-0.000721267 9.27734

-0.000721264 9.27734
-0.00071779 9.29688

-0.000717798 9.29688
-0.000714365 9.31641

-0.000714368 9.31641
-0.000710957 9.33594

-0.00071095 9.33594
-0.000707568 9.35547

-0.000707568 9.35547
-0.000704232 9.375

-0.000704222 9.375
-0.000697688 9.41406

-0.000697717 9.41406
-0.000694511 9.43359

-0.000694506 9.43359
-0.000691314 9.45312

-0.000691326 9.45312
-0.000688136 9.47266

5.96503 0
5.96699 0.0195312

5.96688 0.0195312
5.97299 0.0390625

5.97275 0.0390625
5.97656 0.0459921

5.97656 0.0458762
5.98378 0.0585938

5.98361 0.0585938
5.99609 0.073254

5.99609 0.0730591
6.00153 0.078125

6.00138 0.078125
6.01562 0.0894132

6.01562 0.0891297
6.03179 0.0976562

6.03226 0.0976562
6.03516 0.0991314

6.03516 0.0991919
6.05469 0.105088

6.05469 0.104783
6.07422 0.107274

6.07422 0.107317
6.09375 0.106928

6.13792 0
6.15138 0.0195312

-0.000688135 9.47266
-0.000684927 9.49219

-0.000684927 9.49219
-0.000681703 9.51172

-0.000681704 9.51172
-0.000678463 9.53125

-0.000678466 9.53125
-0.0006752 9.55078

-0.000675197 9.55078
-0.000671906 9.57031

-0.000671904 9.57031
-0.000668601 9.58984

-0.000668602 9.58984
-0.000665288 9.60938

-0.000665281 9.60938
-0.000661966 9.62891

-0.000661963 9.62891
-0.000658667 9.64844

-0.000658663 9.64844
-0.000655396 9.66797

-0.000655396 9.66797
-0.000652164 9.6875

-0.000652165 9.6875
-0.000648968 9.70703

-0.000648967 9.70703
-0.000645805 9.72656

-0.000645809 9.72656
-0.000642676 9.74609

-0.00064268 9.74609
-0.000639561 9.76562

-0.000639565 9.76562
-0.000636448 9.78516

-0.00063645 9.78516
-0.000633325 9.80469

-0.000633304 9.80469
-0.000630209 9.82422

-0.00063021 9.82422
-0.000627184 9.84375

-0.000627203 9.84375
-0.000624209 9.86328

-0.000624211 9.86328
-0.00062121 9.88281

-0.000621206 9.88281
-0.000618203 9.90234

-0.000618201 9.90234
-0.000615207 9.92188

-0.000615199 9.92188
-0.000612237 9.94141

-0.000612238 9.94141
-0.00060932 9.96094

-0.000609325 9.96094
-0.000606441 9.98047

-0.000606439 9.98047
-0.000603581 10

-0.000603582 10
-0.000597929 10.0391

-0.000597942 10.0391
-0.000595141 10.0586

-0.000595138 10.0586
-0.000592343 10.0781

-0.000592319 10.0781
-0.000586844 10.1172

-0.000586869 10.1172
-0.00058151 10.1562

-0.000581465 10.1562
-0.000576264 10.1953

-0.000576306 10.1953
-0.000573788 10.2148

-0.000573789 10.2148
-0.000571267 10.2344

-0.000571265 10.2344
-0.000568741 10.2539

-0.000568736 10.2539
-0.000566224 10.2734

-0.000566229 10.2734
-0.000563728 10.293

-0.000563731 10.293
-0.000561224 10.3125

-0.000561219 10.3125
-0.000558713 10.332

-0.000558715 10.332
-0.000556214 10.3516

-0.000556209 10.3516
-0.000551232 10.3906

-0.000551247 10.3906
-0.000548766 10.4102

-0.000548761 10.4102
-0.000546268 10.4297

-0.000546254 10.4297
-0.000541316 10.4688

-0.000541338 10.4688
-0.00053889 10.4883

-0.000538887 10.4883
-0.000536421 10.5078

-0.000536416 10.5078
-0.000533949 10.5273

-0.000533951 10.5273
-0.000531489 10.5469

-0.000531465 10.5469
-0.000526645 10.5859

-0.000526629 10.5859
-0.000521996 10.625

6.17188 0.0086518
6.15337 0.0195312

6.1702 0.0195312
6.17188 0.0201065

6.17188 0.0637751
6.15885 0.078125

6.09375 0.107065
6.11328 0.103439

6.13281 0.096943
6.13086 0.0976562

6.11328 0.103325
6.12878 0.0976562

6.13281 0.0973975
6.15234 0.0845252

6.15234 0.0833916
6.15815 0.078125

6.17188 0.0183465
6.17348 0.0195312

6.19115 0.0195312
6.18431 0.0390625

6.20865 0
6.20033 0.0195312

6.19141 0.0218024
6.19273 0.0195312

6.18695 0.0390625
6.1768 0.0585938

6.17188 0.063037
6.17533 0.0585938

-0.000522006 10.625
-0.000519772 10.6445

-0.000519763 10.6445
-0.000517611 10.6641

-0.000517649 10.6641
-0.000515518 10.6836

-0.000515503 10.6836
-0.000513349 10.7031

-0.00051334 10.7031
-0.000511211 10.7227

-0.000511206 10.7227
-0.000509131 10.7422

-0.000509142 10.7422
-0.000507107 10.7617

-0.000507112 10.7617
-0.000505084 10.7812

-0.000505086 10.7812
-0.000503055 10.8008

-0.000503057 10.8008
-0.000501014 10.8203

-0.000501015 10.8203
-0.000498953 10.8398

-0.00049895 10.8398
-0.000496873 10.8594

-0.000496871 10.8594
-0.00049479 10.8789

-0.00049479 10.8789
-0.00049271 10.8984

-0.000492713 10.8984
-0.000490628 10.918

-0.000490626 10.918
-0.000488535 10.9375

-0.000488513 10.9375
-0.000484413 10.9766

-0.000484403 10.9766
-0.000480446 11.0156

-0.000480452 11.0156
-0.000476646 11.0547

-0.000476677 11.0547
-0.000474818 11.0742

-0.000474815 11.0742
-0.000472942 11.0938

-0.000472941 11.0938
-0.000471063 11.1133

-0.000471062 11.1133
-0.000469183 11.1328

-0.000469187 11.1328
-0.000467302 11.1523

-0.000467301 11.1523
-0.000465401 11.1719

-0.000465397 11.1719
-0.000463492 11.1914

-0.000463492 11.1914
-0.00046159 11.2109

-0.000461587 11.2109
-0.00045969 11.2305

-0.000459725 11.2305
-0.00045777 11.25

-0.00045765 11.25
-0.000453968 11.2891

-0.000454057 11.2891
-0.000452342 11.3086

-0.000452329 11.3086
-0.000450587 11.3281

-0.00045059 11.3281
-0.000448843 11.3477

-0.000448838 11.3477
-0.000447089 11.3672

-0.000447089 11.3672
-0.000445351 11.3867

-0.000445356 11.3867
-0.000443621 11.4062

-0.000443616 11.4062
-0.000441884 11.4258

-0.000441881 11.4258
-0.000440164 11.4453

-0.000440132 11.4453
-0.00043687 11.4844

-0.000436907 11.4844
-0.00043536 11.5039

-0.000435354 11.5039
-0.000433828 11.5234

-0.000433833 11.5234
-0.000432328 11.543

-0.000432328 11.543
-0.000430834 11.5625

-0.000430835 11.5625
-0.000429349 11.582

-0.000429349 11.582
-0.000427868 11.6016

-0.000427856 11.6016
-0.000424955 11.6406

-0.000424979 11.6406
-0.000423554 11.6602

-0.000423549 11.6602
-0.00042211 11.6797

-0.000422113 11.6797
-0.000420662 11.6992

-0.000420662 11.6992
-0.000419195 11.7188

-0.00041919 11.7188
-0.000417716 11.7383

-0.00041772 11.7383
-0.000416243 11.7578

-0.000416234 11.7578
-0.000414766 11.7773

-0.00041478 11.7773
-0.000413312 11.7969

-0.000413275 11.7969
-0.00041043 11.8359

-0.000410473 11.8359
-0.000409094 11.8555

-0.000409087 11.8555
-0.000407679 11.875

-0.000407677 11.875
-0.000406256 11.8945

-0.000406251 11.8945
-0.000404829 11.9141

-0.000404833 11.9141
-0.000403415 11.9336

-0.000403421 11.9336
-0.000401988 11.9531

-0.000401942 11.9531
-0.000399211 11.9922

-0.000399255 11.9922
-0.000396651 12.0312

-0.000396626 12.0312
-0.00039411 12.0703

-0.000394134 12.0703
-0.000392922 12.0898

-0.000392915 12.0898
-0.000391714 12.1094

-0.000391725 12.1094
-0.000390526 12.1289

-0.00039052 12.1289
-0.000389311 12.1484

-0.000389311 12.1484
-0.000388103 12.168

-0.000388104 12.168
-0.000386895 12.1875

-0.000386895 12.1875
-0.000385681 12.207

-0.000385682 12.207
-0.000384461 12.2266

-0.000384462 12.2266
-0.00038323 12.2461

-0.000383224 12.2461
-0.00038199 12.2656

-0.000382002 12.2656
-0.000380754 12.2852

-0.000380752 12.2852
-0.000379469 12.3047

-0.00037946 12.3047
-0.000378162 12.3242

-0.00037817 12.3242
-0.000376858 12.3438

-0.000376817 12.3438
-0.000374295 12.3828

-0.000374337 12.3828
-0.000373126 12.4023

-0.000373122 12.4023
-0.000371885 12.4219

-0.000371896 12.4219
-0.000369343 12.4609

-0.000369308 12.4609
-0.000366713 12.5

-0.000366648 12.5
-0.000364209 12.5391

-0.000364264 12.5391
-0.000363137 12.5586

-0.000363134 12.5586
-0.000361994 12.5781

-0.000361991 12.5781
-0.000360848 12.5977

-0.000360852 12.5977
-0.000359704 12.6172

-0.000359713 12.6172
-0.000358532 12.6367

-0.000358535 12.6367
-0.000357296 12.6562

-0.000357287 12.6562
-0.000356002 12.6758

-0.000355997 12.6758
-0.000354696 12.6953

-0.00035469 12.6953
-0.000352104 12.7344

-0.000352106 12.7344
-0.00034954 12.7734

-0.000349551 12.7734
-0.00034827 12.793

-0.000348267 12.793
-0.000346975 12.8125

-0.000346973 12.8125
-0.000345682 12.832

-0.000345683 12.832
-0.000344397 12.8516

-0.000344396 12.8516
-0.000341836 12.8906

-0.000341815 12.8906
-0.000339315 12.9297

-0.000339336 12.9297
-0.000336897 12.9688

-0.000336908 12.9688
-0.000335692 12.9883

-0.000335689 12.9883
-0.00033446 13.0078

-0.000334461 13.0078
-0.000333221 13.0273

-0.000333218 13.0273
-0.00033197 13.0469

-0.000331969 13.0469
-0.000330721 13.0664

-0.00033072 13.0664
-0.000329475 13.0859

-0.000329478 13.0859
-0.000328231 13.1055

-0.00032823 13.1055
-0.000326981 13.125

-0.00032698 13.125
-0.00032573 13.1445

-0.000325732 13.1445
-0.00032448 13.1641

-0.000324467 13.1641
-0.000322006 13.2031

-0.000321995 13.2031
-0.000319622 13.2422

-0.000319621 13.2422
-0.000317363 13.2812

-0.000317362 13.2812
-0.00031522 13.3203

-0.000315239 13.3203
-0.000314209 13.3398

-0.000314207 13.3398
-0.000313183 13.3594

-0.000313186 13.3594
-0.000312166 13.3789

-0.000312166 13.3789
-0.000311148 13.3984

-0.000311146 13.3984
-0.000310133 13.418

-0.000310133 13.418
-0.00030913 13.4375

-0.000309115 13.4375
-0.00030719 13.4766

-0.000307195 13.4766
-0.000305373 13.5156

-0.000305353 13.5156
-0.000303661 13.5547

-0.000303691 13.5547
-0.000302901 13.5742

-0.000302902 13.5742
-0.000302105 13.5938

-0.000302107 13.5938
-0.000301294 13.6133

-0.000301292 13.6133
-0.000300463 13.6328

-0.000300474 13.6328
-0.00029961 13.6523

-0.000299603 13.6523
-0.000298698 13.6719

-0.000298699 13.6719
-0.000297762 13.6914

-0.000297766 13.6914
-0.000296789 13.7109

-0.000296778 13.7109
-0.000295773 13.7305

-0.000295774 13.7305
-0.000294763 13.75

-0.00029474 13.75
-0.000292796 13.7891

-0.00029282 13.7891
-0.000291886 13.8086

-0.000291886 13.8086
-0.000290945 13.8281

-0.000290931 13.8281
-0.000289094 13.8672

-0.000289098 13.8672
-0.000287322 13.9062

-0.00028732 13.9062
-0.000285598 13.9453

-0.000285615 13.9453
-0.000284771 13.9648

-0.000284774 13.9648
-0.000283909 13.9844

-0.000283884 13.9844
-0.000282203 14.0234

-0.000282221 14.0234
-0.000280591 14.0625

-0.000280571 14.0625
-0.000278995 14.1016

-0.000279012 14.1016
-0.000277495 14.1406

-0.00027751 14.1406
-0.000276755 14.1602

-0.000276753 14.1602
-0.000275975 14.1797

-0.000275978 14.1797
-0.000275176 14.1992

-0.000275173 14.1992
-0.000274347 14.2188

-0.000274341 14.2188
-0.000273506 14.2383

-0.000273503 14.2383
-0.000272676 14.2578

-0.00027268 14.2578
-0.000271857 14.2773

-0.000271859 14.2773
-0.000271027 14.2969

-0.000271 14.2969
-0.00026942 14.3359

-0.000269444 14.3359
-0.000268698 14.3555

-0.000268692 14.3555
-0.000267954 14.375

-0.000267958 14.375
-0.000266509 14.4141

-0.000266521 14.4141
-0.000265805 14.4336

-0.000265803 14.4336
-0.000265074 14.4531

-0.000265073 14.4531
-0.000264337 14.4727

-0.000264342 14.4727
-0.00026359 14.4922

-0.000263591 14.4922
-0.000262812 14.5117

-0.000262814 14.5117
-0.000262001 14.5312

-0.000261988 14.5312
-0.000260337 14.5703

-0.000260295 14.5703
-0.000258707 14.6094

-0.000258747 14.6094
-0.000257226 14.6484

-0.000257256 14.6484
-0.000256479 14.668

-0.000256477 14.668
-0.000255624 14.6875

-0.000255549 14.6875
-0.000253993 14.7266

-0.000254046 14.7266
-0.000253352 14.7461

-0.00025335 14.7461
-0.000252638 14.7656

-0.000252619 14.7656
-0.000251932 14.7852

-0.000251932 14.7852
-0.000251308 14.8047

-0.000251326 14.8047
-0.000250728 14.8242

-0.000250729 14.8242
-0.000250117 14.8438

-0.000250113 14.8438
-0.000249494 14.8633

-0.000249485 14.8633
-0.000248884 14.8828

-0.000248899 14.8828
-0.000248305 14.9023

-0.000248308 14.9023
-0.000247684 14.9219

-0.000247671 14.9219
-0.000247035 14.9414

-0.000247035 14.9414
-0.000246412 14.9609

-0.000246425 14.9609
-0.000245791 14.9805

-0.000245788 14.9805
-0.000245125 15

-0.000245122 15
-0.000244442 15.0195

-0.000244445 15.0195
-0.000243746 15.0391

-0.000243731 15.0391
-0.000242338 15.0781

-0.000242276 15.0781
-0.000241027 15.1172

-0.000241076 15.1172
-0.00024 15.1562

-0.000240007 15.1562
-0.000239495 15.1758

-0.000239493 15.1758
-0.000238995 15.1953

-0.000238999 15.1953
-0.000238511 15.2148

-0.000238511 15.2148
-0.000238022 15.2344

-0.000238017 15.2344
-0.000237055 15.2734

-0.000237019 15.2734
-0.000236154 15.3125

-0.000236176 15.3125
-0.000235436 15.3516

-0.000235456 15.3516
-0.00023511 15.3711

-0.000235106 15.3711
-0.000234752 15.3906

-0.000234761 15.3906
-0.000234389 15.4102

-0.000234388 15.4102
-0.000233984 15.4297

-0.000233984 15.4297
-0.000233549 15.4492

-0.000233552 15.4492
-0.000233079 15.4688

-0.000233065 15.4688
-0.000232576 15.4883

-0.000232587 15.4883
-0.000232089 15.5078

-0.00023209 15.5078
-0.000231559 15.5273

-0.000231554 15.5273
-0.000230999 15.5469

-0.000230996 15.5469
-0.000230434 15.5664

-0.000230431 15.5664
-0.000229871 15.5859

-0.000229877 15.5859
-0.000229315 15.6055

-0.000229312 15.6055
-0.000228739 15.625

-0.000228737 15.625
-0.000228166 15.6445

-0.000228174 15.6445
-0.000227593 15.6641

-0.000227588 15.6641
-0.000226993 15.6836

-0.000226994 15.6836
-0.000226394 15.7031

-0.000226348 15.7031
-0.000225322 15.7422

-0.000225406 15.7422
-0.000224472 15.7812

-0.000224378 15.7812
-0.000223553 15.8203

-0.000223617 15.8203
-0.00022296 15.8594

-0.000222965 15.8594
-0.000222338 15.8984

-0.000222344 15.8984
-0.000222036 15.918

-0.000222036 15.918
-0.000221724 15.9375

-0.000221725 15.9375
-0.000221408 15.957

-0.000221411 15.957
-0.00022108 15.9766

-0.000221075 15.9766
-0.000220731 15.9961

-0.000220733 15.9961
-0.000220382 16.0156

-0.000220386 16.0156
-0.000220013 16.0352

-0.000220007 16.0352
-0.000219615 16.0547

-0.000219603 16.0547
-0.00021923 16.0742

-0.000219229 16.0742
-0.000218898 16.0938

-0.000218912 16.0938
-0.000218598 16.1133

-0.000218598 16.1133
-0.000218273 16.1328

-0.000218272 16.1328
-0.000217606 16.1719

-0.000217571 16.1719
-0.000216954 16.2109

-0.000216976 16.2109
-0.000216434 16.25

-0.000216445 16.25
-0.000216181 16.2695

-0.000216181 16.2695
-0.000215902 16.2891

-0.000215899 16.2891
-0.000215615 16.3086

-0.000215614 16.3086
-0.000215333 16.3281

-0.000215349 16.3281
-0.00021474 16.3672

-0.000214736 16.3672
-0.000214402 16.3867

-0.000214403 16.3867
-0.000214048 16.4062

-0.00021405 16.4062
-0.00021329 16.4453

-0.000213276 16.4453
-0.00021248 16.4844

-0.000212478 16.4844
-0.000211676 16.5234

-0.000211692 16.5234
-0.000211284 16.543

-0.000211285 16.543
-0.000210837 16.5625

-0.000210819 16.5625
-0.000209916 16.6016

-0.000209913 16.6016
-0.000209024 16.6406

-0.000209036 16.6406
-0.000208594 16.6602

-0.000208592 16.6602
-0.00020813 16.6797

-0.000208122 16.6797
-0.000207202 16.7188

-0.000207184 16.7188
-0.000206312 16.7578

-0.000206326 16.7578
-0.000205509 16.7969

-0.000205519 16.7969
-0.000205117 16.8164

-0.000205119 16.8164
-0.000204701 16.8359

-0.000204681 16.8359
-0.000203888 16.875

-0.000203909 16.875
-0.000203146 16.9141

-0.000203146 16.9141
-0.000202759 16.9336

-0.000202761 16.9336
-0.000202366 16.9531

-0.000202354 16.9531
-0.000201589 16.9922

-0.000201599 16.9922
-0.00020123 17.0117

-0.000201228 17.0117
-0.000200858 17.0312

-0.000200863 17.0312
-0.000200109 17.0703

-0.000200093 17.0703
-0.000199714 17.0898

-0.000199716 17.0898
-0.00019936 17.1094

-0.000199366 17.1094
-0.00019867 17.1484

-0.000198677 17.1484
-0.000198331 17.168

-0.000198329 17.168
-0.000197973 17.1875

-0.000197972 17.1875
-0.000197251 17.2266

-0.000197255 17.2266
-0.000196889 17.2461

-0.000196889 17.2461
-0.000196508 17.2656

-0.00019651 17.2656
-0.000195715 17.3047

-0.000195664 17.3047
-0.000194927 17.3438

-0.000194965 17.3438
-0.000194644 17.3633

-0.000194641 17.3633
-0.000194297 17.3828

-0.00019428 17.3828
-0.00019363 17.4219

-0.000193646 17.4219
-0.00019334 17.4414

-0.00019334 17.4414
-0.000193022 17.4609

-0.000193021 17.4609
-0.000192369 17.5

-0.000192359 17.5
-0.000191705 17.5391

-0.000191711 17.5391
-0.000191388 17.5586

-0.000191388 17.5586
-0.000191058 17.5781

-0.000191035 17.5781
-0.000190452 17.6172

-0.000190472 17.6172
-0.000190219 17.6367

-0.000190223 17.6367
-0.000189964 17.6562

-0.000189965 17.6562
-0.000189691 17.6758

-0.000189691 17.6758
-0.000189397 17.6953

-0.000189395 17.6953
-0.000189088 17.7148

-0.000189084 17.7148
-0.000188775 17.7344

-0.000188778 17.7344
-0.000188469 17.7539

-0.000188467 17.7539
-0.000188155 17.7734

-0.000188158 17.7734
-0.000187843 17.793

-0.000187841 17.793
-0.000187522 17.8125

-0.000187528 17.8125
-0.000187197 17.832

-0.000187192 17.832
-0.000186845 17.8516

-0.00018681 17.8516
-0.000186237 17.8906

-0.000186274 17.8906
-0.000186049 17.9102

-0.000186051 17.9102
-0.000185809 17.9297

-0.000185822 17.9297
-0.000185245 17.9688

-0.000185229 17.9688
-0.000184895 17.9883

-0.000184892 17.9883
-0.000184553 18.0078

-0.000184501 18.0078
-0.000184033 18.0469

-0.000184081 18.0469
-0.000183829 18.0859

-0.000183843 18.0859
-0.00018376 18.1055

-0.000183765 18.1055
-0.000183688 18.125

-0.000183687 18.125
-0.000183609 18.1445

-0.000183607 18.1445
-0.000183534 18.1641

-0.000183536 18.1641
-0.000183402 18.2031

-0.000183405 18.2031
-0.000183341 18.2227

-0.000183342 18.2227
-0.000183274 18.2422

-0.00018326 18.2422
-0.00018317 18.2812

-0.000183168 18.2812
-0.000183153 18.3203

-0.000183144 18.3203
-0.000183226 18.3594

-0.000183258 18.3594
-0.000183332 18.3789

-0.000183327 18.3789
-0.000183378 18.3984

-0.000183378 18.3984
-0.000183415 18.418

-0.000183414 18.418
-0.000183438 18.4375

-0.00018344 18.4375
-0.000183448 18.457

-0.00018344 18.457
-0.000183445 18.4766

-0.000183407 18.4766
-0.000183594 18.5156

-0.000183644 18.5156
-0.000183821 18.5352

-0.00018382 18.5352
-0.000183983 18.5547

-0.000183991 18.5547
-0.000184128 18.5742

-0.000184132 18.5742
-0.00018422 18.5938

-0.000184187 18.5938
-0.000184382 18.6328

-0.000184399 18.6328
-0.000184615 18.6719

-0.000184627 18.6719
-0.000184726 18.6914

-0.000184723 18.6914
-0.000184794 18.7109

-0.000184782 18.7109
-0.000184932 18.75

-0.000184919 18.75
-0.000185116 18.7891

-0.000185154 18.7891
-0.000185347 18.8281

-0.000185341 18.8281
-0.000185408 18.8477

-0.000185405 18.8477
-0.00018546 18.8672

-0.000185457 18.8672
-0.000185514 18.8867

-0.000185517 18.8867
-0.000185576 18.9062

-0.000185569 18.9062
-0.000185709 18.9453

-0.000185713 18.9453
-0.000185795 18.9648

-0.000185797 18.9648
-0.000185879 18.9844

-0.000185856 18.9844
-0.000186106 19.0234

-0.000186128 19.0234
-0.000186295 19.043

-0.000186298 19.043
-0.00018646 19.0625

-0.000186472 19.0625
-0.0001866 19.082

-0.000186596 19.082
-0.000186676 19.1016

-0.000186676 19.1016
-0.000186715 19.1211

-0.000186715 19.1211
-0.000186713 19.1406

6.70923 0
6.71193 0.0195312

6.71163 0.0195312
6.71875 0.0356161

6.71875 0.0352786
6.72042 0.0390625

6.71954 0.0390625
6.7362 0.0585938

6.73513 0.0585938
6.73828 0.0614088

6.73828 0.0601947
6.75781 0.0735558

6.75781 0.0721934
6.77238 0.078125

6.77032 0.078125
6.77734 0.0809837

6.77734 0.0805121
6.79688 0.0850407

6.875 0.071002
6.86045 0.078125

6.79688 0.0849264
6.81641 0.0860404

6.81641 0.0860184
6.83594 0.0839903

6.83594 0.0837903
6.85547 0.0790642

6.85547 0.0793511
6.85804 0.078125

-0.000186707 19.1406
-0.000186679 19.1602

-0.000186676 19.1602
-0.000186642 19.1797

-0.000186635 19.1797
-0.000186615 19.1992

-0.000186623 19.1992
-0.000186615 19.2188

-0.000186617 19.2188
-0.000186602 19.2383

-0.000186602 19.2383
-0.000186576 19.2578

-0.000186573 19.2578
-0.000186508 19.2969

-0.00018647 19.2969
-0.000186468 19.3359

-0.000186487 19.3359
-0.000186534 19.3555

-0.000186529 19.3555
-0.000186597 19.375

-0.000186612 19.375
-0.000186748 19.4141

-0.000186749 19.4141
-0.000186809 19.4336

-0.000186803 19.4336
-0.000186866 19.4531

-0.000186872 19.4531
-0.000186936 19.4727

-0.000186925 19.4727
-0.000187 19.4922

-0.000187 19.4922
-0.000187214 19.5312

-0.000187222 19.5312
-0.000187358 19.5508

-0.000187356 19.5508
-0.000187513 19.5703

-0.000187522 19.5703
-0.000187688 19.5898

-0.000187688 19.5898
-0.000187844 19.6094

-0.000187844 19.6094
-0.000187992 19.6289

-0.000187993 19.6289
-0.000188129 19.6484

-0.000188117 19.6484
-0.000188409 19.6875

-0.000188432 19.6875
-0.000188714 19.7266

-0.000188719 19.7266
-0.000188836 19.7461

-0.000188837 19.7461
-0.000188919 19.7656

-0.000188905 19.7656
-0.000189043 19.8047

-0.000189036 19.8047
-0.000189101 19.8242

-0.000189098 19.8242
-0.00018918 19.8438

-0.000189198 19.8438
-0.000189268 19.8633

-0.000189269 19.8633
-0.00018929 19.8828

-0.000189287 19.8828
-0.000189265 19.9023

-0.000189263 19.9023
-0.000189207 19.9219

-0.000189195 19.9219
-0.000189069 19.9609

-0.000189036 19.9609
-0.000188971 20

6.91406 0.00619618
6.91238 0.0195312

6.91267 0.0195312
6.90475 0.0390625

6.89453 0.0538062
6.8903 0.0585938

6.875 0.0703568
6.88905 0.0585938

6.89453 0.0530654
6.9051 0.0390625

6.91406 0.00713423
6.91496 0

0.175781 0.308082
0.167852 0.3125

0.175781 0.308332
0.195312 0.297745

0.214844 0.287296
0.204124 0.292969

0.195312 0.297982
0.204786 0.292969

0.214844 0.287388
0.234375 0.277346

0.253906 0.267563
0.241994 0.273438

0.253906 0.267736
0.273438 0.258471

0.234375 0.277595
0.242805 0.273438

0.292969 0.249223
0.28283 0.253906

0.273438 0.258792
0.284013 0.253906

0.292969 0.249434
0.3125 0.240683

0.0585938 0.379498
0.0421061 0.390625

0.078125 0.366545
0.0711541 0.371094

0.0585938 0.379653
0.071622 0.371094

0.0195312 0.406307
0.014107 0.410156

0 0.420772
0.0146113 0.410156

0.0195312 0.406372
0.0390625 0.392626

0.0390625 0.392732
0.0422489 0.390625

0.117188 0.34227
0.1021 0.351562

0.078125 0.366644
0.0976562 0.354232

0.0976562 0.354413
0.102315 0.351562

0.136719 0.330119
0.133496 0.332031

0.117188 0.342324
0.134289 0.332031

0.136719 0.330447
0.15625 0.319158

0.15625 0.319417
0.168665 0.3125

0.332031 0.231552
0.325508 0.234375

0.332031 0.232225
0.351562 0.224083

0.371094 0.214651
0.370606 0.214844

0.351562 0.224086
0.371094 0.216374

0.390625 0.208916
0.37503 0.214844

0.371094 0.216782
0.376195 0.214844

0.3125 0.241014
0.327842 0.234375

0.429688 0.193583
0.424813 0.195312

0.390625 0.20898
0.410156 0.201781

0.410156 0.20201
0.429035 0.195312

0.429688 0.194828
0.449219 0.188216

0.449219 0.188253
0.46875 0.181968

0.566406 0.153708
0.556369 0.15625

0.566406 0.154481
0.585938 0.149855

0.585938 0.149892
0.605469 0.145576

0.605469 0.145574
0.625 0.141496

0.488281 0.174693
0.484757 0.175781

0.46875 0.182067
0.488281 0.176033

0.507812 0.170149
0.488697 0.175781

0.488281 0.176229
0.4898 0.175781

0.507812 0.170188
0.527344 0.164697

0.527344 0.164675
0.546875 0.159446

0.546875 0.159956
0.56151 0.15625

0.625 0.141503
0.644531 0.137651

0.664062 0.133818
0.648361 0.136719

0.644531 0.138137
0.652207 0.136719

0.664062 0.134035
0.683594 0.130688

0.683594 0.130703
0.703125 0.127573

0.703125 0.127578
0.722656 0.124625

0.722656 0.12463
0.742188 0.121835

0.78125 0.116482
0.77568 0.117188

0.742188 0.121832
0.761719 0.119193

0.761719 0.119258
0.778073 0.117188

0.78125 0.116714
0.800781 0.114419

0.800781 0.11445
0.820312 0.11228

0.820312 0.112272
0.839844 0.110184

0.839844 0.110183
0.859375 0.108191

0.859375 0.108191
0.878906 0.106298

0.878906 0.106315
0.898438 0.104486

0.898438 0.104492
0.917969 0.102679

0.917969 0.102687
0.9375 0.100866

0.9375 0.100862
0.957031 0.0990266

0.976562 0.0970808
0.970274 0.0976562

0.957031 0.0990489
0.97225 0.0976562

0.976562 0.0971945
0.996094 0.0955447

0.996094 0.095573
1.01562 0.0940402

1.01562 0.0940297
1.03516 0.0925784

1.03516 0.092574
1.05469 0.091234

1.05469 0.0912266
1.07422 0.0900213

1.07422 0.0900127
1.09375 0.0889741

1.09375 0.0889693
1.11328 0.0881244

1.11328 0.0881271
1.13281 0.0874801

1.13281 0.0874941
1.15234 0.0870115

1.15234 0.0870333
1.17188 0.0866436

1.17188 0.0866736
1.19141 0.0862736

1.19141 0.0863044
1.21094 0.0857726

1.21094 0.0857992
1.23047 0.0850206

1.23047 0.0850377
1.25 0.0839249

7.92252 0
7.92564 0.0195312

7.92505 0.0195312
7.92969 0.0285929

7.92969 0.0280838
7.93575 0.0390625

7.93508 0.0390625
7.94922 0.0532536

7.94922 0.0526915
7.95958 0.0585938

7.95993 0.0585938
7.96875 0.0632316

7.96875 0.063071
7.98828 0.0664032

7.98828 0.0659026
8.00781 0.0635758

8.04688 0.0380215
8.04629 0.0390625

8.02734 0.0566401
8.02294 0.0585938

8.00781 0.0640325
8.0201 0.0585938

8.02734 0.0565026
8.04612 0.0390625

8.05918 0
8.05596 0.0195312

8.04688 0.0367949
8.05653 0.0195312

0 2.41156
0.00268742 2.42188

0.00270425 2.42188
0.00758992 2.44141

0.00759018 2.44141
0.0122739 2.46094

0.012274 2.46094
0.0167549 2.48047

0.0167655 2.48047
0.0195312 2.49309

0.0195312 2.49324
0.0210128 2.5

1.32812 0.0760795
1.30973 0.078125

1.25 0.0839319
1.26953 0.0824367

1.26953 0.0824242
1.28906 0.0805577

1.28906 0.0805253
1.30859 0.0783771

1.30859 0.0785012
1.31198 0.078125

1.32812 0.0761085
1.34766 0.0741044

1.34766 0.07407
1.36719 0.0723027

1.36719 0.0722505
1.38672 0.0708929

1.38672 0.0708645
1.40625 0.0700776

1.40625 0.07008
1.42578 0.0699156

1.42578 0.0699367
1.44531 0.0703475

1.44531 0.0703629
1.46484 0.0712755

1.46484 0.0712785
1.48438 0.0726558

1.48438 0.0726885
1.50391 0.0744591

1.50391 0.0745399
1.52344 0.0764768

1.52344 0.076566
1.5405 0.078125

1.54175 0.078125
1.54297 0.0782361

1.54297 0.0783182
1.5625 0.079838

1.62109 0.0779168
1.61946 0.078125

1.64062 0.0736234
1.62115 0.078125

1.5625 0.080041
1.58203 0.0809333

1.58203 0.0810956
1.60156 0.0806298

1.60156 0.080808
1.62109 0.0783208

1.62109 0.0783825
1.62221 0.078125

1.64062 0.0737493
1.66016 0.067301

1.66016 0.0672384
1.67969 0.0587454

1.67969 0.0581453
1.69922 0.0489296

1.67969 0.0587678
1.68006 0.0585938

1.69922 0.0473795
1.71875 0.0417413

1.71875 0.0407727
1.73828 0.0437527

1.74707 0.0390625
1.75781 0.0478908

1.74743 0.0585938
1.75014 0.078125

1.7638 0.0390625
1.76941 0.0585938

1.75781 0.067394
1.76041 0.078125

1.74 0.078125
1.75781 0.0917775

1.75855 0.078125
1.77734 0.0879466

1.77734 0.0885803
1.79198 0.0976562

1.79688 0.101164
1.81641 0.111573

1.81641 0.111888
1.83198 0.117188

1.83559 0.117188
1.83594 0.117306

1.83594 0.118105
1.85547 0.121214

1.85547 0.121384
1.875 0.121202

1.91406 0.111179
1.89637 0.117188

1.875 0.120998
1.89453 0.117593

1.89453 0.117666
1.89594 0.117188

1.91406 0.111855
1.93359 0.1002

1.95312 0.0815534
1.93668 0.0976562

1.93359 0.100682
1.93741 0.0976562

1.98152 0
1.98008 0.0195312

1.98016 0.0195312
1.97571 0.0390625

1.97266 0.0465945
1.96779 0.0585938

1.96842 0.0585938
1.95579 0.078125

1.97266 0.0475364
1.97609 0.0390625

1.95312 0.0818429
1.95618 0.078125

2.3007 0
2.30169 0.0195312

2.30143 0.0195312
2.30469 0.0378545

2.30452 0.0390625
2.30469 0.039518

2.30469 0.0380027
2.30488 0.0390625

2.30469 0.0395786
2.31176 0.0585938

2.31111 0.0585938
2.32422 0.0780001

2.32422 0.0780174
2.3243 0.078125

2.32422 0.0784391
2.34375 0.0962603

2.34375 0.0963015
2.34621 0.0976562

2.34825 0.0976562
2.36328 0.105919

2.36328 0.105707
2.38281 0.111933

2.38281 0.11185
2.40234 0.114555

2.40234 0.114681
2.42188 0.113778

2.5 0.0354448
2.49914 0.0390625

2.48047 0.0779372
2.48035 0.078125

2.4993 0.0390625
2.49164 0.0585938

2.48047 0.0780082
2.49219 0.0585938

2.42188 0.113966
2.44141 0.108827

2.46094 0.0972231
2.46021 0.0976562

2.44141 0.109543
2.46094 0.0983748

2.48047 0.0792008
2.46225 0.0976562

2.46094 0.0982789
2.46174 0.0976562

2.48047 0.0793422
2.48139 0.078125

