-5.63114 0
-5.625 0.0143701

-5.625 0.0173934
-5.62401 0.0195312

-5.62014 0.0195312
-5.60547 0.0329885

-5.60547 0.0362105
-5.588 0.0390625

-5.5946 0.0390625
-5.58594 0.0404601

-5.58594 0.0380375
-5.56641 0.023697

-5.55699 0
-5.56286 0.0195312

-5.56641 0.031746
-5.55701 0.0195312

-5.58594 0.0396256
-5.58453 0.0390625

0 3.55159
0.000665618 3.55469

0.000642546 3.55469
0.00465181 3.57422

0.00464164 3.57422
0.0084967 3.59375

0.00848719 3.59375
0.0122274 3.61328

0.0122188 3.61328
0.0158804 3.63281

0.0158742 3.63281
0.0194869 3.65234

0.019475 3.65234
0.0195312 3.65265

0.0195312 3.65261
0.0230674 3.67188

0.0230643 3.67188
0.0266349 3.69141

0.0266357 3.69141
0.0301967 3.71094

0.0301995 3.71094
0.0337436 3.73047

0.0337498 3.73047
0.0372592 3.75

0.0372801 3.75
0.0390625 3.7601

0.0390625 3.76026
0.0406996 3.76953

0.0407207 3.76953
0.0440773 3.78906

0.044085 3.78906
0.047322 3.80859

0.0473293 3.80859
0.050417 3.82812

0.050423 3.82812
0.0533348 3.84766

0.0533384 3.84766
0.0560551 3.86719

0.0560553 3.86719
0.0585695 3.88672

0.058581 3.88672
0.0585938 3.88683

0.0585938 3.88692
0.0608797 3.90625

0.0608778 3.90625
0.0629852 3.92578

0.0629814 3.92578
0.0648982 3.94531

0.064893 3.94531
0.0666369 3.96484

0.0666312 3.96484
0.0682237 3.98438

0.068218 3.98438
0.0696819 4.00391

0.0696768 4.00391
0.0710336 4.02344

0.07103 4.02344
0.0722971 4.04297

0.0722954 4.04297
0.0734833 4.0625

0.0734837 4.0625
0.074595 4.08203

0.0745969 4.08203
0.0756269 4.10156

0.0756299 4.10156
0.0765685 4.12109

0.0765719 4.12109
0.0774062 4.14062

0.0774088 4.14062
0.078125 4.1601

0.0781301 4.16016
0.0787211 4.17969

0.0787222 4.17969
0.0791775 4.19922

0.0791776 4.19922
0.0794947 4.21875

0.078125 4.36685
0.0779111 4.375

0.0794934 4.21875
0.0796746 4.23828

0.0796723 4.23828
0.0797248 4.25781

0.0797219 4.25781
0.0796563 4.27734

0.0796532 4.27734
0.0794815 4.29688

0.0794789 4.29688
0.0792125 4.31641

0.0792108 4.31641
0.0788585 4.33594

0.0788578 4.33594
0.0784243 4.35547

0.078125 4.36687
0.078424 4.35547

0.0779124 4.375
0.0773202 4.39453

0.0773213 4.39453
0.0766453 4.41406

0.0766463 4.41406
0.0758824 4.43359

0.0758831 4.43359
0.0750278 4.45312

0.075028 4.45312
0.0740794 4.47266

0.0740791 4.47266
0.0730375 4.49219

0.0730368 4.49219
0.0719045 4.51172

0.0719034 4.51172
0.0706843 4.53125

0.070683 4.53125
0.0693818 4.55078

0.0693806 4.55078
0.0680024 4.57031

0.0680015 4.57031
0.0665506 4.58984

0.0665498 4.58984
0.0650296 4.60938

0.0650291 4.60938
0.0634423 4.62891

0.0634417 4.62891
0.0617907 4.64844

0.0585938 4.68446
0.0583182 4.6875

0.0617903 4.64844
0.0600771 4.66797

0.0585938 4.68428
0.0600733 4.66797

0.0583047 4.6875
0.0564745 4.70703

0.0564739 4.70703
0.0545855 4.72656

0.0545857 4.72656
0.05264 4.74609

0.0526403 4.74609
0.0506363 4.76562

0.0506361 4.76562
0.0485736 4.78516

0.0485727 4.78516
0.0464538 4.80469

0.0464528 4.80469
0.0442812 4.82422

0.0442805 4.82422
0.0420593 4.84375

0.0390625 4.86944
0.0374817 4.88281

0.0374792 4.88281
0.0351344 4.90234

0.0351339 4.90234
0.0327528 4.92188

0.0420588 4.84375
0.0397903 4.86328

0.0390625 4.86935
0.0397802 4.86328

0.0327525 4.92188
0.0303367 4.94141

0.0303359 4.94141
0.0278879 4.96094

0.0278864 4.96094
0.0254107 4.98047

0.0254096 4.98047
0.0229115 5

-2.21288 0
-2.20703 0.00710359

-2.20703 0.00675022
-2.19866 0

-2.13227 0
-2.12891 0.00650574

-2.12891 0.00537251
-2.11414 0

-1.77923 0
-1.77734 0.00485139

-1.76881 0
-1.75781 0.0101034

-1.75781 0.010606
-1.74694 0

-1.54334 0
-1.54297 0.0011219

-1.53584 0
-1.52344 0.0124028

-1.52344 0.012389
-1.51095 0

-1.50391 0.00119685
-1.5035 0

-1.1962 0
-1.19249 0.0195312

-1.19462 0.0195312
-1.19141 0.0258245

-1.19141 0.0225165
-1.17959 0.0390625

-1.18251 0.0390625
-1.17188 0.0482097

-1.17188 0.0461524
-1.15234 0.0551779

-1.15234 0.0545009
-1.13281 0.0546938

-1.09375 0.027177
-1.1031 0.0390625

-1.13281 0.0553049
-1.11328 0.0467973

-1.11328 0.0456204
-1.10516 0.0390625

-1.08688 0
-1.09059 0.0195312

-1.09375 0.024917
-1.09055 0.0195312

-0.957031 0.000811823
-0.9375 0.000811823

-0.064176 0
-0.0585938 0.0112006

-0.0585938 0.00969229
-0.0390625 0.00323798

0 1.17578
-0.00198473 1.19141

-0.00198635 1.19141
-0.0045442 1.21094

-0.00454213 1.21094
-0.00718328 1.23047

-0.00718123 1.23047
-0.0099139 1.25

-0.00991333 1.25
-0.0127427 1.26953

-0.0127442 1.26953
-0.0156686 1.28906

-0.0195312 1.31392
-0.0217907 1.32812

-0.015669 1.28906
-0.0186846 1.30859

-0.0195312 1.31392
-0.0186843 1.30859

-0.0217903 1.32812
-0.0249889 1.34766

-0.0249908 1.34766
-0.0282788 1.36719

-0.0282818 1.36719
-0.0316494 1.38672

-0.0316498 1.38672
-0.0350906 1.40625

-0.0390625 1.42826
-0.0422083 1.44531

-0.0422076 1.44531
-0.0458986 1.46484

-0.0458978 1.46484
-0.0496815 1.48438

-0.0350878 1.40625
-0.0386065 1.42578

-0.0390625 1.42822
-0.038612 1.42578

-0.0496788 1.48438
-0.0535621 1.50391

-0.0535588 1.50391
-0.0575535 1.52344

-0.0585938 1.52841
-0.0616642 1.54297

-0.0616647 1.54297
-0.0659185 1.5625

-0.0585938 1.52832
-0.0575642 1.52344

-0.078125 1.61499
-0.0796092 1.62109

-0.0796399 1.62109
-0.084562 1.64062

-0.0845657 1.64062
-0.0896577 1.66016

-0.0896572 1.66016
-0.094913 1.67969

-0.0976562 1.68965
-0.100312 1.69922

-0.100329 1.69922
-0.105919 1.71875

-0.0976562 1.6895
-0.0949343 1.67969

-0.0659145 1.5625
-0.0703204 1.58203

-0.0703159 1.58203
-0.0748909 1.60156

-0.078125 1.61479
-0.0749083 1.60156

-0.117188 1.7567
-0.117525 1.75781

-0.117592 1.75781
-0.123616 1.77734

-0.123621 1.77734
-0.129773 1.79688

-0.105923 1.71875
-0.111684 1.73828

-0.117188 1.75644
-0.111702 1.73828

-0.136719 1.81852
-0.142362 1.83594

-0.129782 1.79688
-0.136033 1.81641

-0.136719 1.81849
-0.136042 1.81641

-0.142348 1.83594
-0.14878 1.85547

-0.148771 1.85547
-0.155353 1.875

-0.3125 2.33374
-0.314841 2.34375

-0.314864 2.34375
-0.318811 2.36328

-0.318837 2.36328
-0.322061 2.38281

-0.322084 2.38281
-0.324489 2.40234

-0.324508 2.40234
-0.32601 2.42188

-0.32602 2.42188
-0.326561 2.44141

-0.326559 2.44141
-0.326123 2.46094

-0.326112 2.46094
-0.324725 2.48047

-0.324712 2.48047
-0.322421 2.5

-0.15625 1.8776
-0.1621 1.89453

-0.162111 1.89453
-0.169009 1.91406

-0.175781 1.93312
-0.175952 1.93359

-0.176012 1.93359
-0.183091 1.95312

-0.175781 1.93292
-0.169028 1.91406

-0.195312 1.98669
-0.197315 1.99219

-0.197367 1.99219
-0.204446 2.01172

-0.204428 2.01172
-0.211547 2.03125

-0.183113 1.95312
-0.190252 1.97266

-0.195312 1.98642
-0.190301 1.97266

-0.234375 2.09374
-0.24006 2.10938

-0.253906 2.14804
-0.254047 2.14844

-0.240071 2.10938
-0.247137 2.12891

-0.253906 2.14779
-0.247156 2.12891

-0.254122 2.14844
-0.261017 2.16797

-0.261022 2.16797
-0.267849 2.1875

-0.214844 2.04028
-0.218684 2.05078

-0.218708 2.05078
-0.225836 2.07031

-0.214844 2.0401
-0.211609 2.03125

-0.225838 2.07031
-0.232959 2.08984

-0.234375 2.09366
-0.232988 2.08984

-0.15625 1.87755
-0.155367 1.875

-0.273438 2.20387
-0.274521 2.20703

-0.27456 2.20703
-0.281108 2.22656

-0.292969 2.26331
-0.2937 2.26562

-0.281117 2.22656
-0.287521 2.24609

-0.292969 2.26322
-0.28756 2.24609

-0.273438 2.20369
-0.267883 2.1875

-0.293729 2.26562
-0.29959 2.28516

-0.299603 2.28516
-0.305124 2.30469

-0.305154 2.30469
-0.31025 2.32422

-0.3125 2.33376
-0.31027 2.32422

0.0195312 5.0262
0.0178655 5.03906

0.022911 5
0.0203936 5.01953

0.0195312 5.0261
0.0203821 5.01953

0.017862 5.03906
0.0153246 5.05859

0.0153233 5.05859
0.0127791 5.07812

0.0127781 5.07812
0.0102319 5.09766

0.010231 5.09766
0.00768683 5.11719

0.00768499 5.11719
0.00514824 5.13672

0.00514618 5.13672
0.00262469 5.15625

0.00262141 5.15625
0.000125853 5.17578

0 5.17677
0.000124801 5.17578

0 6.10187
0.000959366 6.11328

0.000965291 6.11328
0.00255072 6.13281

0.00255229 6.13281
0.00407556 6.15234

0.00407703 6.15234
0.00553204 6.17188

0.00553338 6.17188
0.0069145 6.19141

0.00691575 6.19141
0.0082178 6.21094

0.00821897 6.21094
0.00943714 6.23047

0.00943816 6.23047
0.0105681 6.25

0.010569 6.25
0.0116067 6.26953

0.0116075 6.26953
0.0125494 6.28906

0.0125501 6.28906
0.013393 6.30859

0.0133936 6.30859
0.0141348 6.32812

0.0141353 6.32812
0.0147728 6.34766

0.0147732 6.34766
0.0153052 6.36719

0.0153055 6.36719
0.0157309 6.38672

-0.322406 2.5
-0.319268 2.51953

-0.319237 2.51953
-0.315344 2.53906

-0.315242 2.53906
-0.3125 2.55091

-0.3125 2.55171
-0.310907 2.55859

-0.310785 2.55859
-0.305718 2.57812

-0.305713 2.57812
-0.30012 2.59766

-0.300107 2.59766
-0.294024 2.61719

-0.294026 2.61719
-0.292969 2.62032

-0.292969 2.62039
-0.287459 2.63672

-0.287458 2.63672
-0.280302 2.65625

-0.280219 2.65625
-0.273438 2.67362

-0.273438 2.67457
-0.272966 2.67578

-0.272625 2.67578
-0.264635 2.69531

-0.264577 2.69531
-0.256341 2.71484

-0.256198 2.71484
-0.253906 2.72025

-0.253906 2.72057
-0.248058 2.73438

-0.247989 2.73438
-0.239835 2.75391

-0.239729 2.75391
-0.234375 2.76713

-0.234375 2.76773
-0.232064 2.77344

-0.23189 2.77344
-0.224296 2.79297

-0.224297 2.79297
-0.217025 2.8125

-0.216996 2.8125
-0.214844 2.81853

-0.214844 2.81868
-0.210082 2.83203

-0.210078 2.83203
-0.203374 2.85156

-0.203382 2.85156
-0.196902 2.87109

-0.196886 2.87109
-0.195312 2.87599

-0.195312 2.87606
-0.190634 2.89062

-0.190625 2.89062
-0.184566 2.91016

-0.184566 2.91016
-0.17873 2.92969

-0.178715 2.92969
-0.175781 2.93989

-0.175781 2.94001
-0.173132 2.94922

-0.173113 2.94922
-0.167707 2.96875

-0.167712 2.96875
-0.162511 2.98828

-0.162523 2.98828
-0.157491 3.00781

-0.15752 3.00781
-0.15625 3.01286

-0.15625 3.01278
-0.152587 3.02734

-0.152608 3.02734
-0.147758 3.04688

-0.147772 3.04688
-0.142929 3.06641

-0.142939 3.06641
-0.138057 3.08594

-0.138081 3.08594
-0.136719 3.0913

-0.136719 3.09122
-0.133099 3.10547

-0.133118 3.10547
-0.128034 3.125

0.015731 6.38672
0.0160491 6.40625

0.0160492 6.40625
0.0162596 6.42578

0.0162596 6.42578
0.0163625 6.44531

0.0163623 6.44531
0.016358 6.46484

0.0163578 6.46484
0.016247 6.48438

0.0162466 6.48438
0.0160305 6.50391

0.0160301 6.50391
0.0157101 6.52344

0.0157095 6.52344
0.0152875 6.54297

0.0152869 6.54297
0.0147654 6.5625

-0.128042 3.125
-0.122792 3.14453

-0.122792 3.14453
-0.11736 3.16406

-0.117393 3.16406
-0.117188 3.16477

-0.117188 3.1647
-0.111732 3.18359

-0.111739 3.18359
-0.105859 3.20312

-0.105856 3.20312
-0.0997284 3.22266

-0.099683 3.22266
-0.0976562 3.22891

-0.0976562 3.22903
-0.0933896 3.24219

-0.0933867 3.24219
-0.086872 3.26172

-0.0868571 3.26172
-0.0801701 3.28125

-0.0800992 3.28125
-0.078125 3.28694

-0.078125 3.28712
-0.0733859 3.30078

-0.0733617 3.30078
-0.0665604 3.32031

0.0147646 6.5625
0.0141466 6.58203

0.0141457 6.58203
0.0134346 6.60156

0.0134334 6.60156
0.0126334 6.62109

0.0126321 6.62109
0.0117483 6.64062

0.0117468 6.64062
0.0107849 6.66016

0.0107831 6.66016
0.00974974 6.67969

0.00974765 6.67969
0.00865052 6.69922

0.00864839 6.69922
0.00749597 6.71875

0.00749356 6.71875
0.00629494 6.73828

0.00629215 6.73828
0.00505772 6.75781

0.00505492 6.75781
0.00379584 6.77734

0.00379313 6.77734
0.00252046 6.79688

0.00251738 6.79688
0.00124272 6.81641

0 6.83556
0.00123909 6.81641

-0.0665386 3.32031
-0.059767 3.33984

-0.0597202 3.33984
-0.0585938 3.34314

-0.0585938 3.34326
-0.0530889 3.35938

-0.0530696 3.35938
-0.0465483 3.37891

-0.0465363 3.37891
-0.0402144 3.39844

-0.040176 3.39844
-0.0390625 3.40202

-0.0390625 3.40213
-0.0341323 3.41797

-0.0341213 3.41797
-0.0283139 3.4375

-0.0283109 3.4375
-0.0227899 3.45703

-0.0227641 3.45703
-0.0195312 3.4691

-0.0195312 3.46937
-0.017605 3.47656

-0.0175621 3.47656
-0.0126164 3.49609

-0.0126199 3.49609
-0.00794852 3.51562

-0.00795528 3.51562
-0.00353785 3.53516

-0.00355084 3.53516
0 3.55168

0 7.45006
0.000488902 7.46094

0.000493464 7.46094
0.00133402 7.48047

0.00133624 7.48047
0.00213113 7.5

0.00213324 7.5
0.00287383 7.51953

0.00287579 7.51953
0.00355393 7.53906

0.0035557 7.53906
0.00416398 7.55859

0.00416552 7.55859
0.00469731 7.57812

0.00469862 7.57812
0.00514821 7.59766

0.00514926 7.59766
0.00551195 7.61719

0.00551274 7.61719
0.00578485 7.63672

0.00578537 7.63672
0.00596426 7.65625

0.00596449 7.65625
0.00604868 7.67578

0.00604863 7.67578
0.00603775 7.69531

0.00603739 7.69531
0.00593223 7.71484

0.00593151 7.71484
0.00573425 7.73438

0.00573322 7.73438
0.00544736 7.75391

0.005446 7.75391
0.00507632 7.77344

0.00507457 7.77344
0.00462728 7.79297

0.00462526 7.79297
0.00410788 7.8125

0.00410562 7.8125
0.00352673 7.83203

0.00352412 7.83203
0.00289348 7.85156

0.00289068 7.85156
0.00221911 7.87109

0.00221629 7.87109
0.00151504 7.89062

0.00151201 7.89062
0.000792787 7.91016

0.000789496 7.91016
6.49647e-05 7.92969

0 7.93137
6.20733e-05 7.92969

0 8.4221
0.000400421 8.4375

0.000403312 8.4375
0.000874291 8.45703

0.000876358 8.45703
0.00130177 8.47656

0.00130358 8.47656
0.00167567 8.49609

0.00167717 8.49609
0.00198933 8.51562

0.0019905 8.51562
0.00223741 8.53516

0.00223821 8.53516
0.00241595 8.55469

0.00241636 8.55469
0.00252251 8.57422

0.00252254 8.57422
0.00255623 8.59375

0.00255586 8.59375
0.00251774 8.61328

0.00251696 8.61328
0.0024093 8.63281

0.00240815 8.63281
0.00223482 8.65234

0.00223331 8.65234
0.0019996 8.67188

0.00199773 8.67188
0.00171042 8.69141

0.00170831 8.69141
0.00137534 8.71094

0.00137301 8.71094
0.00100327 8.73047

0.00100069 8.73047
0.000603971 8.75

0 5.17678
-0.00233687 5.19531

-0.00233894 5.19531
-0.00476357 5.21484

-0.00476516 5.21484
-0.0071447 5.23438

-0.00714662 5.23438
-0.00947405 5.25391

-0.00947623 5.25391
-0.0117434 5.27344

-0.0117456 5.27344
-0.0139436 5.29297

-0.013946 5.29297
-0.0160656 5.3125

-0.0195312 5.34655
-0.0200277 5.35156

-0.0160678 5.3125
-0.0180998 5.33203

-0.0195312 5.34642
-0.0181052 5.33203

-0.0200393 5.35156
-0.0218719 5.37109

-0.0218738 5.37109
-0.0235958 5.39062

-0.0235977 5.39062
-0.0252015 5.41016

-0.0252033 5.41016
-0.0266813 5.42969

-0.026683 5.42969
-0.0280285 5.44922

-0.0280301 5.44922
-0.0292369 5.46875

-0.0292383 5.46875
-0.0303003 5.48828

-0.0303015 5.48828
-0.0312135 5.50781

-0.0312144 5.50781
-0.0319722 5.52734

-0.0319729 5.52734
-0.0325732 5.54688

-0.0325738 5.54688
-0.0330136 5.56641

-0.033014 5.56641
-0.0332915 5.58594

-0.0332914 5.58594
-0.0334061 5.60547

-0.0334059 5.60547
-0.0333586 5.625

-0.0333582 5.625
-0.03315 5.64453

-0.0331492 5.64453
-0.0327825 5.66406

-0.0327812 5.66406
-0.0322601 5.68359

-0.0322587 5.68359
-0.0315888 5.70312

-0.0315873 5.70312
-0.0307743 5.72266

-0.0307724 5.72266
-0.0298228 5.74219

-0.0298204 5.74219
-0.0287429 5.76172

-0.0287405 5.76172
-0.0275446 5.78125

-0.0275425 5.78125
-0.0262371 5.80078

-0.0262345 5.80078
-0.0248289 5.82031

-0.0248258 5.82031
-0.0233314 5.83984

-0.0233284 5.83984
-0.0217575 5.85938

-0.0217546 5.85938
-0.0201186 5.87891

-0.0201098 5.87891
-0.0195312 5.8856

-0.0195312 5.88569
-0.0184294 5.89844

-0.018426 5.89844
-0.0166948 5.91797

-0.0166922 5.91797
-0.0149244 5.9375

-0.0149219 5.9375
-0.0131276 5.95703

-0.0131248 5.95703
-0.0113144 5.97656

-0.0113117 5.97656
-0.00949609 5.99609

-0.00949359 5.99609
-0.00768312 6.01562

-0.00768062 6.01562
-0.0058853 6.03516

-0.0058828 6.03516
-0.00411261 6.05469

-0.0041104 6.05469
-0.00237475 6.07422

-0.00237282 6.07422
-0.000679996 6.09375

-0.000671184 6.09375
0 6.10173

0.000601373 8.75
0.000188015 8.76953

0 8.77815
0.000185277 8.76953

0 9.21654
3.2266e-05 9.21875

3.97795e-05 9.21875
0.000296773 9.23828

0.00029831 9.23828
0.000520819 9.25781

0.000522066 9.25781
0.000704522 9.27734

0.000705447 9.27734
0.000843506 9.29688

0.000844081 9.29688
0.000934742 9.31641

0.000934941 9.31641
0.000976659 9.33594

0.000976477 9.33594
0.00096922 9.35547

0.000968671 9.35547
0.000913899 9.375

0 6.83573
-1.33254e-05 6.83594

-2.6234e-05 6.83594
-0.00126804 6.85547

-0.00127057 6.85547
-0.00248172 6.875

0.000912967 9.375
0.000813642 9.39453

0.00081237 9.39453
0.000672898 9.41406

0.000671378 9.41406
0.000497344 9.43359

0.000495553 9.43359
0.000293581 9.45312

0.000291568 9.45312
6.92621e-05 9.47266

0 9.4783
6.78872e-05 9.47266

0 9.90309
0.000111014 9.92188

0.000111862 9.92188
0.000197943 9.94141

0.000198396 9.94141
0.00025265 9.96094

0.000252755 9.96094
0.000274065 9.98047

0.000273829 9.98047
0.000262456 10

-0.00248432 6.875
-0.00365454 6.89453

-0.00365722 6.89453
-0.00477595 6.91406

-0.00477859 6.91406
-0.00583521 6.93359

-0.00583774 6.93359
-0.00682193 6.95312

-0.00682431 6.95312
-0.00772621 6.97266

-0.00772836 6.97266
-0.00853893 6.99219

-0.00854075 6.99219
-0.00925204 7.01172

-0.00925358 7.01172
-0.00985885 7.03125

-0.00986001 7.03125
-0.0103539 7.05078

-0.0103547 7.05078
-0.0107332 7.07031

-0.0107336 7.07031
-0.0109945 7.08984

-0.0109945 7.08984
-0.0111368 7.10938

-0.0111365 7.10938
-0.0111606 7.12891

-0.01116 7.12891
-0.0110678 7.14844

-0.0110668 7.14844
-0.0108615 7.16797

-0.0108603 7.16797
-0.0105463 7.1875

-0.0105447 7.1875
-0.0101277 7.20703

5.40007 0
5.40181 0.0195312

5.40171 0.0195312
5.40712 0.0390625

5.40689 0.0390625
5.41016 0.0456523

5.41016 0.0456118
5.41663 0.0585938

5.41618 0.0585938
5.42969 0.0757384

5.42969 0.0757122
5.4319 0.078125

5.43183 0.078125
5.44922 0.0931335

5.44922 0.0932832
5.45709 0.0976562

5.45857 0.0976562
5.46875 0.103276

5.46875 0.103289
5.48828 0.109451

5.48828 0.109345
5.50781 0.111782

5.50781 0.11177
5.52734 0.11072

5.52734 0.110799
5.54688 0.106128

5.62294 0
5.6212 0.0195312

5.62129 0.0195312
5.61588 0.0390625

5.60547 0.060485
5.59121 0.078125

5.61613 0.0390625
5.60638 0.0585938

5.60547 0.0603597
5.60663 0.0585938

5.56641 0.0969828
5.56493 0.0976562

5.54688 0.106367
5.56603 0.0976562

5.58594 0.0833278
5.56698 0.0976562

5.58594 0.0832857
5.59123 0.078125

-0.0101258 7.20703
-0.00961277 7.22656

-0.00961064 7.22656
-0.00900957 7.24609

-0.0090072 7.24609
-0.00832711 7.26562

-0.00832453 7.26562
-0.00757534 7.28516

-0.00757265 7.28516
-0.00676492 7.30469

-0.00676214 7.30469
-0.00590682 7.32422

-0.00590397 7.32422
-0.00501233 7.34375

-0.00500949 7.34375
-0.00409292 7.36328

-0.00409014 7.36328
-0.00315986 7.38281

-0.00315711 7.38281
-0.0022242 7.40234

-0.00222149 7.40234
-0.00129684 7.42188

-0.00129429 7.42188
-0.000388419 7.44141

-0.000383092 7.44141
0 7.44993

0 7.93139
-0.000655881 7.94922

-0.000658667 7.94922
-0.00136099 7.96875

-0.00136373 7.96875
-0.00203891 7.98828

-0.0020416 7.98828
-0.0026788 8.00781

-0.00268136 8.00781
-0.00327005 8.02734

-0.00327242 8.02734
-0.00380274 8.04688

-0.00380483 8.04688
-0.00426787 8.06641

-0.00426964 8.06641
-0.00465769 8.08594

-0.00465907 8.08594
-0.00496582 8.10547

-0.00496679 8.10547
-0.0051875 8.125

-0.00518803 8.125
-0.00531971 8.14453

-0.00531979 8.14453
-0.00536121 8.16406

-0.00536083 8.16406
-0.00531259 8.18359

-0.00531173 8.18359
-0.00517628 8.20312

-0.00517498 8.20312
-0.00495663 8.22266

-0.0049549 8.22266
-0.00465974 8.24219

-0.00465765 8.24219
-0.00429331 8.26172

-0.00429091 8.26172
-0.0038664 8.28125

-0.00386374 8.28125
-0.00338918 8.30078

-0.00338636 8.30078
-0.00287271 8.32031

-0.00286979 8.32031
-0.00232852 8.33984

-0.00232555 8.33984
-0.00176841 8.35938

-0.0017655 8.35938
-0.00120424 8.37891

-0.00120144 8.37891
-0.000647506 8.39844

-0.000644893 8.39844
-0.000109104 8.41797

-0.000104437 8.41797
0 8.42198

0 8.77817
-0.000234083 8.78906

-0.000236553 8.78906
-0.000652803 8.80859

-0.000655258 8.80859
-0.00105851 8.82812

-0.00106089 8.82812
-0.00144148 8.84766

-0.00144371 8.84766
-0.00179244 8.86719

-0.00179444 8.86719
-0.00210285 8.88672

-0.00210456 8.88672
-0.00236524 8.90625

-0.00236659 8.90625
-0.00257341 8.92578

-0.00257436 8.92578
-0.00272272 8.94531

-0.00272323 8.94531
-0.00281022 8.96484

-0.00281028 8.96484
-0.0028348 8.98438

-0.00283439 8.98438
-0.00279714 9.00391

-0.00279628 9.00391
-0.00269981 9.02344

-0.00269853 9.02344
-0.00254711 9.04297

-0.00254546 9.04297
-0.00234497 9.0625

-0.00234302 9.0625
-0.00210063 9.08203

-0.00209847 9.08203
-0.00182241 9.10156

-0.00182009 9.10156
-0.00151934 9.12109

-0.00151695 9.12109
-0.00120095 9.14062

-0.00119859 9.14062
-0.000876844 9.16016

-0.000874524 9.16016
-0.000556381 9.17969

-0.00055419 9.17969
-0.000248676 9.19922

-0.000246032 9.19922
0 9.21609

0 9.47824
-0.00016765 9.49219

-0.000169396 9.49219
-0.000408822 9.51172

-0.000410827 9.51172
-0.000646969 9.53125

-0.000648915 9.53125
-0.000873871 9.55078

-0.000875683 9.55078
-0.00108194 9.57031

-0.00108355 9.57031
-0.00126426 9.58984

-0.0012656 9.58984
-0.00141487 9.60938

-0.00141589 9.60938
-0.00152899 9.62891

-0.00152964 9.62891
-0.00160324 9.64844

-0.0016035 9.64844
-0.00163577 9.66797

-0.00163563 9.66797
-0.00162635 9.6875

-0.00162581 9.6875
-0.00157636 9.70703

-0.00157544 9.70703
-0.00148876 9.72656

-0.00148751 9.72656
-0.00136797 9.74609

-0.00136643 9.74609
-0.00121961 9.76562

-0.00121788 9.76562
-0.00105028 9.78516

-0.00104842 9.78516
-0.000867232 9.80469

-0.000865334 9.80469
-0.000678062 9.82422

-0.000676215 9.82422
-0.000490351 9.84375

-0.000488596 9.84375
-0.000311343 9.86328

-0.000309772 9.86328
-0.000147783 9.88281

-0.000146525 9.88281
-5.45586e-06 9.90234

0 10.067
-6.50017e-05 10.0781

-6.53581e-05 10.0781
-0.000193641 10.0977

-0.00019515 10.0977
-0.000331591 10.1172

-0.000333135 10.1172
-0.000471627 10.1367

-0.00047314 10.1367
-0.000607569 10.1562

-0.000608986 10.1562
-0.000733492 10.1758

-0.00073475 10.1758
-0.000843981 10.1953

-0.000845024 10.1953
-0.000934376 10.2148

-0.000935154 10.2148
-0.00100099 10.2344

-0.00100146 10.2344
-0.00104127 10.2539

-0.00104142 10.2539
-0.00105394 10.2734

-0.00105376 10.2734
-0.00103905 10.293

-0.00103855 10.293
-0.000997957 10.3125

-0.000997164 10.3125
-0.000933268 10.332

-0.000932225 10.332
-0.000848703 10.3516

-0.000847466 10.3516
-0.000748877 10.3711

-0.000747513 10.3711
-0.000639059 10.3906

-0.000637637 10.3906
-0.000524891 10.4102

-0.000523482 10.4102
-0.000412108 10.4297

-0.00041078 10.4297
-0.000306249 10.4492

-0.000305067 10.4492
-0.000212396 10.4688

-0.000211415 10.4688
-0.000134931 10.4883

-0.000134197 10.4883
-7.73298e-05 10.5078

-7.68756e-05 10.5078
-4.20041e-05 10.5273

-4.18483e-05 10.5273
-3.01922e-05 10.5469

-3.03422e-05 10.5469
-4.19133e-05 10.5664

-4.23643e-05 10.5664
-7.59605e-05 10.5859

-7.66899e-05 10.5859
-0.000129951 10.6055

-0.000130922 10.6055
-0.000200446 10.625

-0.00020161 10.625
-0.000283128 10.6445

-0.000284423 10.6445
-0.000373019 10.6641

-0.000374373 10.6641
-0.000464748 10.6836

-0.000466084 10.6836
-0.000552855 10.7031

-0.000554092 10.7031
-0.000632114 10.7227

-0.000633173 10.7227
-0.000697857 10.7422

-0.000698668 10.7422
-0.000746274 10.7617

-0.000746782 10.7617
-0.000774671 10.7812

-0.000774844 10.7812
-0.000781654 10.8008

-0.000781479 10.8008
-0.000767215 10.8203

-0.000766704 10.8203
-0.000732737 10.8398

-0.000731928 10.8398
-0.000680901 10.8594

-0.000679854 10.8594
-0.00061548 10.8789

-0.000614271 10.8789
-0.000541061 10.8984

-0.000539778 10.8984
-0.000462715 10.918

-0.000461445 10.918
-0.000385635 10.9375

-0.000384465 10.9375
-0.000314786 10.957

-0.00031379 10.957
-0.000254577 10.9766

-0.000253816 10.9766
-0.000208583 10.9961

-0.000208101 10.9961
-0.000179334 11.0156

-0.000179156 11.0156
-0.000168175 11.0352

-0.000168306 11.0352
-0.000175208 11.0547

-0.000175637 11.0547
-0.000199303 11.0742

-0.000199996 11.0742
-0.000238182 11.0938

-0.000239091 11.0938
-0.00028859 11.1133

-0.000289651 11.1133
-0.000346525 11.1328

-0.000347661 11.1328
-0.000407518 11.1523

-0.000408648 11.1523
-0.000466953 11.1719

-0.000467994 11.1719
-0.000520407 11.1914

-0.000521279 11.1914
-0.000563972 11.2109

-0.000564609 11.2109
-0.000594562 11.2305

-0.000594916 11.2305
-0.000610148 11.25

-0.000610193 11.25
-0.000609908 11.2695

-0.000609643 11.2695
-0.000594284 11.2891

-0.000593734 11.2891
-0.00056493 11.3086

-0.000564148 11.3086
-0.000524563 11.3281

-0.000523618 11.3281
-0.000476707 11.3477

-0.000475682 11.3477
-0.000425385 11.3672

-0.000424367 11.3672
-0.000374769 11.3867

-0.000373841 11.3867
-0.000328834 11.4062

-0.00032807 11.4062
-0.000291038 11.4258

-0.000290496 11.4258
-0.000264052 11.4453

-0.000263768 11.4453
-0.000249565 11.4648

-0.000249556 11.4648
-0.000248179 11.4844

-0.00024844 11.4844
-0.000259385 11.5039

-0.000259888 11.5039
-0.000281629 11.5234

-0.000282326 11.5234
-0.00031246 11.543

-0.000313288 11.543
-0.000348767 11.5625

-0.00034965 11.5625
-0.00038705 11.582

-0.00038791 11.582
-0.000423745 11.6016

-0.000424505 11.6016
-0.000455537 11.6211

-0.000456129 11.6211
-0.000479657 11.6406

-0.000480029 11.6406
-0.000494124 11.6602

-0.000494249 11.6602
-0.000497914 11.6797

-0.000497785 11.6797
-0.00049103 11.6992

-0.000490666 11.6992
-0.000474476 11.7188

-0.00047392 11.7188
-0.000450134 11.7383

-0.000449446 11.7383
-0.000420554 11.7578

-0.000419805 11.7578
-0.000388677 11.7773

-0.000387943 11.7773
-0.000357543 11.7969

-0.000356894 11.7969
-0.000329989 11.8164

-0.000329483 11.8164
-0.000308383 11.8359

-0.000308064 11.8359
-0.00029442 11.8555

-0.000294311 11.8555
-0.000288977 11.875

-0.000289082 11.875
-0.000292067 11.8945

-0.000292368 11.8945
-0.000302857 11.9141

-0.00030332 11.9141
-0.000319785 11.9336

-0.000320356 11.9336
-0.000340731 11.9531

-0.000341351 11.9531
-0.000363254 11.9727

-0.000363857 11.9727
-0.000384846 11.9922

-0.00038537 11.9922
-0.000403192 12.0117

-0.000403585 12.0117
-0.000416409 12.0312

-0.000416632 12.0312
-0.000423228 12.0508

-0.000423264 12.0508
-0.000423115 12.0703

-0.000422965 12.0703
-0.000416301 12.0898

-0.000415988 12.0898
-0.000403734 12.1094

-0.000403298 12.1094
-0.000386951 12.1289

-0.000386444 12.1289
-0.000367892 12.1484

-0.000367372 12.1484
-0.000348668 12.168

-0.000348193 12.168
-0.000331326 12.1875

-0.000330949 12.1875
-0.000317624 12.207

-0.000317383 12.207
-0.000308838 12.2266

-0.000308757 12.2266
-0.000305636 12.2461

-0.00030572 12.2461
-0.00030802 12.2656

-0.000308255 12.2656
-0.000315337 12.2852

-0.000315693 12.2852
-0.000326372 12.3047

-0.000326804 12.3047
-0.000339504 12.3242

-0.000339958 12.3242
-0.000352905 12.3438

-0.000353323 12.3438
-0.000364772 12.3633

-0.000365103 12.3633
-0.000373552 12.3828

-0.000373754 12.3828
-0.00037814 12.4023

-0.000378189 12.4023
-0.000378008 12.4219

-0.000377901 12.4219
-0.000373272 12.4414

-0.000373027 12.4414
-0.000364651 12.4609

-0.000364306 12.4609
-0.000353363 12.4805

-0.00035297 12.4805
-0.000340936 12.5

-0.000340549 12.5
-0.000328984 12.5195

-0.000328658 12.5195
-0.000318989 12.5391

-0.000318766 12.5391
-0.000312088 12.5586

-0.000311997 12.5586
-0.000308939 12.5781

-0.000308987 12.5781
-0.000309636 12.5977

-0.000309812 12.5977
-0.000313719 12.6172

-0.000313993 12.6172
-0.000320258 12.6367

-0.000320584 12.6367
-0.000328005 12.6562

-0.000328332 12.6562
-0.0003356 12.6758

-0.000335878 12.6758
-0.00034178 12.6953

-0.000341969 12.6953
-0.000345568 12.7148

-0.000345644 12.7148
-0.000346408 12.7344

-0.000346363 12.7344
-0.000344232 12.7539

-0.00034408 12.7539
-0.000339448 12.7734

-0.000339218 12.7734
-0.000332854 12.793

-0.000332587 12.793
-0.000325486 12.8125

-0.000325228 12.8125
-0.000318438 12.832

-0.000318231 12.832
-0.000312684 12.8516

-0.000312558 12.8516
-0.000308922 12.8711

-0.000308893 12.8711
-0.00030748 12.8906

-0.000307547 12.8906
-0.000308283 12.9102

-0.000308428 12.9102
-0.000310891 12.9297

-0.000311084 12.9297
-0.000314599 12.9492

-0.000314806 12.9492
-0.00031857 12.9688

-0.000318756 12.9688
-0.000321987 12.9883

-0.000322119 12.9883
-0.000324181 13.0078

-0.000324239 13.0078
-0.00032475 13.0273

-0.000324728 13.0273
-0.000323617 13.0469

-0.000323526 13.0469
-0.000321018 13.0664

-0.000320882 13.0664
-0.000317429 13.0859

-0.000317276 13.0859
-0.000313456 13.1055

-0.000313316 13.1055
-0.000309718 13.125

-0.000309614 13.125
-0.000306725 13.1445

-0.000306675 13.1445
-0.000304803 13.1641

-0.000304812 13.1641
-0.00030404 13.1836

-0.000304101 13.1836
-0.000304292 13.2031

-0.000304389 13.2031
-0.000305229 13.2227

-0.00030534 13.2227
-0.000306416 13.2422

-0.000306519 13.2422
-0.000307405 13.2617

-0.000307481 13.2617
-0.000307817 13.2812

-0.000307853 13.2812
-0.000307414 13.3008

-0.000307399 13.3008
-0.000306142 13.3203

-0.000306081 13.3203
-0.000304156 13.3398

-0.000304071 13.3398
-0.000301771 13.3594

-0.000301689 13.3594
-0.000299345 13.3789

-0.000299281 13.3789
-0.000297187 13.3984

-0.000297143 13.3984
-0.000295514 13.418

-0.0002955 13.418
-0.000294451 13.4375

-0.000294468 13.4375
-0.000293991 13.457

-0.000294031 13.457
-0.000294009 13.4766

-0.000294064 13.4766
-0.000294305 13.4961

-0.000294362 13.4961
-0.000294641 13.5156

-0.000294684 13.5156
-0.000294803 13.5352

-0.000294823 13.5352
-0.000294657 13.5547

-0.000294658 13.5547
-0.000294166 13.5742

-0.000294149 13.5742
-0.000293365 13.5938

-0.00029333 13.5938
-0.000292357 13.6133

-0.000292322 13.6133
-0.000291298 13.6328

-0.00029128 13.6328
-0.000290312 13.6523

-0.000290325 13.6523
-0.000289424 13.6719

-0.000289425 13.6719
-0.000288562 13.6914

-0.000288572 13.6914
-0.000287724 13.7109

-0.000287726 13.7109
-0.000286873 13.7305

-0.000286877 13.7305
-0.000286007 13.75

-0.000286005 13.75
-0.000285114 13.7695

-0.00028511 13.7695
-0.000284212 13.7891

-0.000284208 13.7891
-0.00028332 13.8086

-0.000283315 13.8086
-0.000282453 13.8281

-0.000282461 13.8281
-0.000281618 13.8477

-0.000281621 13.8477
-0.000280775 13.8672

-0.00028075 13.8672
-0.000279142 13.9062

-0.000279166 13.9062
-0.000278404 13.9258

-0.000278399 13.9258
-0.00027764 13.9453

-0.000277645 13.9453
-0.000276886 13.9648

-0.000276886 13.9648
-0.000276119 13.9844

-0.000276103 13.9844
-0.000274617 14.0234

-0.000274629 14.0234
-0.000273196 14.0625

9.32138 0
9.32329 0.0195312

9.32315 0.0195312
9.32914 0.0390625

9.32881 0.0390625
9.33594 0.051834

9.33594 0.0515853
9.33987 0.0585938

9.33937 0.0585938
9.35547 0.0768561

9.35547 0.0760486
9.35787 0.078125

9.35686 0.078125
9.375 0.0915929

-0.000273178 14.0625
-0.000271807 14.1016

-0.00027182 14.1016
-0.000270522 14.1406

-0.000270536 14.1406
-0.0002699 14.1602

-0.000269897 14.1602
-0.000269251 14.1797

-0.000269252 14.1797
-0.000268599 14.1992

-0.000268599 14.1992
-0.000267935 14.2188

-0.000267935 14.2188
-0.000267258 14.2383

-0.000267259 14.2383
-0.000266566 14.2578

-0.000266571 14.2578
-0.000265851 14.2773

-0.00026585 14.2773
-0.000265096 14.2969

-0.000265086 14.2969
-0.00026356 14.3359

-0.000263561 14.3359
-0.000262792 14.3555

-0.00026279 14.3555
-0.000262018 14.375

-0.000262017 14.375
-0.000261247 14.3945

-0.000261246 14.3945
-0.000260483 14.4141

-0.000260482 14.4141
-0.00025973 14.4336

-0.000259728 14.4336
-0.000258991 14.4531

-0.000258999 14.4531
-0.000258266 14.4727

-0.000258266 14.4727
-0.000257519 14.4922

-0.00025752 14.4922
-0.000256756 14.5117

-0.000256756 14.5117
-0.000255974 14.5312

-0.000255961 14.5312
-0.000254409 14.5703

-0.000254387 14.5703
-0.000252907 14.6094

-0.000252938 14.6094
-0.000251511 14.6484

-0.000251513 14.6484
-0.000250794 14.668

-0.000250795 14.668
-0.000250066 14.6875

-0.000250047 14.6875
-0.00024864 14.7266

-0.00024866 14.7266
-0.000247297 14.7656

-0.000247307 14.7656
-0.000245929 14.8047

-0.000245905 14.8047
-0.000244542 14.8438

-0.000244561 14.8438
-0.000243898 14.8633

-0.000243895 14.8633
-0.000243216 14.8828

-0.000243208 14.8828
-0.000241855 14.9219

-0.000241832 14.9219
-0.000240538 14.9609

-0.000240542 14.9609
-0.000239936 14.9805

-0.000239933 14.9805
-0.000239364 15

-0.000239378 15
-0.000238826 15.0195

-0.000238823 15.0195
-0.000238267 15.0391

-0.000238272 15.0391
-0.000237705 15.0586

-0.00023771 15.0586
-0.000237111 15.0781

-0.000237098 15.0781
-0.000236485 15.0977

-0.000236489 15.0977
-0.000235879 15.1172

-0.000235876 15.1172
-0.00023466 15.1562

-0.000234668 15.1562
-0.00023406 15.1758

-0.000234058 15.1758
-0.000233438 15.1953

-0.000233436 15.1953
-0.000232814 15.2148

-0.000232813 15.2148
-0.000232195 15.2344

-0.000232202 15.2344
-0.000230951 15.2734

-0.000230937 15.2734
-0.00022969 15.3125

-0.000229683 15.3125
-0.000228479 15.3516

-0.000228499 15.3516
-0.000227913 15.3711

-0.000227911 15.3711
-0.000227305 15.3906

-0.000227273 15.3906
-0.000226155 15.4297

-0.000226192 15.4297
-0.000225152 15.4688

-0.000225145 15.4688
-0.000224123 15.5078

-0.000224114 15.5078
-0.000223143 15.5469

-0.00022316 15.5469
-0.000222695 15.5664

-0.000222694 15.5664
-0.000222219 15.5859

-0.000222212 15.5859
-0.000221274 15.625

-0.00022128 15.625
-0.00022035 15.6641

-0.000220355 15.6641
-0.000219886 15.6836

-0.000219883 15.6836
-0.000219407 15.7031

-0.000219407 15.7031
-0.00021893 15.7227

-0.000218933 15.7227
-0.000218448 15.7422

-0.000218446 15.7422
-0.000217951 15.7617

-0.000217954 15.7617
-0.000217449 15.7812

-0.00021744 15.7812
-0.000216936 15.8008

-0.000216941 15.8008
-0.000216448 15.8203

-0.000216424 15.8203
-0.000215528 15.8594

-0.00021554 15.8594
-0.000214758 15.8984

-0.000214782 15.8984
-0.000214418 15.918

-0.000214413 15.918
-0.000214036 15.9375

-0.000214044 15.9375
-0.000213649 15.957

-0.000213653 15.957
-0.000213217 15.9766

-0.00021321 15.9766
-0.000212738 15.9961

-0.00021274 15.9961
-0.000212243 16.0156

-0.000212251 16.0156
-0.000211707 16.0352

-0.000211698 16.0352
-0.00021111 16.0547

-0.000211087 16.0547
-0.000209948 16.0938

-0.000209966 16.0938
-0.000209418 16.1133

-0.000209417 16.1133
-0.000208855 16.1328

-0.000208841 16.1328
-0.000207747 16.1719

-0.00020772 16.1719
-0.000206733 16.2109

-0.000206742 16.2109
-0.000206309 16.2305

-0.000206321 16.2305
-0.000205905 16.25

-0.000205898 16.25
-0.000205489 16.2695

-0.000205495 16.2695
-0.000205096 16.2891

-0.000205097 16.2891
-0.000204697 16.3086

-0.000204694 16.3086
-0.000204293 16.3281

-0.000204298 16.3281
-0.00020389 16.3477

-0.000203889 16.3477
-0.000203469 16.3672

-0.000203468 16.3672
-0.000203043 16.3867

-0.000203044 16.3867
-0.000202615 16.4062

-0.000202605 16.4062
-0.000201774 16.4453

-0.00020175 16.4453
-0.000201009 16.4844

-0.00020104 16.4844
-0.000200373 16.5234

-0.000200382 16.5234
-0.000200048 16.543

-0.000200048 16.543
-0.000199697 16.5625

-0.000199683 16.5625
-0.000199009 16.6016

-0.000199019 16.6016
-0.000198697 16.6211

-0.000198695 16.6211
-0.000198374 16.6406

-0.000198379 16.6406
-0.000198055 16.6602

-0.00019805 16.6602
-0.000197724 16.6797

-0.000197729 16.6797
-0.000197402 16.6992

-0.000197395 16.6992
-0.00019707 16.7188

-0.000197048 16.7188
-0.000196522 16.7578

-0.000196554 16.7578
-0.000196349 16.7773

-0.000196346 16.7773
-0.000196144 16.7969

-0.000196141 16.7969
-0.000195953 16.8164

-0.000195954 16.8164
-0.000195784 16.8359

-0.000195788 16.8359
-0.000195629 16.8555

-0.000195632 16.8555
-0.000195468 16.875

-0.00019546 16.875
-0.000195142 16.9141

-0.000195132 16.9141
-0.000194854 16.9531

-0.000194872 16.9531
-0.000194618 16.9922

-0.000194619 16.9922
-0.000194487 17.0117

-0.000194485 17.0117
-0.00019435 17.0312

-0.00019433 17.0312
-0.000194142 17.0703

-0.000194155 17.0703
-0.000194105 17.0898

-0.000194112 17.0898
-0.000194063 17.1094

-0.000194066 17.1094
-0.000193997 17.1289

-0.000194009 17.1289
-0.000193891 17.1484

-0.000193874 17.1484
-0.000193721 17.168

-0.000193725 17.168
-0.000193561 17.1875

-0.000193557 17.1875
-0.000193201 17.2266

-0.00019319 17.2266
-0.000193004 17.2461

-0.000193006 17.2461
-0.000192831 17.2656

-0.00019283 17.2656
-0.000192664 17.2852

-0.000192662 17.2852
-0.000192511 17.3047

-0.000192498 17.3047
-0.000192285 17.3438

-0.000192297 17.3438
-0.000192184 17.3828

-0.000192214 17.3828
-0.000192114 17.4219

-0.000192109 17.4219
-0.000192042 17.4414

-0.000192039 17.4414
-0.000191973 17.4609

-0.000191975 17.4609
-0.000191911 17.4805

-0.000191913 17.4805
-0.000191846 17.5

-0.000191845 17.5
-0.000191696 17.5391

-0.000191697 17.5391
-0.000191616 17.5586

-0.000191618 17.5586
-0.000191526 17.5781

-0.000191513 17.5781
-0.000191353 17.6172

-0.000191342 17.6172
-0.000191247 17.6562

-0.000191274 17.6562
-0.00019125 17.6758

-0.000191246 17.6758
-0.000191202 17.6953

-0.000191202 17.6953
-0.000191146 17.7148

-0.000191143 17.7148
-0.000191078 17.7344

-0.000191074 17.7344
-0.000190953 17.7734

-0.00019096 17.7734
-0.000190841 17.8125

-0.000190842 17.8125
-0.000190778 17.832

-0.000190778 17.832
-0.000190705 17.8516

-0.000190701 17.8516
-0.000190625 17.8711

-0.000190627 17.8711
-0.000190553 17.8906

-0.000190548 17.8906
-0.000190414 17.9297

-0.000190425 17.9297
-0.000190362 17.9492

-0.000190365 17.9492
-0.000190278 17.9688

-0.000190261 17.9688
-0.000190178 17.9883

-0.000190184 17.9883
-0.000190123 18.0078

-0.000190105 18.0078
-0.000190077 18.0469

-0.000190102 18.0469
-0.000190133 18.0664

-0.000190136 18.0664
-0.000190158 18.0859

-0.000190156 18.0859
-0.000190168 18.1055

-0.000190172 18.1055
-0.00019017 18.125

-0.000190171 18.125
-0.000190145 18.1445

-0.000190144 18.1445
-0.000190093 18.1641

-0.000190096 18.1641
-0.000190015 18.1836

-0.000190017 18.1836
-0.000189899 18.2031

-0.000189889 18.2031
-0.000189749 18.2227

-0.000189753 18.2227
-0.000189601 18.2422

-0.000189591 18.2422
-0.000189287 18.2812

-0.000189256 18.2812
-0.000189022 18.3203

-0.000189043 18.3203
-0.000188898 18.3594

-0.000188913 18.3594
-0.000188853 18.3789

-0.00018885 18.3789
-0.000188778 18.3984

-0.000188777 18.3984
-0.000188697 18.418

-0.000188698 18.418
-0.000188611 18.4375

-0.000188608 18.4375
-0.000188432 18.4766

-0.000188372 18.4766
-0.000188316 18.5156

-0.000188363 18.5156
-0.000188412 18.5352

-0.000188412 18.5352
-0.000188445 18.5547

-0.00018845 18.5547
-0.000188464 18.5938

-0.000188438 18.5938
-0.000188432 18.6328

-0.000188427 18.6328
-0.000188439 18.6523

-0.000188435 18.6523
-0.00018848 18.6719

-0.000188501 18.6719
-0.000188545 18.6914

-0.000188543 18.6914
-0.000188547 18.7109

-0.000188548 18.7109
-0.000188515 18.7305

-0.000188516 18.7305
-0.00018844 18.75

-0.000188412 18.75
-0.000188283 18.7891

-0.000188284 18.7891
-0.000188209 18.8281

-0.000188221 18.8281
-0.000188198 18.8477

-0.000188197 18.8477
-0.000188167 18.8672

-0.000188168 18.8672
-0.000188134 18.8867

-0.000188135 18.8867
-0.000188094 18.9062

-0.000188092 18.9062
-0.000188003 18.9453

-0.000187977 18.9453
-0.000187933 18.9844

-0.000187927 18.9844
-0.000187989 19.0234

-0.000187963 19.0234
-0.000188195 19.0625

-0.000188234 19.0625
-0.000188423 19.082

-0.000188418 19.082
-0.000188612 19.1016

-0.000188618 19.1016
-0.000188813 19.1211

-0.000188816 19.1211
-0.000188996 19.1406

-0.000188993 19.1406
-0.00018916 19.1602

-0.000189161 19.1602
-0.000189317 19.1797

-0.000189317 19.1797
-0.000189461 19.1992

-0.000189462 19.1992
-0.000189589 19.2188

-0.000189585 19.2188
-0.000189699 19.2383

-0.000189701 19.2383
-0.000189804 19.2578

-0.000189805 19.2578
-0.00018989 19.2773

-0.000189895 19.2773
-0.000189952 19.2969

-0.000189926 19.2969
-0.000190067 19.3359

-0.000190086 19.3359
-0.000190172 19.3555

-0.000190167 19.3555
-0.00019024 19.375

-0.000190246 19.375
-0.000190304 19.3945

-0.000190302 19.3945
-0.000190335 19.4141

-0.000190333 19.4141
-0.000190349 19.4336

-0.000190353 19.4336
-0.000190349 19.4531

-0.000190332 19.4531
-0.000190339 19.4922

-0.000190345 19.4922
-0.000190376 19.5312

-0.000190377 19.5312
-0.000190397 19.5508

-0.000190395 19.5508
-0.000190422 19.5703

-0.000190429 19.5703
-0.000190452 19.5898

-0.000190451 19.5898
-0.000190459 19.6094

-0.000190459 19.6094
-0.000190452 19.6289

-0.000190451 19.6289
-0.000190432 19.6484

-0.000190436 19.6484
-0.000190396 19.668

-0.00019039 19.668
-0.000190335 19.6875

-0.000190319 19.6875
-0.000190266 19.7266

-0.00019029 19.7266
-0.000190278 19.7656

-0.000190264 19.7656
-0.000190272 19.8047

-0.000190284 19.8047
-0.000190318 19.8438

-0.000190327 19.8438
-0.000190342 19.8633

-0.000190339 19.8633
-0.000190337 19.8828

-0.000190336 19.8828
-0.000190326 19.9023

-0.000190326 19.9023
-0.000190308 19.9219

-0.000190308 19.9219
-0.000190279 19.9414

-0.000190281 19.9414
-0.000190237 19.9609

-0.000190216 19.9609
-0.000190175 20

0.0563067 0
0.0565896 0.0195312

0.0571654 0.0195312
0.0576817 0.0390625

0.0624811 0
0.0621855 0.0195312

0.0615942 0.0195312
0.06103 0.0390625

0.0582012 0.0390625
0.0584776 0.0585938

0.0585938 0.0720073
0.0585581 0.078125

0.0605189 0.0390625
0.0601365 0.0585938

0.0600703 0.0585938
0.0598925 0.078125

0.0585938 0.0956101
0.0585784 0.0976562

0.0599207 0.078125
0.0597726 0.0976562

0.0597705 0.0976562
0.0595944 0.117188

0.0595916 0.117188
0.0593962 0.136719

0.0593936 0.136719
0.05919 0.15625

0.0591889 0.15625
0.0589846 0.175781

0.0589857 0.175781
0.0587809 0.195312

0.0585938 0.212832
0.0585718 0.214844

0.058574 0.214844
0.0583388 0.234375

0.0585938 0.212704
0.0587838 0.195312

0.0583416 0.234375
0.0580719 0.253906

0.0580729 0.253906
0.0577609 0.273438

0.0577601 0.273438
0.0574057 0.292969

0.0574041 0.292969
0.0570122 0.3125

0.243061 0
0.24431 0.0195312

0.244299 0.0195312
0.248068 0.0390625

0.247972 0.0390625
0.253906 0.056862

0.253906 0.0570109
0.254434 0.0585938

0.254346 0.0585938
0.264068 0.078125

0.26403 0.078125
0.273438 0.0915806

0.273438 0.0925771
0.277064 0.0976562

0.277394 0.0976562
0.292969 0.113835

0.292969 0.113909
0.297173 0.117188

0.297439 0.117188
0.3125 0.128151

0.0570111 0.3125
0.0565871 0.332031

0.0565872 0.332031
0.0561333 0.351562

0.0561342 0.351562
0.0556482 0.371094

0.0556491 0.371094
0.0551273 0.390625

9.375 0.0908631
9.39047 0.0976562

9.39085 0.0976562
9.39453 0.0992601

9.39453 0.0992853
9.41406 0.103519

9.41406 0.103455
9.43359 0.103711

9.43359 0.103649
9.45312 0.100177

9.52911 0
9.52724 0.0195312

9.5274 0.0195312
9.52149 0.0390625

9.51172 0.0574936
9.51111 0.0585938

9.51163 0.0585938
9.49392 0.078125

9.51172 0.057175
9.52176 0.0390625

9.47266 0.0929205
9.46073 0.0976562

9.45312 0.100235
9.45962 0.0976562

0.0551273 0.390625
0.0545681 0.410156

0.0545673 0.410156
0.0539722 0.429688

0.0539711 0.429688
0.053344 0.449219

0.0533428 0.449219
0.0526882 0.46875

0.052687 0.46875
0.0520097 0.488281

0.0520103 0.488281
0.0513118 0.507812

0.0513156 0.507812
0.0505873 0.527344

0.0505911 0.527344
0.049818 0.546875

0.0498167 0.546875
0.0489936 0.566406

0.0489902 0.566406
0.0481263 0.585938

0.0481317 0.585938
0.0472229 0.605469

0.0472392 0.605469
0.0462422 0.625

0.3125 0.127947
0.331115 0.136719

0.331431 0.136719
0.332031 0.136996

0.332031 0.13694
0.351562 0.141996

0.351562 0.141912
0.371094 0.143399

0.371094 0.143405
0.390625 0.141478

0.410156 0.136267
0.408584 0.136719

0.390625 0.141571
0.40753 0.136719

0.410156 0.13624
0.429688 0.126218

0.449219 0.110752
0.441628 0.117188

0.46875 0.0866593
0.461164 0.0976562

0.449219 0.110311
0.460796 0.0976562

0.429688 0.126355
0.441696 0.117188

0.493482 0
0.492401 0.0195312

0.492489 0.0195312
0.489073 0.0390625

0.488281 0.0417426
0.483055 0.0585938

0.483228 0.0585938
0.474104 0.078125

0.488281 0.0423202
0.489292 0.0390625

0.46875 0.0867345
0.474414 0.078125

9.47266 0.0932616
9.49219 0.0795375

9.49219 0.0786584
9.49279 0.078125

0.0462563 0.625
0.0451104 0.644531

0.0451002 0.644531
0.0437974 0.664062

0.0437661 0.664062
0.0423893 0.683594

0.0423655 0.683594
0.0410247 0.703125

0.0390625 0.734424
0.0385851 0.742188

0.0385944 0.742188
0.0373944 0.761719

0.0374002 0.761719
0.0361625 0.78125

0.0410247 0.703125
0.0397678 0.722656

0.0390625 0.734309
0.039779 0.722656

0.0361617 0.78125
0.0348764 0.800781

0.0348746 0.800781
0.0335466 0.820312

0.0335476 0.820312
0.0321784 0.839844

0.032181 0.839844
0.0307634 0.859375

0.0307649 0.859375
0.0292907 0.878906

0.02929 0.878906
0.0277577 0.898438

0.0277559 0.898438
0.0261704 0.917969

0.0261691 0.917969
0.0245364 0.9375

0.0245359 0.9375
0.0228596 0.957031

0.02286 0.957031
0.02114 0.976562

0.0195312 0.9944
0.019378 0.996094

0.0193761 0.996094
0.0175586 1.01562

0.0195312 0.994359
0.0211407 0.976562

0.0175604 1.01562
0.0156854 1.03516

0.0156875 1.03516
0.0137472 1.05469

0.0137488 1.05469
0.0117358 1.07422

0.0117364 1.07422
0.00964616 1.09375

0.00964636 1.09375
0.00747707 1.11328

0.00747724 1.11328
0.00522819 1.13281

0.00522779 1.13281
0.00289948 1.15234

0.00289878 1.15234
0.000493451 1.17188

0 1.17567
0.000482614 1.17188

0.000261904 10
0.000219422 10.0195

0.00021855 10.0195
0.000147806 10.0391

0.000146671 10.0391
5.16793e-05 10.0586

0 10.0674
5.16637e-05 10.0586

2.19411 0
2.19525 0.0195312

2.19523 0.0195312
2.19866 0.0390625

2.1988 0.0390625
2.20428 0.0585938

2.20403 0.0585938
2.20703 0.0662363

2.20703 0.0660669
2.21177 0.078125

2.21155 0.078125
2.22222 0.0976562

2.22251 0.0976562
2.22656 0.103494

2.22656 0.104246
2.23649 0.117188

2.23714 0.117188
2.24609 0.12635

2.24609 0.12722
2.25787 0.136719

2.25912 0.136719
2.26562 0.141415

2.26562 0.142091
2.28516 0.152907

2.28516 0.153024
2.29416 0.15625

2.29558 0.15625
2.30469 0.159514

2.30469 0.159663
2.32422 0.163338

2.32422 0.163326
2.34375 0.163908

2.38281 0.155768
2.38115 0.15625

2.38281 0.155953
2.40234 0.146692

2.42188 0.132626
2.41629 0.136719

2.40234 0.147164
2.41718 0.136719

2.48047 0.00658072
2.47983 0.0195312

2.4799 0.0195312
2.47691 0.0390625

2.48047 0.00705902
2.48082 0

2.47692 0.0390625
2.47173 0.0585938

2.47187 0.0585938
2.46416 0.078125

2.44141 0.114075
2.43874 0.117188

2.46094 0.0852356
2.45389 0.0976562

2.44141 0.112948
2.4533 0.0976562

2.42188 0.133029
2.43825 0.117188

2.46094 0.0818031
2.463 0.078125

2.34375 0.163913
2.36328 0.161417

2.36328 0.161463
2.38123 0.15625

