-2.47403 0
-2.46553 0.0195312

-2.46371 0.0195312
-2.46094 0.0226534

-2.46094 0.0235607
-2.44141 0.0378226

-2.44141 0.0384895
-2.42188 0.0366691

-2.44141 0.0392194
-2.43938 0.0390625

-2.40234 0.010876
-2.40515 0.0195312

-2.42188 0.0367024
-2.40336 0.0195312

-2.40234 0.0109891
-2.3992 0

-2.40234 0.0252064
-2.39901 0.0195312

-2.42188 0.0390836
-2.42183 0.0390625

-1.70394 0
-1.69922 0.00996519

-1.69922 0.00654921
-1.67969 0.00487005

-1.67969 0.00863946
-1.67598 0

-1.62224 0
-1.62109 0.00324983

-1.62109 0.00279102
-1.60156 0.00346968

-1.60156 0.00425298
-1.59999 0

-1.53096 0
-1.52344 0.0121699

-1.52344 0.0104044
-1.50391 0.000562608

-1.50391 0.00324814
-1.50279 0

-1.02167 0
-1.01802 0.0195312

-1.01659 0.0195312
-1.01562 0.0211804

1.91106 0.0390625
1.91406 0.0495386

1.92518 0
1.92204 0.0195312

1.91969 0.0195312
1.91497 0.0390625

1.91406 0.0478508
1.91736 0.0585938

1.92007 0.0585938
1.93359 0.073255

1.93359 0.0729226
1.93966 0.078125

1.9413 0.078125
1.95312 0.0880715

1.97395 0
1.99153 0.0195312

1.98725 0.0195312
1.99219 0.0215041

2.01148 0
1.99273 0.0195312

1.99219 0.0227858
2.00177 0.0195312

1.95312 0.0886618
1.96498 0.0976562

1.96343 0.0976562
1.97266 0.104464

1.97266 0.104955
1.99219 0.114958

1.99219 0.114807
2.00449 0.117188

2.03125 0.116174
2.02058 0.117188

2.00715 0.117188
2.01172 0.118071

2.01172 0.118681
2.02749 0.117188

-1.01562 0.0265493
-1.00584 0.0390625

-1.00254 0.0390625
-0.996094 0.0443819

-0.996094 0.046432
-0.976562 0.0554117

-0.976562 0.0547668
-0.957031 0.0547635

-0.957031 0.0554795
-0.9375 0.0463508

2.10571 0
2.10449 0.0195312

2.10425 0.0195312
2.1011 0.0390625

2.08984 0.0674618
2.08324 0.078125

2.10215 0.0390625
2.09547 0.0585938

2.08984 0.0676357
2.09529 0.0585938

2.03125 0.116806
2.05078 0.10888

2.07031 0.0928159
2.06488 0.0976562

2.05078 0.109452
2.06627 0.0976562

-0.917969 0.0201972
-0.930714 0.0390625

-0.91331 0
-0.917066 0.0195312

-0.917969 0.0303061
-0.912808 0.0195312

-0.9375 0.0501651
-0.924832 0.0390625

2.07031 0.0931043
2.08329 0.078125

-0.390625 0.307592
-0.398263 0.3125

-0.390625 0.30768
-0.371094 0.295755

2.36877 0
2.37073 0.0195312

2.3706 0.0195312
2.37672 0.0390625

2.37625 0.0390625
2.38281 0.0503566

2.38281 0.0501868
2.38781 0.0585938

2.38734 0.0585938
2.40234 0.0741998

2.40234 0.0744824
2.40797 0.078125

2.40941 0.078125
2.42188 0.0858559

2.42188 0.0857642
2.44141 0.0918818

2.44141 0.0916827
2.46094 0.0929216

2.46094 0.0929433
2.48047 0.0896582

2.48047 0.0899061
2.5 0.0815581

-0.351562 0.284478
-0.366387 0.292969

-0.371094 0.295849
-0.366065 0.292969

-0.3125 0.26412
-0.330925 0.273438

-0.351562 0.284605
-0.332031 0.27408

-0.332031 0.274135
-0.330652 0.273438

-0.546875 0.446759
-0.548662 0.449219

-0.548717 0.449219
-0.561804 0.46875

-0.488281 0.381416
-0.497877 0.390625

-0.46875 0.36398
-0.476985 0.371094

-0.488281 0.381302
-0.476882 0.371094

-0.527344 0.422146
-0.533614 0.429688

-0.507812 0.400651
-0.516709 0.410156

-0.527344 0.42228
-0.516886 0.410156

-0.546875 0.446812
-0.533744 0.429688

-0.507812 0.400675
-0.497896 0.390625

-0.585938 0.516337
-0.59039 0.527344

-0.590375 0.527344
-0.596677 0.546875

-0.566406 0.476745
-0.57304 0.488281

-0.572967 0.488281
-0.582481 0.507812

-0.566406 0.476828
-0.561761 0.46875

-0.585938 0.516382
-0.582471 0.507812

-0.596618 0.546875
-0.601452 0.566406

-0.60144 0.566406
-0.604948 0.585938

-0.605469 0.590469
-0.607111 0.605469

-0.607067 0.605469
-0.607873 0.625

-0.605469 0.590075
-0.605016 0.585938

-0.449219 0.34816
-0.4536 0.351562

-0.449219 0.348243
-0.429688 0.333713

-0.46875 0.363891
-0.453508 0.351562

-0.410156 0.320168
-0.427312 0.332031

-0.429688 0.333763
-0.427183 0.332031

-0.410156 0.32032
-0.398041 0.3125

-0.234375 0.229633
-0.245918 0.234375

-0.3125 0.264237
-0.292969 0.25494

-0.273438 0.246037
-0.290815 0.253906

-0.292969 0.255008
-0.290535 0.253906

-0.273438 0.246088
-0.253906 0.237712

-0.253906 0.237839
-0.245474 0.234375

-0.234375 0.229661
-0.214844 0.222046

-0.195312 0.214698
-0.195701 0.214844

-0.214844 0.222146
-0.195322 0.214844

-0.195312 0.214735
-0.175781 0.207751

-0.195312 0.214891
-0.195181 0.214844

-0.175781 0.207787
-0.15625 0.201258

-0.136719 0.194851
-0.138144 0.195312

-0.136719 0.19491
-0.117188 0.188858

-0.15625 0.201356
-0.137572 0.195312

-0.117188 0.188936
-0.0976562 0.183229

-0.0976562 0.183232
-0.078125 0.177708

-0.0585938 0.172318
-0.071359 0.175781

-0.078125 0.1778
-0.0706833 0.175781

-0.0585938 0.172376
-0.0390625 0.167369

-0.0390625 0.167397
-0.0195312 0.162643

-0.0195312 0.162642
0 0.158091

-0.607839 0.625
-0.607488 0.644531

-0.607472 0.644531
-0.606065 0.664062

-0.606062 0.664062
-0.605469 0.668837

-0.605469 0.668852
-0.603638 0.683594

-0.603593 0.683594
-0.60024 0.703125

-0.600225 0.703125
-0.596061 0.722656

-0.596027 0.722656
-0.59115 0.742188

-0.591131 0.742188
-0.585938 0.760684

-0.585938 0.76076
-0.585668 0.761719

-0.585624 0.761719
-0.579618 0.78125

-0.579621 0.78125
-0.573132 0.800781

0.0317662 2.5
0.0284702 2.51953

0.0284554 2.51953
0.0249183 2.53906

0.0195312 2.56672
0.0172419 2.57812

0.0249184 2.53906
0.0211699 2.55859

0.0195312 2.56657
0.0211325 2.55859

0.0172289 2.57812
0.0131705 2.59766

0.0131701 2.59766
0.00897637 2.61719

0.00896901 2.61719
0.00465551 2.63672

0.00462916 2.63672
0.000263318 2.65625

0 2.65743
0.000264376 2.65625

-0.573102 0.800781
-0.566406 0.819683

0 3.26733
0.00106873 3.28125

0.00107641 3.28125
0.00222946 3.30078

0.00223168 3.30078
0.00302735 3.32031

0.00302649 3.32031
0.00346203 3.33984

0.00346213 3.33984
0.00353904 3.35938

0.00353481 3.35938
0.00326136 3.37891

0.00325688 3.37891
0.00265052 3.39844

0.00264513 3.39844
0.00172561 3.41797

0.00171022 3.41797
0.00051913 3.4375

0 3.44459
0.00051234 3.4375

-0.566406 0.819726
-0.566199 0.820312

-0.566173 0.820312
-0.558906 0.839844

-0.558905 0.839844
-0.551311 0.859375

-0.551223 0.859375
-0.546875 0.870105

-0.546875 0.870588
-0.543504 0.878906

-0.543394 0.878906
-0.53516 0.898438

-0.535146 0.898438
-0.527344 0.916286

-0.527344 0.916458
-0.526683 0.917969

-0.526626 0.917969
-0.517778 0.9375

-0.517769 0.9375
-0.508604 0.957031

-0.508587 0.957031
-0.507812 0.958624

-0.507812 0.958694
-0.499127 0.976562

-0.499114 0.976562
-0.489284 0.996094

-0.489245 0.996094
-0.488281 0.997948

-0.488281 0.998033
-0.479142 1.01562

-0.479118 1.01562
-0.46875 1.03505

-0.468704 1.03516
-0.458021 1.05469

-0.457935 1.05469
-0.449219 1.07026

-0.449219 1.07093
-0.44738 1.07422

-0.44708 1.07422
-0.435917 1.09375

-0.435774 1.09375
-0.429688 1.1042

-0.429688 1.10468
-0.424677 1.11328

-0.424532 1.11328
-0.41298 1.13281

-0.412876 1.13281
-0.410156 1.13735

-0.410156 1.13753
-0.40128 1.15234

-0.401207 1.15234
-0.390625 1.16985

-0.390625 1.17068
-0.389915 1.17188

-0.389452 1.17188
-0.377539 1.19141

-0.377371 1.19141
-0.371094 1.20162

-0.371094 1.20215
-0.365693 1.21094

-0.365525 1.21094
-0.35347 1.23047

-0.353369 1.23047
-0.351562 1.23342

-0.351562 1.23354
-0.341383 1.25

-0.341255 1.25
-0.332031 1.26496

-0.332031 1.26576
-0.329717 1.26953

-0.329343 1.26953
-0.317307 1.28906

-0.317136 1.28906
-0.3125 1.29659

-0.3125 1.29698
-0.305348 1.30859

-0.305246 1.30859
-0.293292 1.32812

-0.293281 1.32812
-0.292969 1.32865

-0.292969 1.32867
-0.281417 1.34766

-0.281284 1.34766
-0.273438 1.36062

-0.273438 1.36126
-0.269851 1.36719

-0.269628 1.36719
-0.257794 1.38672

-0.257633 1.38672
-0.253906 1.39288

-0.253906 1.39313
-0.245972 1.40625

-0.245925 1.40625
-0.234375 1.4256

-0.234307 1.42578
-0.222707 1.44531

-0.222588 1.44531
-0.214844 1.45841

-0.214844 1.45884
-0.211292 1.46484

-0.211134 1.46484
-0.199685 1.48438

-0.199579 1.48438
-0.195312 1.49176

-0.195312 1.49193
-0.188392 1.50391

-0.188387 1.50391
-0.177301 1.52344

-0.177274 1.52344
-0.175781 1.5261

-0.175781 1.52616
-0.16635 1.54297

-0.166302 1.54297
-0.15625 1.5612

-0.15625 1.56158
-0.155746 1.5625

-0.155565 1.5625
-0.145018 1.58203

-0.144971 1.58203
-0.136719 1.59764

-0.136719 1.59791
-0.134791 1.60156

2.53906 0.036565
2.53825 0.0390625

2.51953 0.0669466
2.50581 0.078125

2.5388 0.0390625
2.5267 0.0585938

2.51953 0.0670629
2.52708 0.0585938

2.54654 0
2.5445 0.0195312

2.53906 0.0365875
2.54464 0.0195312

2.5 0.081349
2.50494 0.078125

-0.13469 1.60156
-0.124602 1.62109

-0.124557 1.62109
-0.117188 1.63571

-0.117188 1.63594
-0.114824 1.64062

-0.114749 1.64062
-0.105156 1.66016

-0.105122 1.66016
-0.0976562 1.67577

-0.0976562 1.67602
-0.0959 1.67969

-0.0958101 1.67969
-0.0867339 1.69922

-0.0867179 1.69922
-0.078125 1.7183

-0.078125 1.71861
-0.0780619 1.71875

-0.0779356 1.71875
-0.0694258 1.73828

-0.0694234 1.73828
-0.0611817 1.75781

-0.0611462 1.75781
-0.0585938 1.76408

-0.0585938 1.76418
-0.0532342 1.77734

-0.0532256 1.77734
-0.0455717 1.79688

-0.0455604 1.79688
-0.0390625 1.81411

-0.0390625 1.81438
-0.0382971 1.81641

-0.0382101 1.81641
-0.0311302 1.83594

-0.0311256 1.83594
-0.0243335 1.85547

-0.0243153 1.85547
-0.0195312 1.86985

-0.0195312 1.87007
-0.0178909 1.875

-0.0178393 1.875
-0.0116388 1.89453

-0.0116365 1.89453
-0.00573365 1.91406

-0.00573445 1.91406
-0.000132367 1.93359

-0.000127749 1.93359
0 1.93406

0 2.65744
-0.0041041 2.67578

-0.00411458 2.67578
-0.00847087 2.69531

-0.00848235 2.69531
-0.0127816 2.71484

-0.0127968 2.71484
-0.0169858 2.73438

-0.0195312 2.74671
-0.0210125 2.75391

-0.0210305 2.75391
-0.0248308 2.77344

-0.0195312 2.74665
-0.0170043 2.73438

-0.0248446 2.77344
-0.0283765 2.79297

-0.0283888 2.79297
-0.0316002 2.8125

-0.0390625 2.87504
-0.0401907 2.89062

-0.0316185 2.8125
-0.0344483 2.83203

-0.0344611 2.83203
-0.0368472 2.85156

-0.0368473 2.85156
-0.0387636 2.87109

-0.0390625 2.87483
-0.0387921 2.87109

-0.0402036 2.89062
-0.0410609 2.91016

-0.0410634 2.91016
-0.0413395 2.92969

-0.0413408 2.92969
-0.041028 2.94922

-0.0410225 2.94922
-0.040129 2.96875

-0.0401106 2.96875
-0.0390625 2.98325

-0.0390625 2.98287
-0.0386717 2.98828

-0.0386889 2.98828
-0.0368168 3.00781

-0.0368036 3.00781
-0.0345027 3.02734

-0.0344884 3.02734
-0.0318133 3.04688

-0.0317889 3.04688
-0.0288169 3.06641

-0.0287934 3.06641
-0.0256205 3.08594

-0.0256014 3.08594
-0.0223127 3.10547

-0.0222644 3.10547
-0.0195312 3.12165

-0.0195312 3.1222
-0.0190587 3.125

-0.0189761 3.125
-0.0157422 3.14453

-0.0157249 3.14453
-0.0125989 3.16406

-0.0125847 3.16406
-0.00962959 3.18359

-0.00961652 3.18359
-0.00688688 3.20312

-0.00687607 3.20312
-0.00441963 3.22266

-0.00441448 3.22266
-0.00226315 3.24219

-0.00226075 3.24219
-0.000429637 3.26172

-0.00041538 3.26172
0 3.26713

0 3.44451
-0.000904429 3.45703

-0.000908784 3.45703
-0.00250702 3.47656

-0.00251884 3.47656
-0.00426771 3.49609

-0.00428212 3.49609
-0.00612918 3.51562

-0.00614567 3.51562
-0.00802914 3.53516

-0.00804719 3.53516
-0.009898 3.55469

-0.00991732 3.55469
-0.0116607 3.57422

-0.0116793 3.57422
-0.0132395 3.59375

-0.0132561 3.59375
-0.0145629 3.61328

-0.0145775 3.61328
-0.0155686 3.63281

-0.0155805 3.63281
-0.0162028 3.65234

-0.0162108 3.65234
-0.0164243 3.67188

-0.0164266 3.67188
-0.0162107 3.69141

-0.0162051 3.69141
-0.0155668 3.71094

-0.0155523 3.71094
-0.0145318 3.73047

-0.0145091 3.73047
-0.0131804 3.75

4.46212 0
4.46646 0.0195312

4.46579 0.0195312
4.47266 0.0300208

4.47266 0.0296496
4.4816 0.0390625

4.48071 0.0390625
4.49219 0.0469831

4.49219 0.0454585
4.51172 0.051201

4.51172 0.0498677
4.53125 0.0515709

-0.0131523 3.75
-0.0116172 3.76953

-0.0115887 3.76953
-0.00996025 3.78906

-0.00993538 3.78906
-0.00832027 3.80859

4.53125 0.0512729
4.55078 0.0521995

-0.00830125 3.80859
-0.00678727 3.82812

-0.00677368 3.82812
-0.00542602 3.84766

-0.00541666 3.84766
-0.0042812 3.86719

-0.0042749 3.86719
-0.00338295 3.88672

-0.00337918 3.88672
-0.00275088 3.90625

-0.00274939 3.90625
-0.00239523 3.92578

-0.00239605 3.92578
-0.00231739 3.94531

-0.00232103 3.94531
-0.00250896 3.96484

-0.00251583 3.96484
-0.00294933 3.98438

-0.0029596 3.98438
-0.00360439 4.00391

-0.00361793 4.00391
-0.00442639 4.02344

-0.00444272 4.02344
-0.0053551 4.04297

-0.00537311 4.04297
-0.00632076 4.0625

-0.00633935 4.0625
-0.00724905 4.08203

-0.00726688 4.08203
-0.00806579 4.10156

-0.00808157 4.10156
-0.00870245 4.12109

-0.00871466 4.12109
-0.00910152 4.14062

-0.00910883 4.14062
-0.00922261 4.16016

-0.00922359 4.16016
-0.0090477 4.17969

-0.00904087 4.17969
-0.00858701 4.19922

-0.00857209 4.19922
-0.00788376 4.21875

-0.00786224 4.21875
-0.00701235 4.23828

-0.00698767 4.23828
-0.0060686 4.25781

-0.00604451 4.25781
-0.00515377 4.27734

-0.0051337 4.27734
-0.00435961 4.29688

-0.00434543 4.29688
-0.00375649 4.31641

-0.0037488 4.31641
-0.00338876 4.33594

-0.00338733 4.33594
-0.00327445 4.35547

-0.00327919 4.35547
-0.00340686 4.375

-0.00341765 4.375
-0.00375483 4.39453

-0.0037711 4.39453
-0.00426371 4.41406

-0.00428386 4.41406
-0.00485907 4.43359

-0.00488139 4.43359
-0.00545424 4.45312

-0.00547579 4.45312
-0.00595854 4.47266

-0.00597509 4.47266
-0.00629154 4.49219

-0.0062997 4.49219
-0.00640041 4.51172

-0.00639824 4.51172
-0.00627122 4.53125

-0.00625895 4.53125
-0.00593308 4.55078

-0.00591387 4.55078
-0.00545213 4.57031

-0.00543042 4.57031
-0.00491466 4.58984

-0.00489458 4.58984
-0.00440835 4.60938

-0.00439341 4.60938
-0.00400674 4.62891

-0.00399839 4.62891
-0.00375788 4.64844

-0.00375648 4.64844
-0.00368163 4.66797

-0.00368744 4.66797
-0.00376945 4.6875

-0.00378178 4.6875
-0.00398435 4.70703

-0.00400112 4.70703
-0.00426603 4.72656

-0.00428448 4.72656
-0.0045413 4.74609

-0.0045571 4.74609
-0.00473732 4.76562

-0.00474537 4.76562
-0.00480129 4.78516

-0.00479849 4.78516
-0.00471963 4.80469

-0.00470767 4.80469
-0.00452353 4.82422

-0.00450769 4.82422
-0.0042739 4.84375

-0.00425967 4.84375
-0.00403637 4.86328

-0.00402751 4.86328
-0.0038609 4.88281

-0.00385876 4.88281
-0.00377083 4.90234

-0.00377495 4.90234
-0.00376175 4.92188

-0.00377006 4.92188
-0.00380671 4.94141

-0.0038159 4.94141
-0.00386741 4.96094

-0.0038741 4.96094
-0.00390868 4.98047

-0.00391099 4.98047
-0.00391062 5

-0.0039089 5
-0.0038724 5.01953

-0.00386848 5.01953
-0.00380715 5.03906

-0.00380311 5.03906
-0.0037329 5.05859

-0.00373014 5.05859
-0.00366464 5.07812

-0.00366367 5.07812
-0.00361033 5.09766

-0.00361084 5.09766
-0.0035706 5.11719

-0.00357187 5.11719
-0.00354119 5.13672

-0.0035425 5.13672
-0.00351621 5.15625

-0.0035171 5.15625
-0.00349079 5.17578

-0.00349112 5.17578
-0.00346232 5.19531

-0.0034622 5.19531
-0.00343048 5.21484

-0.00343016 5.21484
-0.00339638 5.23438

-0.00339605 5.23438
-0.00336153 5.25391

-0.0033613 5.25391
-0.00332712 5.27344

-0.00332703 5.27344
-0.00329379 5.29297

-0.00329381 5.29297
-0.00326165 5.3125

-0.00326172 5.3125
-0.00323047 5.33203

-0.00323053 5.33203
-0.00319993 5.35156

-0.00319997 5.35156
-0.00316981 5.37109

-0.00316983 5.37109
-0.00314 5.39062

-0.00313999 5.39062
-0.00311047 5.41016

-0.00311046 5.41016
-0.00308127 5.42969

-0.00308127 5.42969
-0.00305243 5.44922

-0.00305243 5.44922
-0.00302397 5.46875

-0.00302397 5.46875
-0.00299588 5.48828

-0.00299589 5.48828
-0.00296817 5.50781

-0.00296818 5.50781
-0.00294082 5.52734

-0.00294082 5.52734
-0.0029138 5.54688

-0.0029138 5.54688
-0.00288714 5.56641

-0.00288714 5.56641
-0.00286082 5.58594

-0.00286083 5.58594
-0.00283484 5.60547

-0.00283484 5.60547
-0.00280917 5.625

-0.00280917 5.625
-0.00278382 5.64453

-0.00278382 5.64453
-0.0027588 5.66406

-0.0027588 5.66406
-0.0027341 5.68359

-0.00273411 5.68359
-0.00270972 5.70312

-0.00270973 5.70312
-0.00268562 5.72266

-0.00268562 5.72266
-0.00266179 5.74219

-0.00266179 5.74219
-0.00263825 5.76172

-0.00263826 5.76172
-0.00261501 5.78125

-0.00261502 5.78125
-0.00259202 5.80078

-0.002592 5.80078
-0.00256926 5.82031

-0.00256927 5.82031
-0.00254683 5.83984

-0.00254683 5.83984
-0.00252465 5.85938

-0.00252465 5.85938
-0.00250275 5.87891

-0.00250276 5.87891
-0.00248113 5.89844

-0.00248113 5.89844
-0.00245975 5.91797

-0.00245975 5.91797
-0.00243864 5.9375

-0.00243865 5.9375
-0.0024178 5.95703

-0.00241781 5.95703
-0.00239718 5.97656

-0.00239718 5.97656
-0.00237675 5.99609

-0.00237674 5.99609
-0.00235653 6.01562

-0.00235653 6.01562
-0.00233656 6.03516

-0.00233657 6.03516
-0.00231685 6.05469

-0.00231686 6.05469
-0.00229737 6.07422

-0.00229738 6.07422
-0.00227809 6.09375

-0.00227808 6.09375
-0.00225899 6.11328

-0.00225901 6.11328
-0.00224009 6.13281

-0.00224008 6.13281
-0.00222134 6.15234

-0.00222134 6.15234
-0.0022028 6.17188

-0.00220281 6.17188
-0.00218449 6.19141

-0.0021845 6.19141
-0.00216639 6.21094

-0.00216639 6.21094
-0.00214848 6.23047

-0.00214849 6.23047
-0.00213078 6.25

-0.00213078 6.25
-0.00211326 6.26953

-0.00211325 6.26953
-0.00209591 6.28906

-0.00209591 6.28906
-0.00207877 6.30859

-0.00207877 6.30859
-0.00206184 6.32812

-0.00206184 6.32812
-0.00204511 6.34766

-0.00204511 6.34766
-0.00202858 6.36719

-0.00202859 6.36719
-0.00201224 6.38672

-0.00201224 6.38672
-0.00199607 6.40625

-0.00199607 6.40625
-0.0019801 6.42578

-0.0019801 6.42578
-0.00196433 6.44531

-0.00196434 6.44531
-0.00194875 6.46484

-0.00194877 6.46484
-0.00193334 6.48438

-0.00193335 6.48438
-0.00191805 6.50391

-0.00191803 6.50391
-0.00190287 6.52344

-0.00190288 6.52344
-0.00188788 6.54297

-0.00188788 6.54297
-0.00187302 6.5625

-0.00187303 6.5625
-0.0018583 6.58203

4.55078 0.0523353
4.57031 0.0528097

4.57031 0.0534728
4.58984 0.0518971

4.58984 0.05209
4.60938 0.0467521

4.6482 0
4.64338 0.0195312

4.62891 0.0377009
4.64448 0.0195312

4.60938 0.0472317
4.62347 0.0390625

-0.00185829 6.58203
-0.00184368 6.60156

-0.00184367 6.60156
-0.0018292 6.62109

-0.0018292 6.62109
-0.00181491 6.64062

-0.00181491 6.64062
-0.0018008 6.66016

-0.0018008 6.66016
-0.00178686 6.67969

-0.00178686 6.67969
-0.00177305 6.69922

-0.00177305 6.69922
-0.00175938 6.71875

-0.00175938 6.71875
-0.00174586 6.73828

-0.00174586 6.73828
-0.00173248 6.75781

-0.00173248 6.75781
-0.00171924 6.77734

-0.00171924 6.77734
-0.00170612 6.79688

-0.00170613 6.79688
-0.00169314 6.81641

-0.00169314 6.81641
-0.00168028 6.83594

-0.00168028 6.83594
-0.00166754 6.85547

-0.00166754 6.85547
-0.00165493 6.875

-0.00165494 6.875
-0.00164246 6.89453

-0.00164246 6.89453
-0.00163009 6.91406

-0.00163009 6.91406
-0.00161783 6.93359

-0.00161783 6.93359
-0.00160568 6.95312

-0.00160568 6.95312
-0.00159363 6.97266

-0.00159363 6.97266
-0.0015817 6.99219

-0.0015817 6.99219
-0.00156987 7.01172

-0.00156987 7.01172
-0.00155816 7.03125

-0.00155816 7.03125
-0.00154656 7.05078

-0.00154656 7.05078
-0.00153507 7.07031

-0.00153507 7.07031
-0.0015237 7.08984

-0.0015237 7.08984
-0.00151244 7.10938

-0.00151244 7.10938
-0.00150129 7.12891

-0.00150129 7.12891
-0.00149026 7.14844

-0.00149026 7.14844
-0.00147933 7.16797

-0.00147934 7.16797
-0.00146851 7.1875

-0.00146851 7.1875
-0.00145776 7.20703

-0.00145776 7.20703
-0.0014471 7.22656

-0.0014471 7.22656
-0.00143654 7.24609

-0.00143654 7.24609
-0.00142609 7.26562

-0.0014261 7.26562
-0.00141575 7.28516

-0.00141575 7.28516
-0.0014055 7.30469

-0.00140549 7.30469
-0.00139535 7.32422

-0.00139535 7.32422
-0.00138535 7.34375

-0.00138535 7.34375
-0.00137547 7.36328

-0.00137548 7.36328
-0.00136573 7.38281

-0.00136573 7.38281
-0.0013561 7.40234

-0.0013561 7.40234
-0.0013466 7.42188

-0.00134661 7.42188
-0.00133723 7.44141

-0.00133724 7.44141
-0.00132798 7.46094

-0.00132798 7.46094
-0.00131883 7.48047

-0.00131883 7.48047
-0.00130979 7.5

-0.00130979 7.5
-0.00130088 7.51953

-0.00130088 7.51953
-0.00129207 7.53906

-0.00129207 7.53906
-0.00128338 7.55859

-0.00128338 7.55859
-0.00127482 7.57812

-0.00127482 7.57812
-0.00126637 7.59766

-0.00126637 7.59766
-0.00125803 7.61719

-0.00125803 7.61719
-0.00124979 7.63672

-0.00124979 7.63672
-0.00124165 7.65625

-0.00124168 7.65625
-0.00123362 7.67578

-0.00123362 7.67578
-0.0012256 7.69531

-0.0012256 7.69531
-0.00121763 7.71484

-0.00121763 7.71484
-0.0012097 7.73438

-0.00120969 7.73438
-0.00120183 7.75391

-0.00120183 7.75391
-0.00119406 7.77344

-0.00119406 7.77344
-0.00118639 7.79297

-0.00118639 7.79297
-0.00117883 7.8125

-0.00117883 7.8125
-0.00117135 7.83203

-0.00117137 7.83203
-0.00116396 7.85156

-0.00116395 7.85156
-0.0011566 7.87109

-0.0011566 7.87109
-0.00114931 7.89062

-0.00114932 7.89062
-0.00114208 7.91016

-0.00114206 7.91016
-0.00113488 7.92969

-0.00113489 7.92969
-0.00112777 7.94922

-0.00112777 7.94922
-0.0011207 7.96875

-0.0011207 7.96875
-0.00111367 7.98828

-0.00111367 7.98828
-0.00110668 8.00781

-0.00110668 8.00781
-0.00109976 8.02734

-0.00109975 8.02734
-0.00109291 8.04688

-0.00109291 8.04688
-0.00108616 8.06641

-0.00108616 8.06641
-0.00107948 8.08594

-0.00107948 8.08594
-0.00107287 8.10547

-0.00107287 8.10547
-0.00106633 8.125

-0.00106633 8.125
-0.00105986 8.14453

-0.00105985 8.14453
-0.00105345 8.16406

-0.00105344 8.16406
-0.00104089 8.20312

-0.00104093 8.20312
-0.00103477 8.22266

-0.00103476 8.22266
-0.00102866 8.24219

-0.00102866 8.24219
-0.00102263 8.26172

-0.00102263 8.26172
-0.00101663 8.28125

-0.00101663 8.28125
-0.00101067 8.30078

-0.00101066 8.30078
-0.00100472 8.32031

-0.00100472 8.32031
-0.000998811 8.33984

-0.000998809 8.33984
-0.000992955 8.35938

-0.000992936 8.35938
-0.000981419 8.39844

-0.00098144 8.39844
-0.000975775 8.41797

-0.000975776 8.41797
-0.000970163 8.4375

-0.000970169 8.4375
-0.000964594 8.45703

-0.000964591 8.45703
-0.00095905 8.47656

-0.000959052 8.47656
-0.000953543 8.49609

-0.000953538 8.49609
-0.000948068 8.51562

-0.000948058 8.51562
-0.000942659 8.53516

-0.000942665 8.53516
-0.000937344 8.55469

-0.000937352 8.55469
-0.00093208 8.57422

-0.000932069 8.57422
-0.000926852 8.59375

-0.00092685 8.59375
-0.00092171 8.61328

-0.00092171 8.61328
-0.000916654 8.63281

-0.00091662 8.63281
-0.000906815 8.67188

-0.000906876 8.67188
-0.000902115 8.69141

-0.000902112 8.69141
-0.000897378 8.71094

-0.00089738 8.71094
-0.000892675 8.73047

-0.000892677 8.73047
-0.000887994 8.75

-0.000887997 8.75
-0.000883324 8.76953

-0.000883315 8.76953
-0.000878661 8.78906

-0.000878663 8.78906
-0.000874041 8.80859

-0.000874039 8.80859
-0.000869446 8.82812

-0.000869448 8.82812
-0.000864886 8.84766

-0.000864886 8.84766
-0.00086035 8.86719

-0.000860346 8.86719
-0.000855843 8.88672

-0.000855835 8.88672
-0.000851388 8.90625

-0.000851406 8.90625
-0.000846995 8.92578

-0.000846988 8.92578
-0.000842591 8.94531

-0.000842603 8.94531
-0.000838212 8.96484

-0.000838204 8.96484
-0.000833814 8.98438

-0.000833814 8.98438
-0.000829442 9.00391

-0.000829441 9.00391
-0.00082509 9.02344

-0.000825091 9.02344
-0.00082076 9.04297

-0.000820759 9.04297
-0.000816449 9.0625

-0.000816419 9.0625
-0.00080796 9.10156

-0.000807995 9.10156
-0.000799696 9.14062

-0.000799618 9.14062
-0.000791565 9.17969

-0.000791622 9.17969
-0.000787734 9.19922

-0.000787732 9.19922
-0.000783872 9.21875

-0.000783872 9.21875
-0.000780044 9.23828

-0.00078006 9.23828
-0.000776234 9.25781

-0.000776223 9.25781
-0.000772389 9.27734

-0.000772389 9.27734
-0.000768568 9.29688

-0.000768576 9.29688
-0.00076475 9.31641

-0.000764751 9.31641
-0.000760903 9.33594

-0.000760895 9.33594
-0.000757037 9.35547

-0.000757037 9.35547
-0.000753187 9.375

-0.000753186 9.375
-0.000749347 9.39453

-0.000749342 9.39453
-0.000745525 9.41406

-0.000745524 9.41406
-0.000741739 9.43359

-0.000741735 9.43359
-0.000737989 9.45312

-0.000737994 9.45312
-0.000734284 9.47266

-0.00073428 9.47266
-0.000730606 9.49219

-0.000730617 9.49219
-0.000726963 9.51172

-0.00072696 9.51172
-0.000723311 9.53125

-0.000723321 9.53125
-0.000719665 9.55078

-0.000719667 9.55078
-0.000715981 9.57031

-0.000715979 9.57031
-0.000712261 9.58984

-0.00071226 9.58984
-0.000708513 9.60938

-0.000708514 9.60938
-0.000704737 9.62891

-0.000704738 9.62891
-0.000700927 9.64844

-0.000700916 9.64844
-0.00069709 9.66797

-0.000697091 9.66797
-0.00069327 9.6875

-0.00069327 9.6875
-0.000689455 9.70703

-0.00068945 9.70703
-0.000685652 9.72656

-0.000685626 9.72656
-0.000678187 9.76562

-0.00067814 9.76562
-0.00067102 9.80469

-0.000671075 9.80469
-0.000664256 9.84375

-0.000664269 9.84375
-0.00066093 9.86328

-0.000660929 9.86328
-0.00065764 9.88281

-0.000657646 9.88281
-0.000654398 9.90234

-0.0006544 9.90234
-0.000651174 9.92188

-0.000651176 9.92188
-0.000644749 9.96094

-0.000644754 9.96094
-0.00064155 9.98047

-0.000641546 9.98047
-0.000638348 10

-0.000638327 10
-0.000632041 10.0391

-0.000632064 10.0391
-0.000628976 10.0586

-0.000628976 10.0586
-0.000625897 10.0781

-0.000625875 10.0781
-0.000619825 10.1172

-0.000619814 10.1172
-0.000613944 10.1562

-0.00061395 10.1562
-0.000608268 10.1953

-0.000608304 10.1953
-0.000605519 10.2148

-0.000605517 10.2148
-0.00060272 10.2344

-0.000602719 10.2344
-0.000599913 10.2539

-0.000599911 10.2539
-0.000597104 10.2734

-0.0005971 10.2734
-0.000594305 10.293

-0.000594295 10.293
-0.00059154 10.3125

-0.000591558 10.3125
-0.000588825 10.332

-0.000588825 10.332
-0.00058608 10.3516

-0.000586075 10.3516
-0.000583325 10.3711

-0.000583333 10.3711
-0.000580572 10.3906

-0.000580559 10.3906
-0.000577797 10.4102

-0.000577795 10.4102
-0.000575062 10.4297

-0.000575064 10.4297
-0.000569663 10.4688

-0.000569666 10.4688
-0.000566996 10.4883

-0.000566994 10.4883
-0.000564353 10.5078

-0.000564347 10.5078
-0.000559155 10.5469

-0.000559162 10.5469
-0.00055661 10.5664

-0.000556608 10.5664
-0.000554089 10.5859

-0.00055405 10.5859
-0.000549244 10.625

-0.000549288 10.625
-0.000546999 10.6445

-0.000546994 10.6445
-0.000544737 10.6641

-0.000544733 10.6641
-0.000542523 10.6836

-0.00054253 10.6836
-0.000540361 10.7031

-0.000540364 10.7031
-0.000538218 10.7227

-0.000538219 10.7227
-0.000536087 10.7422

-0.000536089 10.7422
-0.000533964 10.7617

-0.000533961 10.7617
-0.000531843 10.7812

-0.000531855 10.7812
-0.000529728 10.8008

-0.000529722 10.8008
-0.000527574 10.8203

-0.000527574 10.8203
-0.000525414 10.8398

-0.000525414 10.8398
-0.000523243 10.8594

-0.00052322 10.8594
-0.000518944 10.8984

-0.000518969 10.8984
-0.000516864 10.918

-0.000516865 10.918
-0.000514742 10.9375

-0.000514744 10.9375
-0.000512596 10.957

-0.000512596 10.957
-0.000510422 10.9766

-0.000510398 10.9766
-0.000506091 11.0156

-0.000506124 11.0156
-0.000501828 11.0547

-0.000501781 11.0547
-0.000497524 11.0938

-0.000497546 11.0938
-0.000495462 11.1133

-0.000495457 11.1133
-0.000493383 11.1328

-0.000493386 11.1328
-0.000491326 11.1523

-0.000491318 11.1523
-0.000489281 11.1719

-0.000489285 11.1719
-0.00048728 11.1914

-0.000487293 11.1914
-0.000485285 11.2109

-0.000485281 11.2109
-0.000483255 11.2305

-0.000483242 11.2305
-0.000481231 11.25

-0.000481233 11.25
-0.000479257 11.2695

-0.000479262 11.2695
-0.000477308 11.2891

-0.000477309 11.2891
-0.000475363 11.3086

-0.000475368 11.3086
-0.000473418 11.3281

-0.00047341 11.3281
-0.000471461 11.3477

-0.000471453 11.3477
-0.000469539 11.3672

-0.000469533 11.3672
-0.000467684 11.3867

-0.000467692 11.3867
-0.000465906 11.4062

-0.000465915 11.4062
-0.000464159 11.4258

-0.000464154 11.4258
-0.000462419 11.4453

-0.000462425 11.4453
-0.000460709 11.4648

-0.000460707 11.4648
-0.000459003 11.4844

-0.000459007 11.4844
-0.000457313 11.5039

-0.000457312 11.5039
-0.00045562 11.5234

-0.000455605 11.5234
-0.000452287 11.5625

-0.000452309 11.5625
-0.00045068 11.582

-0.000450681 11.582
-0.000449038 11.6016

-0.000449005 11.6016
-0.00044582 11.6406

-0.000445853 11.6406
-0.00044276 11.6797

-0.000442764 11.6797
-0.000441226 11.6992

-0.000441228 11.6992
-0.000439687 11.7188

-0.000439661 11.7188
-0.000436674 11.7578

-0.000436702 11.7578
-0.000433802 11.7969

-0.000433822 11.7969
-0.000430915 11.8359

-0.000430892 11.8359
-0.000427983 11.875

-0.00042801 11.875
-0.000426562 11.8945

-0.000426553 11.8945
-0.000425077 11.9141

-0.000425074 11.9141
-0.000423592 11.9336

-0.000423593 11.9336
-0.000422108 11.9531

-0.000422123 11.9531
-0.000419083 11.9922

-0.000419061 11.9922
-0.000415962 12.0312

-0.000415986 12.0312
-0.000412823 12.0703

-0.00041281 12.0703
-0.000411188 12.0898

-0.000411189 12.0898
-0.000409553 12.1094

-0.000409551 12.1094
-0.0004079 12.1289

-0.000407898 12.1289
-0.000406239 12.1484

-0.000406234 12.1484
-0.00040458 12.168

-0.000404578 12.168
-0.00040294 12.1875

-0.00040295 12.1875
-0.00040131 12.207

-0.000401304 12.207
-0.000399655 12.2266

-0.00039966 12.2266
-0.000398003 12.2461

-0.000398004 12.2461
-0.000396325 12.2656

-0.000396324 12.2656
-0.000394622 12.2852

-0.000394621 12.2852
-0.000392902 12.3047

-0.000392874 12.3047
-0.000389525 12.3438

-0.000389559 12.3438
-0.000386278 12.3828

-0.00038626 12.3828
-0.000384627 12.4023

-0.000384625 12.4023
-0.000383038 12.4219

-0.000383015 12.4219
-0.000380033 12.4609

-0.000380089 12.4609
-0.000377258 12.5

-0.00037723 12.5
-0.000374495 12.5391

-0.000374521 12.5391
-0.000371884 12.5781

-0.000371889 12.5781
-0.000369285 12.6172

-0.000369296 12.6172
-0.000367999 12.6367

-0.000367998 12.6367
-0.000366686 12.6562

-0.000366685 12.6562
-0.000365361 12.6758

-0.00036536 12.6758
-0.000364031 12.6953

-0.000364009 12.6953
-0.000361435 12.7344

-0.00036143 12.7344
-0.000358992 12.7734

-0.000359009 12.7734
-0.000357842 12.793

-0.000357845 12.793
-0.00035669 12.8125

-0.000356689 12.8125
-0.000355541 12.832

-0.000355541 12.832
-0.0003544 12.8516

-0.0003544 12.8516
-0.000352139 12.8906

-0.000352112 12.8906
-0.00034993 12.9297

-0.000349967 12.9297
-0.000347845 12.9688

-0.000347848 12.9688
-0.00034678 12.9883

-0.000346777 12.9883
-0.0003457 13.0078

-0.000345706 13.0078
-0.000344616 13.0273

-0.000344618 13.0273
-0.0003435 13.0469

-0.000343493 13.0469
-0.000342358 13.0664

-0.000342359 13.0664
-0.000341218 13.0859

-0.000341219 13.0859
-0.000340068 13.1055

-0.000340067 13.1055
-0.000338904 13.125

-0.000338901 13.125
-0.000337733 13.1445

-0.000337731 13.1445
-0.000336569 13.1641

-0.000336539 13.1641
-0.000334355 13.2031

-0.000334378 13.2031
-0.000332354 13.2422

-0.000332369 13.2422
-0.000330429 13.2812

-0.000330458 13.2812
-0.000329498 13.3008

-0.000329494 13.3008
-0.000328497 13.3203

-0.000328496 13.3203
-0.000327473 13.3398

-0.000327468 13.3398
-0.00032643 13.3594

-0.000326435 13.3594
-0.00032432 13.3984

-0.000324309 13.3984
-0.000323234 13.418

-0.000323234 13.418
-0.000322164 13.4375

-0.000322149 13.4375
-0.00032008 13.4766

-0.000320113 13.4766
-0.000319107 13.4961

-0.00031911 13.4961
-0.000318062 13.5156

-0.000318054 13.5156
-0.000316977 13.5352

-0.000316979 13.5352
-0.000315887 13.5547

-0.000315884 13.5547
-0.000314778 13.5742

-0.000314776 13.5742
-0.000313667 13.5938

-0.000313667 13.5938
-0.000312557 13.6133

-0.000312557 13.6133
-0.000311446 13.6328

-0.000311445 13.6328
-0.000310334 13.6523

-0.000310335 13.6523
-0.000309226 13.6719

-0.000309201 13.6719
-0.000307086 13.7109

-0.000307088 13.7109
-0.000306092 13.7305

-0.000306104 13.7305
-0.000305142 13.75

-0.000305141 13.75
-0.000304189 13.7695

-0.000304189 13.7695
-0.000303252 13.7891

-0.000303255 13.7891
-0.000302326 13.8086

-0.000302328 13.8086
-0.000301395 13.8281

-0.000301393 13.8281
-0.000300454 13.8477

-0.000300452 13.8477
-0.000299514 13.8672

-0.000299517 13.8672
-0.000298578 13.8867

-0.00029858 13.8867
-0.000297627 13.9062

-0.000297608 13.9062
-0.000295749 13.9453

-0.00029576 13.9453
-0.000294857 13.9648

-0.000294859 13.9648
-0.000293957 13.9844

-0.000293946 13.9844
-0.000292184 14.0234

-0.000292168 14.0234
-0.000290501 14.0625

-0.000290534 14.0625
-0.000289738 14.082

-0.000289736 14.082
-0.000288916 14.1016

-0.000288889 14.1016
-0.000287319 14.1406

-0.000287349 14.1406
-0.000286598 14.1602

-0.000286592 14.1602
-0.000285823 14.1797

-0.000285824 14.1797
-0.000285048 14.1992

-0.000285051 14.1992
-0.000284263 14.2188

-0.000284241 14.2188
-0.000282716 14.2578

-0.000282746 14.2578
-0.000282005 14.2773

-0.000282009 14.2773
-0.000281224 14.2969

-0.000281218 14.2969
-0.000280393 14.3164

-0.000280396 14.3164
-0.000279537 14.3359

-0.000279534 14.3359
-0.000278641 14.3555

-0.000278636 14.3555
-0.000277724 14.375

-0.000277732 14.375
-0.000276795 14.3945

-0.000276786 14.3945
-0.000275827 14.4141

-0.0002758 14.4141
-0.000273978 14.4531

-0.00027401 14.4531
-0.000273145 14.4727

-0.000273142 14.4727
-0.000272262 14.4922

-0.000272258 14.4922
-0.000271376 14.5117

-0.000271374 14.5117
-0.000270503 14.5312

-0.000270494 14.5312
-0.000268815 14.5703

-0.000268772 14.5703
-0.000267267 14.6094

-0.000267341 14.6094
-0.000266663 14.6289

-0.000266659 14.6289
-0.000265917 14.6484

-0.000265912 14.6484
-0.000265124 14.668

-0.000265132 14.668
-0.000264289 14.6875

-0.000264176 14.6875
-0.000262798 14.7266

-0.000262935 14.7266
-0.000261782 14.7656

-0.000261779 14.7656
-0.000261185 14.7852

-0.000261183 14.7852
-0.000260583 14.8047

-0.000260591 14.8047
-0.000259975 14.8242

-0.000259964 14.8242
-0.000259337 14.8438

-0.000259334 14.8438
-0.000258723 14.8633

-0.000258725 14.8633
-0.000258131 14.8828

-0.000258146 14.8828
-0.000257534 14.9023

-0.000257529 14.9023
-0.000256882 14.9219

-0.000256857 14.9219
-0.000255608 14.9609

-0.00025562 14.9609
-0.000255024 14.9805

-0.000255035 14.9805
-0.00025442 15

-0.000254413 15
-0.000253773 15.0195

-0.000253773 15.0195
-0.000253121 15.0391

-0.00025312 15.0391
-0.000252459 15.0586

-0.000252459 15.0586
-0.000251792 15.0781

-0.000251783 15.0781
-0.000250473 15.1172

-0.000250407 15.1172
-0.000249266 15.1562

-0.000249304 15.1562
-0.000248838 15.1758

-0.000248837 15.1758
-0.000248403 15.1953

-0.000248416 15.1953
-0.000247988 15.2148

-0.000247984 15.2148
-0.000247545 15.2344

-0.000247548 15.2344
-0.000247099 15.2539

-0.000247093 15.2539
-0.000246641 15.2734

-0.000246641 15.2734
-0.000246198 15.293

-0.000246201 15.293
-0.000245762 15.3125

-0.000245761 15.3125
-0.000244886 15.3516

-0.000244885 15.3516
-0.000244449 15.3711

-0.000244454 15.3711
-0.000244014 15.3906

-0.000244007 15.3906
-0.000243122 15.4297

-0.00024312 15.4297
-0.000242238 15.4688

-0.00024226 15.4688
-0.000241342 15.5078

-0.000241333 15.5078
-0.000240846 15.5273

-0.000240849 15.5273
-0.000240349 15.5469

-0.00024035 15.5469
-0.000239828 15.5664

-0.000239826 15.5664
-0.000239287 15.5859

-0.000239282 15.5859
-0.000238195 15.625

-0.000238198 15.625
-0.000237651 15.6445

-0.000237654 15.6445
-0.000237094 15.6641

-0.000237092 15.6641
-0.000236518 15.6836

-0.000236517 15.6836
-0.000235931 15.7031

-0.000235934 15.7031
-0.000235331 15.7227

-0.000235331 15.7227
-0.000234706 15.7422

-0.000234684 15.7422
-0.000234082 15.7617

-0.000234091 15.7617
-0.000233539 15.7812

-0.000233548 15.7812
-0.000233008 15.8008

-0.000233002 15.8008
-0.000232469 15.8203

-0.000232478 15.8203
-0.00023195 15.8398

-0.000231949 15.8398
-0.000231412 15.8594

-0.000231412 15.8594
-0.00023087 15.8789

-0.000230868 15.8789
-0.000230327 15.8984

-0.000230326 15.8984
-0.00022979 15.918

-0.00022979 15.918
-0.000229265 15.9375

-0.000229262 15.9375
-0.000228754 15.957

-0.000228752 15.957
-0.00022827 15.9766

-0.000228271 15.9766
-0.000227815 15.9961

-0.000227818 15.9961
-0.000227379 16.0156

-0.000227388 16.0156
-0.00022694 16.0352

-0.000226937 16.0352
-0.000226467 16.0547

-0.000226463 16.0547
-0.000225982 16.0742

-0.000225984 16.0742
-0.000225498 16.0938

-0.000225498 16.0938
-0.000225002 16.1133

-0.000225003 16.1133
-0.000224494 16.1328

-0.000224457 16.1328
-0.000223553 16.1719

-0.000223593 16.1719
-0.000223198 16.1914

-0.000223192 16.1914
-0.000222785 16.2109

-0.000222784 16.2109
-0.000222379 16.2305

-0.000222376 16.2305
-0.000221978 16.25

-0.000221976 16.25
-0.000221594 16.2695

-0.000221593 16.2695
-0.000221232 16.2891

-0.000221242 16.2891
-0.000220883 16.3086

-0.000220886 16.3086
-0.000220503 16.3281

-0.0002205 16.3281
-0.000220092 16.3477

-0.000220091 16.3477
-0.000219667 16.3672

-0.000219665 16.3672
-0.000219234 16.3867

-0.000219234 16.3867
-0.000218796 16.4062

-0.000218794 16.4062
-0.000217916 16.4453

-0.000217894 16.4453
-0.000217059 16.4844

-0.000217076 16.4844
-0.000216687 16.5039

-0.000216683 16.5039
-0.000216297 16.5234

-0.000216304 16.5234
-0.000215914 16.543

-0.000215914 16.543
-0.000215505 16.5625

-0.000215487 16.5625
-0.000214705 16.6016

-0.000214725 16.6016
-0.000213965 16.6406

-0.000213969 16.6406
-0.000213582 16.6602

-0.00021358 16.6602
-0.000213181 16.6797

-0.000213172 16.6797
-0.000212391 16.7188

-0.000212398 16.7188
-0.000211633 16.7578

-0.000211636 16.7578
-0.000211253 16.7773

-0.000211253 16.7773
-0.000210863 16.7969

-0.000210862 16.7969
-0.000210468 16.8164

-0.00021047 16.8164
-0.00021007 16.8359

-0.000210039 16.8359
-0.00020934 16.875

-0.000209378 16.875
-0.000209076 16.8945

-0.000209079 16.8945
-0.000208741 16.9141

-0.000208715 16.9141
-0.000208052 16.9531

-0.000208066 16.9531
-0.000207416 16.9922

-0.000207414 16.9922
-0.000207083 17.0117

-0.000207087 17.0117
-0.000206748 17.0312

-0.000206743 17.0312
-0.000206403 17.0508

-0.000206406 17.0508
-0.00020607 17.0703

-0.000206035 17.0703
-0.000205492 17.1094

-0.000205531 17.1094
-0.000205324 17.1289

-0.000205311 17.1289
-0.000205116 17.1484

-0.000205124 17.1484
-0.000204948 17.168

-0.00020495 17.168
-0.000204772 17.1875

-0.000204775 17.1875
-0.00020459 17.207

-0.000204587 17.207
-0.000204393 17.2266

-0.000204391 17.2266
-0.000204195 17.2461

-0.000204191 17.2461
-0.000204004 17.2656

-0.000204011 17.2656
-0.000203646 17.3047

-0.000203669 17.3047
-0.000203478 17.3242

-0.000203476 17.3242
-0.000203233 17.3438

-0.000203232 17.3438
-0.000202945 17.3633

-0.000202942 17.3633
-0.000202619 17.3828

-0.000202592 17.3828
-0.000201993 17.4219

-0.000202017 17.4219
-0.000201741 17.4414

-0.000201739 17.4414
-0.000201444 17.4609

-0.000201452 17.4609
-0.000201125 17.4805

-0.000201118 17.4805
-0.000200761 17.5

-0.000200727 17.5
-0.000200117 17.5391

-0.000200173 17.5391
-0.000199616 17.5781

-0.000199538 17.5781
-0.000199076 17.6172

-0.000199132 17.6172
-0.000198978 17.6367

-0.000198978 17.6367
-0.000198788 17.6562

-0.000198782 17.6562
-0.000198566 17.6758

-0.000198568 17.6758
-0.000198333 17.6953

-0.000198332 17.6953
-0.000198077 17.7148

-0.000198077 17.7148
-0.000197806 17.7344

-0.000197806 17.7344
-0.000197231 17.7734

-0.000197231 17.7734
-0.000196927 17.793

-0.000196926 17.793
-0.000196607 17.8125

-0.000196603 17.8125
-0.000196278 17.832

-0.000196278 17.832
-0.000195956 17.8516

-0.000195934 17.8516
-0.00019539 17.8906

-0.000195419 17.8906
-0.000195194 17.9102

-0.000195195 17.9102
-0.000194954 17.9297

-0.000194958 17.9297
-0.000194691 17.9492

-0.000194693 17.9492
-0.000194388 17.9688

-0.000194339 17.9688
-0.00019384 18.0078

-0.00019388 18.0078
-0.000193689 18.0273

-0.000193686 18.0273
-0.00019348 18.0469

-0.000193483 18.0469
-0.000193262 18.0664

-0.000193266 18.0664
-0.000193018 18.0859

-0.000193021 18.0859
-0.000192732 18.1055

-0.000192732 18.1055
-0.000192397 18.125

-0.000192398 18.125
-0.000192015 18.1445

-0.000192012 18.1445
-0.000191586 18.1641

-0.000191555 18.1641
-0.000190752 18.2031

-0.000190765 18.2031
-0.000190396 18.2227

-0.000190398 18.2227
-0.000190029 18.2422

-0.000189976 18.2422
-0.000189439 18.2812

-0.000189494 18.2812
-0.00018915 18.3203

-0.00018917 18.3203
-0.000189024 18.3398

-0.000189025 18.3398
-0.000188862 18.3594

-0.000188859 18.3594
-0.000188684 18.3789

-0.000188686 18.3789
-0.000188502 18.3984

-0.0001885 18.3984
-0.000188305 18.418

-0.000188305 18.418
-0.000188103 18.4375

-0.000188069 18.4375
-0.000187779 18.4766

-0.000187803 18.4766
-0.00018772 18.4961

-0.000187726 18.4961
-0.000187644 18.5156

-0.000187652 18.5156
-0.000187541 18.5352

-0.000187545 18.5352
-0.000187382 18.5547

-0.00018737 18.5547
-0.000187172 18.5742

-0.000187168 18.5742
-0.000186966 18.5938

-0.000186938 18.5938
-0.000186798 18.6133

-0.000186802 18.6133
-0.000186775 18.6328

-0.000186799 18.6328
-0.000186828 18.6523

-0.00018684 18.6523
-0.000186853 18.6719

-0.000186842 18.6719
-0.000186839 18.6914

-0.000186845 18.6914
-0.000186836 18.7109

-0.000186828 18.7109
-0.000186805 18.75

-0.000186801 18.75
-0.000186791 18.7695

-0.000186791 18.7695
-0.000186793 18.7891

-0.000186785 18.7891
-0.000186845 18.8281

-0.000186837 18.8281
-0.000186992 18.8672

-0.00018702 18.8672
-0.00018713 18.8867

-0.000187125 18.8867
-0.000187221 18.9062

-0.000187222 18.9062
-0.000187313 18.9258

-0.000187313 18.9258
-0.000187397 18.9453

-0.000187395 18.9453
-0.000187476 18.9648

-0.000187477 18.9648
-0.000187555 18.9844

-0.000187555 18.9844
-0.000187627 19.0039

-0.000187624 19.0039
-0.000187696 19.0234

-0.000187695 19.0234
-0.000187777 19.043

-0.000187776 19.043
-0.000187869 19.0625

-0.000187869 19.0625
-0.000187975 19.082

-0.000187976 19.082
-0.000188094 19.1016

-0.000188094 19.1016
-0.000188224 19.1211

-0.000188225 19.1211
-0.000188366 19.1406

-0.000188369 19.1406
-0.000188514 19.1602

-0.000188515 19.1602
-0.000188655 19.1797

-0.000188652 19.1797
-0.00018879 19.1992

-0.000188792 19.1992
-0.000188931 19.2188

-0.00018893 19.2188
-0.000189069 19.2383

-0.000189061 19.2383
-0.000189216 19.2578

-0.000189218 19.2578
-0.000189399 19.2773

-0.000189402 19.2773
-0.0001896 19.2969

-0.000189584 19.2969
-0.000190063 19.3359

-0.00019008 19.3359
-0.00019036 19.3555

-0.000190366 19.3555
-0.000190642 19.375

-0.000190659 19.375
-0.000190885 19.3945

-0.000190881 19.3945
-0.000191033 19.4141

-0.000191021 19.4141
-0.00019113 19.4336

-0.000191126 19.4336
-0.000191227 19.4531

-0.000191242 19.4531
-0.000191313 19.4727

-0.000191304 19.4727
-0.000191334 19.4922

-0.000191329 19.4922
-0.000191358 19.5312

-0.000191336 19.5312
-0.000191374 19.5703

-0.000191392 19.5703
-0.000191424 19.5898

-0.000191423 19.5898
-0.000191435 19.6094

-0.000191436 19.6094
-0.000191425 19.6289

-0.000191424 19.6289
-0.000191389 19.6484

-0.000191394 19.6484
-0.000191327 19.668

-0.000191315 19.668
-0.000191231 19.6875

-0.000191222 19.6875
-0.000191105 19.7266

-0.000191112 19.7266
-0.000191081 19.7461

-0.000191083 19.7461
-0.000191059 19.7656

-0.000191036 19.7656
-0.000191082 19.8047

-0.000191125 19.8047
-0.000191228 19.8438

-0.000191225 19.8438
-0.000191266 19.8633

-0.000191265 19.8633
-0.000191306 19.8828

-0.000191307 19.8828
-0.000191346 19.9023

-0.000191346 19.9023
-0.000191378 19.9219

-0.000191381 19.9219
-0.000191402 19.9414

-0.000191391 19.9414
-0.000191418 19.9609

-0.000191431 19.9609
-0.000191458 19.9805

-0.000191455 19.9805
-0.000191462 20

0.0195312 0.153694
0.00795477 0.15625

0.0195312 0.153762
0.0390625 0.149722

0.0390625 0.149757
0.0585938 0.145924

0.0585938 0.145928
0.078125 0.142225

0.078125 0.142216
0.0976562 0.13865

0.117188 0.135141
0.108148 0.136719

0.0976562 0.138725
0.109156 0.136719

0.117188 0.135213
0.136719 0.132021

0.136719 0.132053
0.15625 0.129066

0 0.158168
0.00868856 0.15625

0.15625 0.12907
0.175781 0.126215

0.175781 0.126212
0.195312 0.123487

0.195312 0.123502
0.214844 0.120882

0.214844 0.120877
0.234375 0.118342

0.253906 0.115838
0.243054 0.117188

0.253906 0.115898
0.273438 0.113603

0.234375 0.118412
0.244215 0.117188

0.273438 0.113635
0.292969 0.111425

0.292969 0.111429
0.3125 0.109234

0.3125 0.109239
0.332031 0.107039

0.332031 0.107041
0.351562 0.104825

0.351562 0.104839
0.371094 0.102579

0.371094 0.102556
0.390625 0.100272

0.390625 0.100286
0.410156 0.0979938

0.429688 0.0957284
0.41233 0.0976562

0.410156 0.0980167
0.413401 0.0976562

0.429688 0.0957641
0.449219 0.0938384

0.449219 0.0938565
0.46875 0.0920996

0.46875 0.0920923
0.488281 0.0904828

0.488281 0.090479
0.507812 0.0890389

0.507812 0.0890482
0.527344 0.0877662

0.527344 0.0877749
0.546875 0.0866153

0.546875 0.0866366
0.566406 0.0855394

0.566406 0.0855511
0.585938 0.0844505

0.585938 0.0844612
0.605469 0.0833123

0.605469 0.0833183
0.625 0.0820876

0.683594 0.0777983
0.679147 0.078125

0.683594 0.0778212
0.703125 0.076507

0.625 0.0820924
0.644531 0.080758

0.644531 0.0807352
0.664062 0.0793329

0.664062 0.0793615
0.680892 0.078125

0.703125 0.0765551
0.722656 0.0754294

0.722656 0.0754469
0.742188 0.0743785

0.742188 0.0743776
0.761719 0.0733333

0.761719 0.0733317
0.78125 0.0723165

0.78125 0.0723164
0.800781 0.0713337

0.800781 0.0713331
0.820312 0.0703844

0.820312 0.0703814
0.839844 0.0694739

0.839844 0.0694715
0.859375 0.068616

0.859375 0.0686088
0.878906 0.0678248

0.878906 0.0678368
0.898438 0.0671146

0.898438 0.0671179
0.917969 0.066427

0.917969 0.0664303
0.9375 0.0657579

0.9375 0.0657601
0.957031 0.0650952

0.957031 0.0650963
0.976562 0.0644321

0.976562 0.06443
0.996094 0.0637687

0.996094 0.0637618
1.01562 0.0631213

1.01562 0.0631101
1.03516 0.0625267

1.03516 0.0625141
1.05469 0.0620357

1.05469 0.0620269
1.07422 0.0616962

1.07422 0.0616963
1.09375 0.0615306

1.09375 0.0615431
1.11328 0.0615171

1.11328 0.0615411
1.13281 0.0615816

1.13281 0.0616112
1.15234 0.0616108

1.15234 0.0616436
1.17188 0.0614775

1.17188 0.0615107
1.19141 0.0610468

1.19141 0.0610482
1.21094 0.0602174

1.21094 0.0602956
1.23047 0.0589388

1.25 0.0569631
1.23293 0.0585938

1.23047 0.0589714
1.23442 0.0585938

0 1.93407
0.00516819 1.95312

0.0051679 1.95312
0.0101584 1.97266

0.0101588 1.97266
0.0148416 1.99219

0.0148383 1.99219
0.0192192 2.01172

0.0192243 2.01172
0.0195312 2.01319

0.0195312 2.0132
0.0233021 2.03125

0.0233004 2.03125
0.0270793 2.05078

0.0270799 2.05078
0.0305597 2.07031

0.0305592 2.07031
0.0337399 2.08984

0.03374 2.08984
0.0366223 2.10938

0.0366205 2.10938
0.0390625 2.12781

0.0390625 2.12784
0.0392041 2.12891

0.039212 2.12891
0.0415011 2.14844

0.0414998 2.14844
0.0434847 2.16797

0.0434847 2.16797
0.045168 2.1875

0.0451679 2.1875
0.0465496 2.20703

0.0465496 2.20703
0.0476301 2.22656

0.0476285 2.22656
0.0484112 2.24609

0.0484108 2.24609
0.0488995 2.26562

0.0489007 2.26562
0.0490938 2.28516

0.049092 2.28516
0.0489905 2.30469

0.0489909 2.30469
0.0485977 2.32422

0.0485996 2.32422
0.04791 2.34375

0.0479062 2.34375
0.0469238 2.36328

0.0469275 2.36328
0.0456523 2.38281

0.0456558 2.38281
0.0440736 2.40234

0.0440671 2.40234
0.0421839 2.42188

0.0390625 2.44887
0.0375362 2.46094

0.0375294 2.46094
0.0347859 2.48047

0.0347886 2.48047
0.0317688 2.5

0.0421882 2.42188
0.0400082 2.44141

0.0390625 2.44875
0.0399912 2.44141

1.25 0.0569942
1.26953 0.0547788

1.26953 0.0547691
1.28906 0.0522079

1.28906 0.0521573
1.30859 0.0493709

1.30859 0.0492862
1.32812 0.0465452

1.32812 0.0464868
1.34766 0.0440774

1.34766 0.0439687
1.36719 0.0422247

1.36719 0.0421223
1.38672 0.041466

1.38672 0.0414076
1.40625 0.0421606

1.40625 0.0421828
1.42578 0.0444172

1.42578 0.0445264
1.44531 0.0479795

1.44531 0.0481045
1.46484 0.0523082

1.46484 0.0524672
1.48438 0.0568538

1.48438 0.0569796
1.492 0.0585938

1.49253 0.0585938
1.50391 0.0610012

1.50391 0.0610713
1.52344 0.0647886

1.56147 0.0195312
1.5625 0.021852

1.52344 0.0648472
1.54297 0.067981

1.54297 0.0678888
1.5625 0.0705063

1.5625 0.0073072
1.58152 0.0195312

1.5625 0.0261974
1.58203 0.0299152

1.58203 0.0180912
1.5848 0

1.58203 0.0310982
1.58921 0.0195312

1.5625 0.0702287
1.58203 0.0730695

1.58203 0.0732795
1.60156 0.0764789

1.60156 0.00957859
1.60879 0

1.62109 0.00631939
1.62452 0

1.60156 0.0774997
1.6127 0.078125

1.64062 0.0748272
1.62691 0.078125

1.6127 0.078125
1.62109 0.0785961

1.62109 0.0791141
1.62521 0.078125

1.67886 0
1.6765 0.0195312

1.67596 0.0195312
1.66996 0.0390625

1.66016 0.0581998
1.65991 0.0585938

1.64062 0.0767465
1.66016 0.0605685

1.66016 0.0585861
1.67123 0.0390625

1.66016 0.0610588
1.66206 0.0585938

