0.0555289 2.5
0.0553836 2.51953

0.0553837 2.51953
0.0549831 2.53906

0.0549817 2.53906
0.0543281 2.55859

0.0543283 2.55859
0.0534243 2.57812

0.0534253 2.57812
0.0522685 2.59766

0.0522655 2.59766
0.0508602 2.61719

0.0508589 2.61719
0.0492137 2.63672

0.049216 2.63672
0.0473291 2.65625

0.0390625 2.72362
0.0375477 2.73438

0.047324 2.65625
0.0452008 2.67578

0.0451965 2.67578
0.0428559 2.69531

0.0428595 2.69531
0.0403029 2.71484

0.0390625 2.72346
0.040276 2.71484

0.037543 2.73438
0.0346143 2.75391

0.0346165 2.75391
0.031495 2.77344

0.0314905 2.77344
0.028181 2.79297

0.0281753 2.79297
0.0246983 2.8125

-2.77077 0
-2.76293 0.0195312

-2.76086 0.0195312
-2.75391 0.027266

-2.75391 0.0299148
-2.73637 0.0390625

-2.73682 0.0390625
-2.73438 0.039925

-2.73438 0.0380414
-2.71484 0.0313291

-2.69559 0
-2.70265 0.0195312

-2.71484 0.0344642
-2.6995 0.0195312

-2.73438 0.0394305
-2.73288 0.0390625

-2.69531 0.0224146
-2.69366 0.0195312

0.0195312 2.83999
0.01731 2.85156

0.0246973 2.8125
0.0210659 2.83203

0.0195312 2.83985
0.0210327 2.83203

0.0173053 2.85156
0.0134579 2.87109

0.0134534 2.87109
0.00950509 2.89062

0.00949446 2.89062
0.00547547 2.91016

0.00546794 2.91016
0.0014146 2.92969

0 2.9364
0.00139017 2.92969

0 3.55767
0.00168283 3.57422

0.00169081 3.57422
0.0033933 3.59375

0.0033982 3.59375
0.00479342 3.61328

0.0047958 3.61328
0.00586917 3.63281

0.00587034 3.63281
0.00661474 3.65234

0.0066139 3.65234
0.00702868 3.67188

0.00702711 3.67188
0.0071171 3.69141

0.0071147 3.69141
0.00688785 3.71094

0.00688273 3.71094
0.00635406 3.73047

0.00635044 3.73047
0.00553745 3.75

-1.70848 0
-1.69922 0.0122795

-1.69922 0.010871
-1.68265 0

-1.67969 0.00476712
-1.67795 0

-1.62142 0
-1.62109 0.000970707

-1.62109 0.00342401
-1.60156 0.00335426

-1.54334 0
-1.54297 0.001122

-1.53634 0
-1.52344 0.0123272

-1.52344 0.0124538
-1.51144 0

-1.50391 0.00119672
-1.5035 0

0.00552916 3.75
0.00445566 3.76953

0.00444662 3.76953
0.00314724 3.78906

0.00314013 3.78906
0.00164716 3.80859

0 3.82807
0.00162676 3.80859

-1.07412 0
-1.07055 0.0195312

-1.07214 0.0195312
-1.05827 0.0390625

-1.05749 0.0390625
-1.05469 0.0416858

-1.05469 0.042303
-1.03516 0.0543118

-1.03516 0.0531859
-1.01562 0.0553279

-0.976562 0.0321099
-0.982424 0.0390625

-1.01562 0.0555284
-0.996094 0.0496545

-0.996094 0.0505938
-0.980884 0.0390625

-0.964138 0
-0.9682 0.0195312

-0.976562 0.0336634
-0.967409 0.0195312

-0.976562 0.0414535
-0.974377 0.0390625

-0.884088 0
-0.878906 0.00374407

-0.878906 0.00403438
-0.875855 0

-0.46875 0.583604
-0.470206 0.585938

-0.488281 0.617492
-0.492301 0.625

-0.470216 0.585938
-0.481824 0.605469

-0.488281 0.617555
-0.48181 0.605469

-0.371094 0.465371
-0.374566 0.46875

-0.351562 0.44712
-0.353887 0.449219

-0.371094 0.465297
-0.353855 0.449219

-0.3125 0.414066
-0.331438 0.429688

-0.351562 0.447172
-0.332031 0.430139

-0.332031 0.430231
-0.331385 0.429688

-0.429688 0.529195
-0.443463 0.546875

-0.410156 0.506047
-0.411717 0.507812

-0.390625 0.484899
-0.393862 0.488281

-0.410156 0.506035
-0.393905 0.488281

-0.411768 0.507812
-0.428275 0.527344

-0.429688 0.529176
-0.428229 0.527344

2.55759 0.0195312
2.55859 0.0218767

2.55896 0
2.57234 0.0195312

2.55859 0.0247361
2.57812 0.0308851

2.5 0.0876567
2.51953 0.0956957

2.51953 0.0951532
2.53906 0.0976034

2.53906 0.0974793
2.55859 0.0956738

2.53906 0.0976759
2.53928 0.0976562

2.55859 0.0957133
2.57812 0.0898212

2.5828 0
2.58037 0.0195312

2.57812 0.0323265
2.58668 0.0195312

2.61719 0.0618579
2.59992 0.078125

2.63672 0.0229071
2.63137 0.0390625

2.63979 0
2.63772 0.0195312

2.63672 0.0229878
2.63786 0.0195312

2.63191 0.0390625
2.61974 0.0585938

2.61719 0.0622306
2.62021 0.0585938

2.57812 0.0902439
2.59766 0.0793409

2.59766 0.0789738
2.59882 0.078125

-0.449219 0.554886
-0.457451 0.566406

-0.46875 0.583684
-0.457443 0.566406

-0.449219 0.55494
-0.443459 0.546875

-0.390625 0.48494
-0.374607 0.46875

-0.15625 0.31127
-0.15849 0.3125

-0.15625 0.311359
-0.136719 0.301057

-0.117188 0.291103
-0.120884 0.292969

-0.136719 0.301203
-0.120409 0.292969

-0.078125 0.27252
-0.0800972 0.273438

-0.117188 0.291217
-0.0976562 0.281758

-0.0976562 0.281878
-0.0795094 0.273438

-0.078125 0.27269
-0.0585938 0.26395

-0.0585938 0.264015
-0.0390625 0.255652

-0.0195312 0.247522
-0.0349955 0.253906

-0.0390625 0.255771
-0.0345448 0.253906

-0.0195312 0.24753
0 0.239882

-0.273438 0.384433
-0.282004 0.390625

-0.253906 0.370624
-0.254589 0.371094

-0.273438 0.384573
-0.254324 0.371094

-0.253906 0.370651
-0.234375 0.357563

-0.292969 0.398793
-0.307541 0.410156

-0.3125 0.414136
-0.307413 0.410156

-0.292969 0.398909
-0.281711 0.390625

-0.214844 0.345238
-0.224844 0.351562

-0.214844 0.345334
-0.195312 0.333466

-0.234375 0.357773
-0.224557 0.351562

-0.175781 0.322104
-0.192964 0.332031

-0.195312 0.333562
-0.192655 0.332031

-0.175781 0.322243
-0.158129 0.3125

-0.507812 0.659345
-0.509792 0.664062

-0.509787 0.664062
-0.516874 0.683594

3.23747 0
3.23983 0.0195312

3.23965 0.0195312
3.24219 0.0261782

3.24219 0.0261997
3.24709 0.0390625

3.24657 0.0390625
3.2605 0.0585938

3.26119 0.0585938
3.26172 0.0591814

3.26172 0.0598446
3.28125 0.0773536

3.3176 0
3.32031 0.00699023

3.28125 0.0769274
3.28329 0.078125

3.32031 0.0102405
3.33963 0.0195312

3.33165 0.0195312
3.33984 0.0208257

3.35201 0
3.34022 0.0195312

3.28405 0.078125
3.30078 0.0879529

3.30078 0.0877278
3.32031 0.0953682

3.32031 0.0951787
3.3305 0.0976562

3.33052 0.0976562
3.33984 0.0999255

3.33984 0.0999506
3.35938 0.102152

3.35938 0.102157
3.37891 0.101752

-0.516868 0.683594
-0.522815 0.703125

-0.492281 0.625
-0.501589 0.644531

-0.507812 0.659426
-0.501561 0.644531

-0.527344 0.721253
-0.527696 0.722656

-0.527698 0.722656
-0.531605 0.742188

-0.527344 0.721341
-0.522769 0.703125

-0.531611 0.742188
-0.534463 0.761719

-0.534453 0.761719
-0.536256 0.78125

-0.536231 0.78125
-0.537056 0.800781

-0.537035 0.800781
-0.536975 0.820312

-0.536974 0.820312
-0.536074 0.839844

-0.536085 0.839844
-0.534323 0.859375

-0.534327 0.859375
-0.531671 0.878906

-0.53163 0.878906
-0.528152 0.898438

-0.527858 0.898438
-0.527344 0.900823

-0.527344 0.902441
-0.523993 0.917969

-0.523912 0.917969
-0.519011 0.9375

-0.519007 0.9375
-0.513475 0.957031

-0.513444 0.957031
-0.507812 0.975044

-0.507812 0.975419
-0.507455 0.976562

-0.507343 0.976562
-0.500714 0.996094

-0.50069 0.996094
-0.493594 1.01562

-0.493464 1.01562
-0.488281 1.02918

-0.488281 1.03019
-0.486383 1.03516

-0.486108 1.03516
-0.478302 1.05469

-0.478277 1.05469
-0.470172 1.07422

-0.470081 1.07422
-0.46875 1.07734

3.37891 0.101745
3.39844 0.0987354

3.41797 0.0930911
3.40263 0.0976562

3.39844 0.098563
3.40148 0.0976562

3.41797 0.0931511
3.4375 0.084075

-0.46875 1.07757
-0.46184 1.09375

-0.461813 1.09375
-0.453271 1.11328

-0.453123 1.11328
-0.449219 1.12204

3.45703 0.0714472
3.44722 0.078125

3.47656 0.0508067
3.47081 0.0585938

3.45703 0.0715291
3.47084 0.0585938

3.49488 0
3.49238 0.0195312

3.49253 0.0195312
3.48474 0.0390625

3.47656 0.0512244
3.48498 0.0390625

3.4375 0.0839519
3.44644 0.078125

-0.449219 1.12263
-0.444678 1.13281

-0.444555 1.13281
-0.435705 1.15234

-0.435579 1.15234
-0.429688 1.16518

-0.429688 1.16594
-0.426962 1.17188

-0.426736 1.17188
-0.417668 1.19141

-0.417588 1.19141
-0.410156 1.20723

-0.410156 1.20812
-0.408833 1.21094

-0.408498 1.21094
-0.399221 1.23047

-0.399177 1.23047
-0.390625 1.24828

-0.390625 1.2493
-0.390289 1.25

-0.389849 1.25
-0.38035 1.26953

-0.380319 1.26953
-0.371094 1.28827

-0.37073 1.28906
-0.361002 1.30859

-0.36098 1.30859
-0.351562 1.32726

-0.351155 1.32812
-0.341168 1.34766

-0.341101 1.34766
-0.332031 1.36519

-0.332031 1.3663
-0.331573 1.36719

-0.331071 1.36719
-0.320835 1.38672

-0.320702 1.38672
-0.3125 1.4022

-0.3125 1.40312
-0.310842 1.40625

-0.310473 1.40625
-0.300049 1.42578

-0.299907 1.42578
-0.292969 1.43868

-0.292969 1.43935
-0.289763 1.44531

-0.289527 1.44531
-0.278983 1.46484

-0.278852 1.46484
-0.273438 1.47486

-0.273438 1.47529
-0.268524 1.48438

-0.268416 1.48438
-0.257859 1.50391

-0.257746 1.50391
-0.253906 1.51103

-0.253906 1.51128
-0.247356 1.52344

-0.247332 1.52344
-0.236859 1.54297

-0.236779 1.54297
-0.234375 1.54747

-0.234375 1.5476
-0.226429 1.5625

-0.226419 1.5625
-0.216101 1.58203

-0.216072 1.58203
-0.214844 1.58438

-0.214844 1.58444
-0.205879 1.60156

-0.205867 1.60156
-0.195756 1.62109

-0.195754 1.62109
-0.195312 1.62196

-0.195312 1.62198
-0.185763 1.64062

-0.185741 1.64062
-0.175859 1.66016

-0.175877 1.66016
-0.175781 1.66035

-0.175781 1.66035
-0.166126 1.67969

-0.166107 1.67969
-0.156491 1.69922

-0.156504 1.69922
-0.15625 1.69974

-0.15625 1.69975
-0.147032 1.71875

-0.14702 1.71875
-0.137684 1.73828

-0.137666 1.73828
-0.136719 1.7403

-0.136719 1.74033
-0.128515 1.75781

-0.128519 1.75781
-0.119517 1.77734

-0.11948 1.77734
-0.117188 1.78241

-0.117188 1.78251
-0.110686 1.79688

-0.110684 1.79688
-0.101993 1.81641

-0.101933 1.81641
-0.0976562 1.82619

-0.0976562 1.82641
-0.0934939 1.83594

-0.0934418 1.83594
-0.0850967 1.85547

-0.0850717 1.85547
-0.078125 1.87214

-0.078125 1.8725
-0.0770811 1.875

3.8856 0
3.88672 0.0100779

3.88672 0.010159
3.88775 0.0195312

3.88759 0.0195312
3.8944 0.0390625

3.89393 0.0390625
3.90625 0.0579685

3.90625 0.0579414
3.90671 0.0585938

3.90625 0.0587867
3.92578 0.0770392

3.92578 0.0764569
3.92885 0.078125

3.92936 0.078125
3.94531 0.0867925

3.94531 0.0864937
3.96484 0.0917921

3.96484 0.0917779
3.98438 0.092481

4.0625 0.0268963
4.05843 0.0390625

4.04297 0.0633496
4.02613 0.078125

4.05909 0.0390625
4.04664 0.0585938

4.04297 0.0615885
4.04554 0.0585938

3.98438 0.0927232
4.00391 0.088375

4.00391 0.0881314
4.02344 0.0787347

4.06699 0
4.06487 0.0195312

4.0625 0.0267763
4.06492 0.0195312

-0.0769657 1.875
-0.0690146 1.89453

-0.0690095 1.89453
-0.0612308 1.91406

-0.0611848 1.91406
-0.0585938 1.92075

-0.0585938 1.92088
-0.0536646 1.93359

-0.0536514 1.93359
-0.0462993 1.95312

-0.0462915 1.95312
-0.0391656 1.97266

-0.0391656 1.97266
-0.0390625 1.97295

-0.0390625 1.97296
-0.0322776 1.99219

-0.0322731 1.99219
-0.025616 2.01172

-0.0256065 2.01172
-0.0195312 2.03025

-0.0195312 2.03058
-0.0193115 2.03125

-0.0192101 2.03125
-0.0130646 2.05078

-0.0130606 2.05078
-0.00717603 2.07031

-0.00717758 2.07031
-0.00155891 2.08984

-0.00154264 2.08984
0 2.09547

0 2.93648
-0.00263899 2.94922

-0.0026472 2.94922
-0.0066571 2.96875

-0.00666478 2.96875
-0.0106182 2.98828

-0.0106296 2.98828
-0.0144885 3.00781

-0.0195312 3.0346
-0.0217454 3.04688

-0.0145021 3.00781
-0.0182164 3.02734

-0.0195312 3.03455
-0.0182321 3.02734

-0.0217598 3.04688
-0.0250493 3.06641

-0.0250611 3.06641
-0.028072 3.08594

-0.028084 3.08594
-0.0307686 3.10547

-0.0307798 3.10547
-0.0330921 3.125

-0.0331001 3.125
-0.0350019 3.14453

-0.0350061 3.14453
-0.0364729 3.16406

-0.0364747 3.16406
-0.0374943 3.18359

-0.0374934 3.18359
-0.038064 3.20312

-0.0380607 3.20312
-0.0381908 3.22266

-0.0381878 3.22266
-0.0378899 3.24219

-0.037887 3.24219
-0.0371728 3.26172

-0.0371675 3.26172
-0.0360536 3.28125

-0.0360478 3.28125
-0.0345564 3.30078

-0.0345513 3.30078
-0.032704 3.32031

-0.032694 3.32031
-0.0305207 3.33984

-0.0305071 3.33984
-0.0280548 3.35938

-0.0280438 3.35938
-0.0253617 3.37891

-0.0253453 3.37891
-0.0224881 3.39844

-0.0224627 3.39844
-0.0195312 3.41785

-0.0195112 3.41797
-0.0165268 3.4375

-0.0165128 3.4375
-0.0135259 3.45703

-0.013513 3.45703
-0.0105773 3.47656

-0.0105643 3.47656
-0.00773144 3.49609

-0.00771773 3.49609
-0.005041 3.51562

-0.00503143 3.51562
-0.00255738 3.53516

-0.00255258 3.53516
-0.000309958 3.55469

-0.000294988 3.55469
0 3.55759

-8.86508e-06 3.82812
-0.00173012 3.84766

-0.00174014 3.84766
-0.00352289 3.86719

-0.00353458 3.86719
-0.00533539 3.88672

-0.00534828 3.88672
-0.007118 3.90625

-0.00713157 3.90625
-0.00881729 3.92578

-0.00883086 3.92578
-0.0103783 3.94531

-0.0103909 3.94531
-0.0117478 3.96484

-0.0117585 3.96484
-0.0128781 3.98438

-0.0128864 3.98438
-0.0137305 4.00391

-0.0137361 4.00391
-0.0142771 4.02344

-0.0142797 4.02344
-0.0145011 4.04297

-0.0145008 4.04297
-0.0143981 4.0625

-0.0143945 4.0625
-0.0139754 4.08203

-0.0139684 4.08203
-0.0132544 4.10156

-0.0132442 4.10156
-0.0122698 4.12109

-0.0122563 4.12109
-0.0110691 4.14062

-0.0110536 4.14062
-0.00971131 4.16016

-0.00969465 4.16016
-0.00826152 4.17969

-0.00824517 4.17969
-0.00678723 4.19922

-0.00677217 4.19922
-0.00535224 4.21875

-0.00533925 4.21875
-0.00401344 4.23828

-0.00400283 4.23828
-0.00281835 4.25781

-0.0028101 4.25781
-0.00180469 4.27734

-0.00179864 4.27734
-0.00100089 4.29688

-0.000996892 4.29688
-0.000426878 4.31641

-0.000424804 4.31641
-9.467e-05 4.33594

-9.4373e-05 4.33594
-8.85878e-06 4.35547

-1.05269e-05 4.35547
-0.000166899 4.375

-0.000170851 4.375
-0.000557868 4.39453

-0.00056439 4.39453
-0.00116109 4.41406

-0.00117052 4.41406
-0.00194501 4.43359

-0.00195752 4.43359
-0.00286592 4.45312

-0.00288136 4.45312
-0.00386777 4.47266

-0.00388527 4.47266
-0.00488382 4.49219

-0.00490196 4.49219
-0.00584138 4.51172

-0.00585776 4.51172
-0.00666902 4.53125

-0.00668148 4.53125
-0.0073069 4.55078

-0.00731414 4.55078
-0.00771437 4.57031

-0.00771646 4.57031
-0.00787284 4.58984

-0.00787055 4.58984
-0.00778347 4.60938

-0.0077774 4.60938
-0.00746357 4.62891

-0.00745409 4.62891
-0.00694463 4.64844

-0.00693213 4.64844
-0.00627102 4.66797

-0.00625636 4.66797
-0.00549791 4.6875

-0.00548261 4.6875
-0.00468677 4.70703

-0.0046723 4.70703
-0.00389861 4.72656

-0.00388635 4.72656
-0.00318826 4.74609

-0.00317888 4.74609
-0.00259968 4.76562

-0.0025934 4.76562
-0.00216441 4.78516

-0.00216116 4.78516
-0.00190144 4.80469

-0.00190094 4.80469
-0.00181798 4.82422

-0.00182014 4.82422
-0.00191062 4.84375

-0.00191546 4.84375
-0.00216538 4.86328

-0.00217284 4.86328
-0.0025576 4.88281

-0.00256765 4.88281
-0.00305222 4.90234

-0.00306465 4.90234
-0.00360408 4.92188

-0.00361839 4.92188
-0.00415919 4.94141

-0.00417437 4.94141
-0.00465756 4.96094

-0.00467167 4.96094
-0.00503867 4.98047

-0.00504918 4.98047
-0.00525075 5

-0.00525517 5
-0.00526146 5.01953

-0.00525802 5.01953
-0.00506705 5.03906

-0.00505601 5.03906
-0.00469676 5.05859

-0.00468063 5.05859
-0.00420746 5.07812

-0.00418974 5.07812
-0.00367037 5.09766

-0.00365401 5.09766
-0.00315659 5.11719

-0.00314377 5.11719
-0.00272665 5.13672

5.97305 0
5.97651 0.0195312

5.97549 0.0195312
5.97656 0.0217268

5.97656 0.0187562
5.9767 0.0195312

5.97656 0.0211222
5.98786 0.0390625

5.98683 0.0390625
5.99609 0.0482298

5.99609 0.0467747
6.01417 0.0585938

6.01292 0.0585938
6.01562 0.0600041

6.01562 0.0578658
6.01867 0.0585938

6.01562 0.0593144
6.03516 0.0639832

6.03516 0.0628412
6.05469 0.0622808

6.05469 0.0625833
6.07336 0.0585938

6.09375 0.0486055
6.07662 0.0585938

6.07422 0.0587232
6.07448 0.0585938

6.11328 0.0251581
6.10389 0.0390625

6.11961 0
6.1159 0.0195312

6.11328 0.0248171
6.11626 0.0195312

6.09375 0.0476708
6.10286 0.0390625

-0.00271843 5.13672
-0.00242367 5.15625

-0.00242024 5.15625
-0.00227115 5.17578

-0.00227239 5.17578
-0.00227333 5.19531

-0.00227902 5.19531
-0.00241611 5.21484

-0.00242564 5.21484
-0.00266843 5.23438

-0.00268076 5.23438
-0.00298554 5.25391

-0.00299926 5.25391
-0.00331394 5.27344

-0.00332709 5.27344
-0.00359794 5.29297

-0.00360811 5.29297
-0.00378846 5.3125

-0.00379357 5.3125
-0.00385289 5.33203

-0.0038516 5.33203
-0.00378227 5.35156

-0.00377478 5.35156
-0.00359436 5.37109

-0.00358269 5.37109
-0.00332949 5.39062

-0.00331649 5.39062
-0.00303986 5.41016

-0.00302825 5.41016
-0.0027774 5.42969

-0.00276926 5.42969
-0.00258371 5.44922

-0.00258006 5.44922
-0.0024834 5.46875

-0.00248461 5.46875
-0.00248171 5.48828

-0.00248744 5.48828
-0.00256443 5.50781

-0.00257353 5.50781
-0.00270073 5.52734

-0.00271129 5.52734
-0.00284942 5.54688

-0.00285879 5.54688
-0.002968 5.56641

-0.00297346 5.56641
-0.0030241 5.58594

-0.00302412 5.58594
-0.00300522 5.60547

-0.00300027 5.60547
-0.00292168 5.625

-0.00291401 5.625
-0.00280099 5.64453

-0.00279337 5.64453
-0.00267651 5.66406

-0.00267116 5.66406
-0.00257644 5.68359

-0.00257444 5.68359
-0.00251659 5.70312

-0.0025179 5.70312
-0.00249827 5.72266

-0.00250191 5.72266
-0.00251058 5.74219

-0.00251498 5.74219
-0.00253585 5.76172

-0.00253943 5.76172
-0.00255656 5.78125

-0.00255832 5.78125
-0.00256104 5.80078

-0.00256085 5.80078
-0.00254603 5.82031

-0.00254451 5.82031
-0.00251552 5.83984

-0.00251359 5.83984
-0.00247733 5.85938

-0.00247573 5.85938
-0.00243926 5.87891

-0.00243842 5.87891
-0.0024066 5.89844

-0.00240654 5.89844
-0.00238117 5.91797

-0.00238163 5.91797
-0.00236192 5.9375

-0.00236257 5.9375
-0.00234627 5.95703

-0.00234682 5.95703
-0.00233152 5.97656

-0.00233183 5.97656
-0.00231581 5.99609

-0.00231587 5.99609
-0.0022984 6.01562

-0.00229829 6.01562
-0.00227947 6.03516

-0.0022793 6.03516
-0.00225969 6.05469

-0.00225953 6.05469
-0.00223977 6.07422

-0.00223968 6.07422
-0.00222025 6.09375

-0.00222023 6.09375
-0.00220133 6.11328

-0.00220136 6.11328
-0.00218298 6.13281

-0.00218301 6.13281
-0.00216505 6.15234

-0.00216508 6.15234
-0.00214739 6.17188

-0.00214741 6.17188
-0.00212991 6.19141

-0.00212991 6.19141
-0.00211256 6.21094

-0.00211255 6.21094
-0.00209536 6.23047

-0.00209535 6.23047
-0.00207833 6.25

-0.00207832 6.25
-0.00206148 6.26953

-0.00206148 6.26953
-0.00204484 6.28906

-0.00204484 6.28906
-0.00202841 6.30859

-0.00202841 6.30859
-0.00201217 6.32812

-0.00201217 6.32812
-0.00199611 6.34766

-0.00199612 6.34766
-0.00198023 6.36719

-0.00198023 6.36719
-0.00196451 6.38672

-0.00196451 6.38672
-0.00194895 6.40625

-0.00194895 6.40625
-0.00193355 6.42578

-0.00193355 6.42578
-0.00191831 6.44531

-0.00191831 6.44531
-0.00190322 6.46484

-0.00190323 6.46484
-0.00188828 6.48438

-0.00188827 6.48438
-0.00187346 6.50391

-0.00187346 6.50391
-0.00185877 6.52344

-0.00185877 6.52344
-0.00184423 6.54297

-0.00184423 6.54297
-0.00182983 6.5625

-0.00182983 6.5625
-0.00181559 6.58203

-0.00181559 6.58203
-0.0018015 6.60156

-0.0018015 6.60156
-0.00178754 6.62109

-0.00178754 6.62109
-0.00177371 6.64062

-0.00177371 6.64062
-0.00176003 6.66016

-0.00176003 6.66016
-0.00174648 6.67969

-0.00174648 6.67969
-0.00173306 6.69922

-0.00173305 6.69922
-0.00171978 6.71875

-0.00171978 6.71875
-0.00170666 6.73828

-0.00170667 6.73828
-0.00169369 6.75781

-0.0016937 6.75781
-0.0016808 6.77734

-0.00168079 6.77734
-0.00166798 6.79688

-0.00166797 6.79688
-0.00165526 6.81641

-0.00165525 6.81641
-0.00164268 6.83594

-0.00164268 6.83594
-0.00163026 6.85547

-0.00163026 6.85547
-0.00161797 6.875

-0.00161798 6.875
-0.00160579 6.89453

-0.00160579 6.89453
-0.00159368 6.91406

-0.00159368 6.91406
-0.00158164 6.93359

-0.00158164 6.93359
-0.00156971 6.95312

-0.0015697 6.95312
-0.0015579 6.97266

-0.00155789 6.97266
-0.00154625 6.99219

-0.00154626 6.99219
-0.00153479 7.01172

-0.00153481 7.01172
-0.00152346 7.03125

-0.00152346 7.03125
-0.00151222 7.05078

-0.00151222 7.05078
-0.0015011 7.07031

-0.0015011 7.07031
-0.00149009 7.08984

-0.00149008 7.08984
-0.00147917 7.10938

-0.00147917 7.10938
-0.00146839 7.12891

-0.00146839 7.12891
-0.00145774 7.14844

-0.00145775 7.14844
-0.00144723 7.16797

-0.00144723 7.16797
-0.00143684 7.1875

-0.00143684 7.1875
-0.00142656 7.20703

-0.00142656 7.20703
-0.00141638 7.22656

-0.00141638 7.22656
-0.00140631 7.24609

-0.00140631 7.24609
-0.00139634 7.26562

-0.00139634 7.26562
-0.00138645 7.28516

-0.00138645 7.28516
-0.00137665 7.30469

-0.00137664 7.30469
-0.00136695 7.32422

-0.00136695 7.32422
-0.00135739 7.34375

-0.0013574 7.34375
-0.00134797 7.36328

-0.00134798 7.36328
-0.00133866 7.38281

-0.00133866 7.38281
-0.00132944 7.40234

-0.00132944 7.40234
-0.00132032 7.42188

-0.00132032 7.42188
-0.0013113 7.44141

-0.0013113 7.44141
-0.00130239 7.46094

-0.00130239 7.46094
-0.00129356 7.48047

-0.00129356 7.48047
-0.0012848 7.5

-0.0012848 7.5
-0.00127612 7.51953

-0.00127611 7.51953
-0.00126752 7.53906

-0.00126752 7.53906
-0.00125904 7.55859

-0.00125903 7.55859
-0.00125067 7.57812

-0.00125067 7.57812
-0.00124242 7.59766

-0.00124242 7.59766
-0.00123426 7.61719

-0.00123426 7.61719
-0.00122622 7.63672

-0.00122622 7.63672
-0.0012183 7.65625

-0.00121832 7.65625
-0.00121048 7.67578

-0.00121048 7.67578
-0.00120266 7.69531

-0.00120266 7.69531
-0.00119486 7.71484

-0.00119485 7.71484
-0.00118711 7.73438

-0.00118711 7.73438
-0.00117944 7.75391

-0.00117944 7.75391
-0.00117186 7.77344

-0.00117186 7.77344
-0.00116435 7.79297

-0.00116436 7.79297
-0.00115694 7.8125

-0.00115694 7.8125
-0.00114959 7.83203

-0.00114959 7.83203
-0.00114231 7.85156

-0.00114231 7.85156
-0.00113508 7.87109

-0.00113508 7.87109
-0.0011279 7.89062

-0.0011279 7.89062
-0.00112077 7.91016

-0.00112076 7.91016
-0.00111368 7.92969

-0.00111368 7.92969
-0.00110664 7.94922

-0.00110664 7.94922
-0.00109965 7.96875

-0.00109965 7.96875
-0.0010927 7.98828

-0.0010927 7.98828
-0.00108579 8.00781

-0.00108579 8.00781
-0.00107893 8.02734

-0.00107893 8.02734
-0.00107212 8.04688

-0.00107206 8.04688
-0.00105877 8.08594

-0.00105882 8.08594
-0.00104592 8.125

-0.00104595 8.125
-0.00103961 8.14453

-0.00103961 8.14453
-0.00103333 8.16406

-0.00103333 8.16406
-0.00102711 8.18359

-0.00102712 8.18359
-0.00102095 8.20312

-0.00102095 8.20312
-0.00101482 8.22266

-0.00101483 8.22266
-0.00100876 8.24219

-0.0010087 8.24219
-0.000996886 8.28125

-0.000996925 8.28125
-0.000985478 8.32031

-0.00098552 8.32031
-0.000979897 8.33984

-0.000979896 8.33984
-0.000974291 8.35938

-0.000974281 8.35938
-0.000968716 8.37891

-0.000968716 8.37891
-0.000963207 8.39844

-0.000963213 8.39844
-0.000957746 8.41797

-0.000957731 8.41797
-0.000952324 8.4375

-0.000952334 8.4375
-0.000946995 8.45703

-0.000947001 8.45703
-0.000941698 8.47656

-0.000941687 8.47656
-0.000936429 8.49609

-0.000936431 8.49609
-0.000931236 8.51562

-0.000931238 8.51562
-0.000926099 8.53516

-0.000926099 8.53516
-0.000921013 8.55469

-0.000921015 8.55469
-0.00091598 8.57422

-0.00091598 8.57422
-0.000910993 8.59375

-0.00091099 8.59375
-0.000906057 8.61328

-0.000906054 8.61328
-0.000901186 8.63281

-0.000901169 8.63281
-0.000891639 8.67188

-0.000891674 8.67188
-0.000887005 8.69141

-0.000886999 8.69141
-0.000882371 8.71094

-0.000882381 8.71094
-0.000877784 8.73047

-0.000877787 8.73047
-0.000873192 8.75

-0.000873189 8.75
-0.000868596 8.76953

-0.000868587 8.76953
-0.000864023 8.78906

-0.000864025 8.78906
-0.000859505 8.80859

-0.000859508 8.80859
-0.00085502 8.82812

-0.00085502 8.82812
-0.000850558 8.84766

-0.000850556 8.84766
-0.000846124 8.86719

-0.000846129 8.86719
-0.000841718 8.88672

-0.000841721 8.88672
-0.000837316 8.90625

-0.000837315 8.90625
-0.000832913 8.92578

-0.00083291 8.92578
-0.000828521 8.94531

-0.000828515 8.94531
-0.000824155 8.96484

-0.000824157 8.96484
-0.000819834 8.98438

-0.000819829 8.98438
-0.000815551 9.00391

-0.000815554 9.00391
-0.000811323 9.02344

-0.000811324 9.02344
-0.000807134 9.04297

-0.000807134 9.04297
-0.000802984 9.0625

-0.000802975 9.0625
-0.000794786 9.10156

-0.0007947 9.10156
-0.000786835 9.14062

-0.000786944 9.14062
-0.000783167 9.16016

-0.000783156 9.16016
-0.000779336 9.17969

-0.000779334 9.17969
-0.000775499 9.19922

-0.000775497 9.19922
-0.000771655 9.21875

-0.000771642 9.21875
-0.000764002 9.25781

-0.000764025 9.25781
-0.000760222 9.27734

-0.000760214 9.27734
-0.0007564 9.29688

-0.000756414 9.29688
-0.000748735 9.33594

-0.000748721 9.33594
-0.000744856 9.35547

-0.000744857 9.35547
-0.000740993 9.375

-0.000740987 9.375
-0.000737137 9.39453

-0.000737138 9.39453
-0.00073331 9.41406

-0.000733308 9.41406
-0.000729503 9.43359

-0.000729502 9.43359
-0.000725727 9.45312

-0.00072573 9.45312
-0.000721981 9.47266

-0.000721979 9.47266
-0.000718255 9.49219

-0.000718253 9.49219
-0.000714561 9.51172

-0.000714563 9.51172
-0.000710907 9.53125

-0.00071086 9.53125
-0.0007038 9.57031

-0.000703854 9.57031
-0.000700447 9.58984

-0.000700462 9.58984
-0.000697041 9.60938

-0.000697027 9.60938
-0.00069359 9.62891

-0.000693589 9.62891
-0.000690164 9.64844

-0.000690171 9.64844
-0.000686744 9.66797

-0.000686746 9.66797
-0.000683301 9.6875

-0.000683294 9.6875
-0.000679845 9.70703

-0.000679842 9.70703
-0.00067641 9.72656

-0.00067641 9.72656
-0.000669593 9.76562

-0.000669587 9.76562
-0.000662841 9.80469

-0.000662881 9.80469
-0.000659526 9.82422

-0.000659532 9.82422
-0.000656101 9.84375

-0.000656018 9.84375
-0.000649313 9.88281

-0.000649351 9.88281
-0.000646095 9.90234

-0.000646092 9.90234
-0.000642865 9.92188

-0.000642866 9.92188
-0.000639671 9.94141

-0.000639667 9.94141
-0.000636513 9.96094

-0.000636529 9.96094
-0.000633391 9.98047

-0.000633388 9.98047
-0.000630242 10

-0.000630238 10
-0.000623951 10.0391

-0.000623965 10.0391
-0.000620821 10.0586

-0.000620818 10.0586
-0.000617653 10.0781

-0.000617624 10.0781
-0.000611383 10.1172

-0.000611381 10.1172
-0.000605282 10.1562

-0.000605254 10.1562
-0.000599357 10.1953

-0.000599391 10.1953
-0.000596532 10.2148

-0.000596528 10.2148
-0.000593698 10.2344

-0.0005937 10.2344
-0.000590903 10.2539

-0.000590904 10.2539
-0.000588136 10.2734

-0.000588135 10.2734
-0.000585395 10.293

-0.000585391 10.293
-0.000582693 10.3125

-0.000582706 10.3125
-0.000580032 10.332

-0.000580029 10.332
-0.000577357 10.3516

-0.000577353 10.3516
-0.000574696 10.3711

-0.000574697 10.3711
-0.000572061 10.3906

-0.00057206 10.3906
-0.000569445 10.4102

-0.000569446 10.4102
-0.000566854 10.4297

-0.000566817 10.4297
-0.000561822 10.4688

-0.000561856 10.4688
-0.000557066 10.5078

-0.0005571 10.5078
-0.000554747 10.5273

-0.000554739 10.5273
-0.000552373 10.5469

-0.000552377 10.5469
-0.000550006 10.5664

-0.000550003 10.5664
-0.000547624 10.5859

-0.000547617 10.5859
-0.000545248 10.6055

-0.000545261 10.6055
-0.00054289 10.625

-0.000542838 10.625
-0.000538248 10.6641

-0.000538282 10.6641
-0.00053607 10.6836

-0.000536075 10.6836
-0.000533871 10.7031

-0.000533875 10.7031
-0.000531661 10.7227

-0.000531658 10.7227
-0.000529435 10.7422

-0.000529431 10.7422
-0.000527211 10.7617

-0.000527207 10.7617
-0.000525007 10.7812

-0.000525023 10.7812
-0.000522819 10.8008

-0.000522813 10.8008
-0.000520583 10.8203

-0.000520572 10.8203
-0.000518351 10.8398

-0.000518357 10.8398
-0.000516155 10.8594

-0.000516125 10.8594
-0.000511853 10.8984

-0.000511886 10.8984
-0.000509815 10.918

-0.000509813 10.918
-0.000507745 10.9375

-0.000507746 10.9375
-0.000505686 10.957

-0.000505686 10.957
-0.000503635 10.9766

-0.000503624 10.9766
-0.000499581 11.0156

-0.000499598 11.0156
-0.000497604 11.0352

-0.000497594 11.0352
-0.000495612 11.0547

-0.000495619 11.0547
-0.000493652 11.0742

-0.000493645 11.0742
-0.000491691 11.0938

-0.000491706 11.0938
-0.00048975 11.1133

-0.000489745 11.1133
-0.000487764 11.1328

-0.000487731 11.1328
-0.000483867 11.1719

-0.000483924 11.1719
-0.000482032 11.1914

-0.00048203 11.1914
-0.000480069 11.2109

-0.000480004 11.2109
-0.000476218 11.25

-0.000476283 11.25
-0.000474457 11.2695

-0.000474447 11.2695
-0.000472578 11.2891

-0.000472576 11.2891
-0.000470689 11.3086

-0.00047069 11.3086
-0.000468786 11.3281

-0.000468782 11.3281
-0.000466865 11.3477

-0.000466867 11.3477
-0.000464944 11.3672

-0.000464935 11.3672
-0.000463019 11.3867

-0.00046302 11.3867
-0.000461125 11.4062

-0.000461128 11.4062
-0.000459246 11.4258

-0.000459251 11.4258
-0.000457369 11.4453

-0.000457343 11.4453
-0.000453665 11.4844

-0.000453657 11.4844
-0.000450125 11.5234

-0.000450147 11.5234
-0.000448436 11.543

-0.000448432 11.543
-0.00044674 11.5625

-0.000446745 11.5625
-0.000445069 11.582

-0.000445066 11.582
-0.000443404 11.6016

-0.000443398 11.6016
-0.000440136 11.6406

-0.00044015 11.6406
-0.000438548 11.6602

-0.000438546 11.6602
-0.000436946 11.6797

-0.000436942 11.6797
-0.000435356 11.6992

-0.000435351 11.6992
-0.000433797 11.7188

-0.00043381 11.7188
-0.00043227 11.7383

-0.000432268 11.7383
-0.00043072 11.7578

-0.000430718 11.7578
-0.000429172 11.7773

-0.000429165 11.7773
-0.00042764 11.7969

-0.000427624 11.7969
-0.000424704 11.8359

-0.000424733 11.8359
-0.000423332 11.8555

-0.000423331 11.8555
-0.000421935 11.875

-0.000421933 11.875
-0.000420546 11.8945

-0.00042054 11.8945
-0.000419177 11.9141

-0.000419192 11.9141
-0.000417835 11.9336

-0.000417836 11.9336
-0.000416451 11.9531

-0.000416439 11.9531
-0.00041505 11.9727

-0.000415045 11.9727
-0.000413685 11.9922

-0.000413705 11.9922
-0.000412344 12.0117

-0.000412338 12.0117
-0.000410949 12.0312

-0.000410946 12.0312
-0.000409543 12.0508

-0.000409546 12.0508
-0.00040813 12.0703

-0.000408122 12.0703
-0.000406704 12.0898

-0.000406702 12.0898
-0.000405303 12.1094

-0.000405309 12.1094
-0.000403919 12.1289

-0.000403927 12.1289
-0.000402521 12.1484

-0.000402518 12.1484
-0.000401088 12.168

-0.000401084 12.168
-0.000399641 12.1875

-0.000399641 12.1875
-0.00039819 12.207

-0.00039819 12.207
-0.000396732 12.2266

-0.000396729 12.2266
-0.000395268 12.2461

-0.000395262 12.2461
-0.000393816 12.2656

-0.000393827 12.2656
-0.000392386 12.2852

-0.000392388 12.2852
-0.000390924 12.3047

-0.000390923 12.3047
-0.000389435 12.3242

-0.000389435 12.3242
-0.000387926 12.3438

-0.000387926 12.3438
-0.000386393 12.3633

-0.000386392 12.3633
-0.000384839 12.3828

-0.000384831 12.3828
-0.000383275 12.4023

-0.000383277 12.4023
-0.00038173 12.4219

-0.000381731 12.4219
-0.000380185 12.4414

-0.000380183 12.4414
-0.000378641 12.4609

-0.000378619 12.4609
-0.000375645 12.5

-0.000375659 12.5
-0.000372817 12.5391

-0.000372779 12.5391
-0.000370118 12.5781

-0.000370177 12.5781
-0.000368926 12.5977

-0.000368927 12.5977
-0.000367635 12.6172

-0.000367632 12.6172
-0.000366304 12.6367

-0.000366306 12.6367
-0.000364945 12.6562

-0.000364938 12.6562
-0.000363553 12.6758

-0.000363554 12.6758
-0.000362159 12.6953

-0.000362136 12.6953
-0.000359413 12.7344

-0.000359415 12.7344
-0.000356796 12.7734

-0.000356807 12.7734
-0.000355533 12.793

-0.000355531 12.793
-0.000354275 12.8125

-0.00035428 12.8125
-0.000353036 12.832

-0.000353037 12.832
-0.000351791 12.8516

-0.000351784 12.8516
-0.00035055 12.8711

-0.000350552 12.8711
-0.000349339 12.8906

-0.000349331 12.8906
-0.000346966 12.9297

-0.000346978 12.9297
-0.000344673 12.9688

-0.000344682 12.9688
-0.000343541 12.9883

-0.000343538 12.9883
-0.000342394 13.0078

-0.000342398 13.0078
-0.000341248 13.0273

-0.000341247 13.0273
-0.000340088 13.0469

-0.000340088 13.0469
-0.000338921 13.0664

-0.000338919 13.0664
-0.000337747 13.0859

-0.000337749 13.0859
-0.000336572 13.1055

-0.00033657 13.1055
-0.000335388 13.125

-0.000335387 13.125
-0.000334207 13.1445

-0.000334211 13.1445
-0.000333027 13.1641

-0.000332994 13.1641
-0.000330736 13.2031

-0.000330772 13.2031
-0.000328615 13.2422

-0.000328575 13.2422
-0.000326528 13.2812

-0.000326561 13.2812
-0.000325599 13.3008

-0.000325598 13.3008
-0.000324634 13.3203

-0.000324634 13.3203
-0.000323671 13.3398

-0.000323669 13.3398
-0.000322712 13.3594

-0.000322728 13.3594
-0.000320768 13.3984

-0.000320757 13.3984
-0.000319753 13.418

-0.000319754 13.418
-0.000318744 13.4375

-0.000318729 13.4375
-0.000316753 13.4766

-0.000316763 13.4766
-0.000315799 13.4961

-0.000315799 13.4961
-0.000314839 13.5156

-0.00031483 13.5156
-0.000312957 13.5547

-0.000312973 13.5547
-0.000312057 13.5742

-0.000312055 13.5742
-0.000311129 13.5938

-0.000311132 13.5938
-0.000310195 13.6133

-0.000310196 13.6133
-0.000309242 13.6328

-0.000309243 13.6328
-0.000308268 13.6523

-0.000308271 13.6523
-0.000307265 13.6719

-0.000307246 13.6719
-0.000306241 13.6914

-0.00030625 13.6914
-0.000305267 13.7109

-0.000305257 13.7109
-0.00030334 13.75

-0.00030335 13.75
-0.000301484 13.7891

-0.000301503 13.7891
-0.000300574 13.8086

-0.000300571 13.8086
-0.000299614 13.8281

-0.000299616 13.8281
-0.000297646 13.8672

-0.000297629 13.8672
-0.000295625 13.9062

-0.000295616 13.9062
-0.000293632 13.9453

-0.000293623 13.9453
-0.00029265 13.9648

-0.000292655 13.9648
-0.000291711 13.9844

-0.000291715 13.9844
-0.000290782 14.0039

-0.000290785 14.0039
-0.000289851 14.0234

-0.000289846 14.0234
-0.000288913 14.043

-0.000288907 14.043
-0.000287998 14.0625

-0.000287993 14.0625
-0.000286266 14.1016

-0.000286282 14.1016
-0.00028546 14.1211

-0.000285456 14.1211
-0.000284652 14.1406

-0.000284662 14.1406
-0.000283865 14.1602

-0.000283862 14.1602
-0.000283059 14.1797

-0.000283059 14.1797
-0.000282253 14.1992

-0.000282253 14.1992
-0.000281443 14.2188

-0.000281444 14.2188
-0.000280629 14.2383

-0.000280628 14.2383
-0.000279809 14.2578

-0.000279809 14.2578
-0.000278989 14.2773

-0.00027899 14.2773
-0.00027817 14.2969

-0.00027817 14.2969
-0.000277349 14.3164

-0.000277345 14.3164
-0.000276533 14.3359

-0.000276533 14.3359
-0.000275741 14.3555

-0.000275743 14.3555
-0.000274969 14.375

-0.000274955 14.375
-0.000273487 14.4141

-0.000273527 14.4141
-0.000272823 14.4336

-0.000272819 14.4336
-0.000272073 14.4531

-0.000272073 14.4531
-0.000271292 14.4727

-0.000271288 14.4727
-0.000270479 14.4922

-0.000270477 14.4922
-0.000269655 14.5117

-0.000269657 14.5117
-0.00026882 14.5312

-0.000268823 14.5312
-0.000267958 14.5508

-0.000267957 14.5508
-0.000267058 14.5703

-0.000267016 14.5703
-0.000265323 14.6094

-0.000265336 14.6094
-0.000264554 14.6289

-0.000264555 14.6289
-0.00026381 14.6484

-0.000263813 14.6484
-0.000263097 14.668

-0.000263112 14.668
-0.00026239 14.6875

-0.00026239 14.6875
-0.000261633 14.707

-0.000261624 14.707
-0.000260853 14.7266

-0.000260856 14.7266
-0.000260085 14.7461

-0.000260074 14.7461
-0.000259319 14.7656

-0.000259306 14.7656
-0.000257923 14.8047

-0.000257947 14.8047
-0.000256688 14.8438

-0.000256703 14.8438
-0.000256099 14.8633

-0.000256098 14.8633
-0.000255489 14.8828

-0.000255478 14.8828
-0.00025489 14.9023

-0.000254887 14.9023
-0.000254347 14.9219

-0.000254365 14.9219
-0.000253843 14.9414

-0.000253834 14.9414
-0.000253309 14.9609

-0.000253319 14.9609
-0.000252791 14.9805

-0.000252794 14.9805
-0.000252238 15

-0.000252231 15
-0.000251655 15.0195

-0.000251659 15.0195
-0.000251072 15.0391

-0.000251076 15.0391
-0.000250464 15.0586

-0.000250467 15.0586
-0.000249814 15.0781

-0.00024977 15.0781
-0.000248547 15.1172

-0.000248595 15.1172
-0.000248024 15.1367

-0.000248015 15.1367
-0.000247406 15.1562

-0.000247409 15.1562
-0.000246773 15.1758

-0.000246765 15.1758
-0.000246112 15.1953

-0.00024611 15.1953
-0.000245459 15.2148

-0.000245461 15.2148
-0.00024481 15.2344

-0.000244804 15.2344
-0.000244162 15.2539

-0.000244169 15.2539
-0.000243533 15.2734

-0.000243503 15.2734
-0.000242336 15.3125

-0.000242347 15.3125
-0.000241317 15.3516

-0.00024132 15.3516
-0.00024085 15.3711

-0.000240848 15.3711
-0.000240421 15.3906

-0.000240448 15.3906
-0.000239583 15.4297

-0.000239578 15.4297
-0.000238682 15.4688

-0.000238672 15.4688
-0.000237774 15.5078

-0.000237767 15.5078
-0.000236898 15.5469

-0.000236912 15.5469
-0.00023649 15.5664

-0.00023649 15.5664
-0.000236056 15.5859

-0.00023605 15.5859
-0.000235616 15.6055

-0.000235621 15.6055
-0.000235192 15.625

-0.000235181 15.625
-0.000234771 15.6445

-0.00023477 15.6445
-0.000234403 15.6641

-0.000234417 15.6641
-0.000234065 15.6836

-0.000234063 15.6836
-0.000233701 15.7031

-0.00023368 15.7031
-0.000233031 15.7422

-0.000233075 15.7422
-0.000232451 15.7812

-0.000232437 15.7812
-0.000232106 15.8008

-0.000232113 15.8008
-0.000231777 15.8203

-0.000231776 15.8203
-0.000231424 15.8398

-0.000231424 15.8398
-0.000231059 15.8594

-0.000231057 15.8594
-0.000230681 15.8789

-0.000230683 15.8789
-0.000230297 15.8984

-0.000230302 15.8984
-0.000229892 15.918

-0.000229893 15.918
-0.000229446 15.9375

-0.000229446 15.9375
-0.000228959 15.957

-0.000228964 15.957
-0.000228428 15.9766

-0.000228416 15.9766
-0.000227846 15.9961

-0.000227849 15.9961
-0.000227261 16.0156

-0.000227263 16.0156
-0.000226027 16.0547

-0.000225982 16.0547
-0.000224761 16.0938

-0.000224789 16.0938
-0.000224209 16.1133

-0.000224206 16.1133
-0.000223604 16.1328

-0.000223576 16.1328
-0.000222457 16.1719

-0.000222475 16.1719
-0.000221961 16.1914

-0.000221961 16.1914
-0.000221456 16.2109

-0.000221459 16.2109
-0.00022045 16.25

-0.000220445 16.25
-0.000219942 16.2695

-0.000219945 16.2695
-0.000219447 16.2891

-0.000219446 16.2891
-0.000218947 16.3086

-0.000218949 16.3086
-0.000218447 16.3281

-0.000218444 16.3281
-0.00021794 16.3477

-0.000217939 16.3477
-0.000217442 16.3672

-0.000217446 16.3672
-0.00021695 16.3867

-0.000216953 16.3867
-0.000216447 16.4062

-0.00021643 16.4062
-0.00021545 16.4453

-0.000215436 16.4453
-0.000214541 16.4844

-0.00021455 16.4844
-0.000213751 16.5234

-0.000213769 16.5234
-0.000213394 16.543

-0.000213392 16.543
-0.00021301 16.5625

-0.00021299 16.5625
-0.000212297 16.6016

-0.000212311 16.6016
-0.000212002 16.6211

-0.000211998 16.6211
-0.000211705 16.6406

-0.000211714 16.6406
-0.000211427 16.6602

-0.000211424 16.6602
-0.000211128 16.6797

-0.000211098 16.6797
-0.00021062 16.7188

-0.000210657 16.7188
-0.000210276 16.7578

-0.000210283 16.7578
-0.000209913 16.7969

-0.00020992 16.7969
-0.000209732 16.8164

-0.000209735 16.8164
-0.000209525 16.8359

-0.000209511 16.8359
-0.000209097 16.875

-0.000209116 16.875
-0.00020891 16.8945

-0.000208907 16.8945
-0.00020867 16.9141

-0.000208671 16.9141
-0.000208405 16.9336

-0.000208405 16.9336
-0.000208108 16.9531

-0.000208093 16.9531
-0.000207498 16.9922

-0.00020751 16.9922
-0.000207213 17.0117

-0.000207213 17.0117
-0.000206894 17.0312

-0.000206886 17.0312
-0.000206231 17.0703

-0.000206197 17.0703
-0.000205595 17.1094

-0.000205635 17.1094
-0.000205077 17.1484

-0.000205083 17.1484
-0.000204787 17.168

-0.000204785 17.168
-0.000204464 17.1875

-0.00020447 17.1875
-0.000204118 17.207

-0.000204113 17.207
-0.000203726 17.2266

-0.000203723 17.2266
-0.000203313 17.2461

-0.000203313 17.2461
-0.000202889 17.2656

-0.00020289 17.2656
-0.00020245 17.2852

-0.000202452 17.2852
-0.000201988 17.3047

-0.000201962 17.3047
-0.000201087 17.3438

-0.000201111 17.3438
-0.0002007 17.3633

-0.000200699 17.3633
-0.000200268 17.3828

-0.00020026 17.3828
-0.000199829 17.4023

-0.000199828 17.4023
-0.000199415 17.4219

-0.000199425 17.4219
-0.000199014 17.4414

-0.000199022 17.4414
-0.000198578 17.4609

-0.000198569 17.4609
-0.000198098 17.4805

-0.000198105 17.4805
-0.000197611 17.5

-0.000197558 17.5
-0.000196712 17.5391

-0.000196753 17.5391
-0.000196056 17.5781

-0.000196024 17.5781
-0.000195458 17.6172

-0.000195492 17.6172
-0.000195274 17.6367

-0.000195273 17.6367
-0.000195054 17.6562

-0.000195051 17.6562
-0.000194835 17.6758

-0.000194835 17.6758
-0.000194627 17.6953

-0.000194629 17.6953
-0.000194425 17.7148

-0.000194424 17.7148
-0.000194223 17.7344

-0.000194221 17.7344
-0.00019403 17.7539

-0.000194026 17.7539
-0.000193856 17.7734

-0.000193862 17.7734
-0.000193709 17.793

-0.00019371 17.793
-0.00019356 17.8125

-0.000193563 17.8125
-0.000193408 17.832

-0.000193409 17.832
-0.00019324 17.8516

-0.000193243 17.8516
-0.000193049 17.8711

-0.000193055 17.8711
-0.000192817 17.8906

-0.000192816 17.8906
-0.000192524 17.9102

-0.00019253 17.9102
-0.000192176 17.9297

-0.00019208 17.9297
-0.000191609 17.9688

-0.00019168 17.9688
-0.000191573 17.9883

-0.000191573 17.9883
-0.000191455 18.0078

-0.000191457 18.0078
-0.000191325 18.0273

-0.000191328 18.0273
-0.000191173 18.0469

-0.000191172 18.0469
-0.000190992 18.0664

-0.000190987 18.0664
-0.000190792 18.0859

-0.000190789 18.0859
-0.000190592 18.1055

-0.000190597 18.1055
-0.000190395 18.125

-0.000190394 18.125
-0.000190179 18.1445

-0.000190176 18.1445
-0.000189956 18.1641

-0.000189965 18.1641
-0.000189731 18.1836

-0.000189729 18.1836
-0.000189469 18.2031

-0.000189465 18.2031
-0.000189192 18.2227

-0.000189193 18.2227
-0.000188912 18.2422

-0.0001889 18.2422
-0.000188363 18.2812

-0.000188336 18.2812
-0.000187898 18.3203

-0.000187909 18.3203
-0.000187603 18.3594

-0.00018763 18.3594
-0.00018751 18.3789

-0.000187509 18.3789
-0.00018737 18.3984

-0.000187368 18.3984
-0.000187218 18.418

-0.000187218 18.418
-0.000187064 18.4375

-0.000187041 18.4375
-0.000186818 18.4766

-0.000186854 18.4766
-0.00018678 18.4961

-0.000186778 18.4961
-0.000186671 18.5156

-0.000186675 18.5156
-0.000186528 18.5352

-0.000186533 18.5352
-0.000186328 18.5547

-0.000186306 18.5547
-0.000186081 18.5742

-0.000186093 18.5742
-0.000185867 18.5938

-0.00018582 18.5938
-0.000185506 18.6328

-0.000185541 18.6328
-0.000185375 18.6719

-0.000185395 18.6719
-0.000185335 18.6914

-0.00018533 18.6914
-0.000185263 18.7109

-0.000185198 18.7109
-0.000185329 18.75

-0.000185416 18.75
-0.000185605 18.7695

-0.000185604 18.7695
-0.000185745 18.7891

-0.000185742 18.7891
-0.000185938 18.8281

-0.000185914 18.8281
-0.00018598 18.8477

-0.00018598 18.8477
-0.000186064 18.8672

-0.000186077 18.8672
-0.000186151 18.8867

-0.000186153 18.8867
-0.000186188 18.9062

-0.000186104 18.9062
-0.000186431 18.9453

-0.00018649 18.9453
-0.000186793 18.9648

-0.000186797 18.9648
-0.000187114 18.9844

-0.000187137 18.9844
-0.000187691 19.0234

-0.000187679 19.0234
-0.000187911 19.043

-0.000187904 19.043
-0.000188128 19.0625

-0.000188098 19.0625
-0.000188677 19.1016

-0.000188741 19.1016
-0.000189083 19.1211

-0.000189079 19.1211
-0.000189356 19.1406

-0.000189358 19.1406
-0.000189572 19.1602

-0.00018957 19.1602
-0.000189718 19.1797

-0.000189707 19.1797
-0.000189814 19.1992

-0.00018982 19.1992
-0.000189896 19.2188

-0.000189892 19.2188
-0.00018993 19.2383

-0.00018993 19.2383
-0.00018994 19.2578

-0.000189921 19.2578
-0.00018996 19.2969

-0.000189966 19.2969
-0.00019 19.3164

-0.000190003 19.3164
-0.000190031 19.3359

-0.000190002 19.3359
-0.00019015 19.375

-0.000190186 19.375
-0.000190303 19.3945

-0.000190296 19.3945
-0.000190397 19.4141

-0.000190401 19.4141
-0.000190491 19.4336

-0.000190492 19.4336
-0.000190558 19.4531

-0.000190535 19.4531
-0.000190708 19.4922

-0.000190728 19.4922
-0.000190936 19.5312

-0.00019094 19.5312
-0.000191041 19.5508

-0.000191038 19.5508
-0.000191132 19.5703

-0.00019114 19.5703
-0.000191217 19.5898

-0.000191213 19.5898
-0.000191266 19.6094

-0.000191266 19.6094
-0.000191304 19.6289

-0.000191306 19.6289
-0.000191324 19.6484

-0.000191325 19.6484
-0.000191318 19.668

-0.000191316 19.668
-0.000191285 19.6875

-0.000191292 19.6875
-0.000191227 19.707

-0.000191227 19.707
-0.000191116 19.7266

-0.000191115 19.7266
-0.00019096 19.7461

-0.000190959 19.7461
-0.000190763 19.7656

-0.000190702 19.7656
-0.000190474 19.8047

-0.000190509 19.8047
-0.000190487 19.8242

-0.000190507 19.8242
-0.000190469 19.8438

-0.000190452 19.8438
-0.000190391 19.8633

-0.000190394 19.8633
-0.000190335 19.8828

-0.000190335 19.8828
-0.00019027 19.9023

-0.000190271 19.9023
-0.0001902 19.9219

-0.000190181 19.9219
-0.000190106 19.9609

-0.000190124 19.9609
-0.000190111 20

0.0195312 0.232398
0.0142706 0.234375

0.0195312 0.232566
0.0390625 0.225486

0.0390625 0.225499
0.0585938 0.218779

0.078125 0.212178
0.0700892 0.214844

0.0585938 0.218933
0.0709202 0.214844

0 0.240044
0.0150837 0.234375

0.078125 0.212305
0.0976562 0.206055

0.0976562 0.206069
0.117188 0.200101

0.136719 0.194076
0.13256 0.195312

0.136719 0.194254
0.15625 0.188692

0.117188 0.200208
0.133655 0.195312

0.3125 0.152804
0.294576 0.15625

0.15625 0.188768
0.175781 0.183474

0.175781 0.183427
0.195312 0.178342

0.214844 0.17341
0.205243 0.175781

0.195312 0.178475
0.206219 0.175781

0.214844 0.173521
0.234375 0.168951

0.234375 0.168974
0.253906 0.164649

0.253906 0.164639
0.273438 0.160532

0.273438 0.160571
0.292969 0.156625

0.292969 0.156666
0.295134 0.15625

0.3125 0.152846
0.332031 0.149329

0.332031 0.14935
0.351562 0.145965

0.351562 0.14595
0.371094 0.142686

0.371094 0.142679
0.390625 0.139581

0.410156 0.136447
0.408388 0.136719

0.390625 0.139633
0.409591 0.136719

0.410156 0.136538
0.429688 0.133715

0.429688 0.133771
0.449219 0.131179

0.449219 0.131185
0.46875 0.1287

0.46875 0.128708
0.488281 0.126304

0.488281 0.126305
0.507812 0.123964

0.507812 0.123977
0.527344 0.121671

0.527344 0.121657
0.546875 0.119388

0.566406 0.116989
0.564713 0.117188

0.566406 0.117059
0.585938 0.114834

0.546875 0.119439
0.566089 0.117188

0.585938 0.114883
0.605469 0.11279

0.605469 0.112792
0.625 0.110726

0.625 0.110719
0.644531 0.10869

0.644531 0.108694
0.664062 0.106705

0.664062 0.106707
0.683594 0.104745

0.683594 0.104754
0.703125 0.102797

0.703125 0.102795
0.722656 0.100826

0.722656 0.100805
0.742188 0.0988696

0.761719 0.096891
0.753716 0.0976562

0.742188 0.0989382
0.755594 0.0976562

0.761719 0.0969688
0.78125 0.0952352

0.78125 0.0952647
0.800781 0.09368

0.800781 0.09367
0.820312 0.0921954

0.820312 0.0921918
0.839844 0.0908544

0.839844 0.0908586
0.859375 0.0896573

0.859375 0.0896608
0.878906 0.0885801

0.878906 0.0885893
0.898438 0.087604

0.898438 0.0876072
0.917969 0.0866924

0.917969 0.0867083
0.9375 0.0858257

0.9375 0.0858292
0.957031 0.0849403

0.957031 0.0849446
0.976562 0.0840338

0.976562 0.0840375
0.996094 0.0830886

0.996094 0.08309
1.01562 0.0820928

1.09375 0.0775837
1.08444 0.078125

1.01562 0.0820917
1.03516 0.0810456

1.03516 0.0810494
1.05469 0.079949

1.05469 0.0799359
1.07422 0.0787999

1.07422 0.0788495
1.08668 0.078125

1.09375 0.0776384
1.11328 0.0765564

1.11328 0.0765838
1.13281 0.0755423

1.13281 0.075539
1.15234 0.0744898

1.15234 0.0744864
1.17188 0.0734427

1.17188 0.073442
1.19141 0.072412

1.19141 0.0724108
1.21094 0.0713981

1.21094 0.0713972
1.23047 0.0704058

1.23047 0.0704062
1.25 0.0694373

0 2.09555
0.00378955 2.10938

0.0037945 2.10938
0.0088823 2.12891

0.00888281 2.12891
0.0137065 2.14844

0.0137067 2.14844
0.0182647 2.16797

0.0182725 2.16797
0.0195312 2.1737

0.0195312 2.17375
0.0225535 2.1875

0.0225572 2.1875
0.0265866 2.20703

0.0265864 2.20703
0.0303523 2.22656

0.0303533 2.22656
0.033854 2.24609

0.0338533 2.24609
0.0370881 2.26562

0.0370864 2.26562
0.0390625 2.2786

0.0390625 2.27861
0.0400594 2.28516

0.0400616 2.28516
0.0427766 2.30469

0.0427765 2.30469
0.0452298 2.32422

0.0452305 2.32422
0.0474209 2.34375

0.0474205 2.34375
0.0493478 2.36328

0.0493477 2.36328
0.0510128 2.38281

0.051013 2.38281
0.0524153 2.40234

0.0524149 2.40234
0.0535551 2.42188

0.0535544 2.42188
0.0544348 2.44141

0.0544348 2.44141
0.0550567 2.46094

0.0550563 2.46094
0.0554205 2.48047

0.0554196 2.48047
0.0555285 2.5

1.25 0.0694404
1.26953 0.0684871

1.26953 0.0684821
1.28906 0.0675483

1.28906 0.0675574
1.30859 0.0666352

1.30859 0.0666261
1.32812 0.0657157

1.32812 0.0657056
1.34766 0.0648454

1.34766 0.0648327
1.36719 0.0640684

1.36719 0.0640566
1.38672 0.0634371

1.38672 0.0634308
1.40625 0.0629922

1.40625 0.0629953
1.42578 0.0627439

1.42578 0.0627572
1.44531 0.06266

1.44531 0.0626798
1.46484 0.0626706

1.46484 0.0626909
1.48438 0.0626895

1.48438 0.0627059
1.50391 0.0626391

1.50391 0.0626506
1.52344 0.0624624

1.52344 0.0624698
1.54297 0.0621222

1.54297 0.0621272
1.5625 0.0615952

1.5625 0.061604
1.58203 0.0608602

1.58203 0.0608416
1.60156 0.0599058

1.60156 0.0599413
1.62109 0.0587797

1.64062 0.0574015
1.62232 0.0585938

1.62109 0.0587924
1.62414 0.0585938

1.64062 0.0574048
1.66016 0.0562279

1.66016 0.0561928
1.67969 0.0552004

1.67969 0.0551886
1.69922 0.0544745

1.69922 0.054552
1.71875 0.0539847

1.71875 0.0541502
1.73828 0.0532439

1.73828 0.0534168
1.75781 0.0514949

1.75781 0.051592
1.77734 0.0481148

1.77734 0.0481717
1.79688 0.0428311

1.81641 0.0351282
1.80574 0.0390625

1.81641 0.0347114
1.83594 0.0274761

1.79688 0.0431927
1.80807 0.0390625

1.83594 0.0276171
1.85547 0.021786

1.875 0.0168548
1.8632 0.0195312

1.85547 0.0217606
1.86789 0.0195312

1.875 0.0149522
1.89077 0.0195312

1.89368 0.0195312
1.89453 0.0199938

1.89698 0.0195312
1.91027 0.0390625

1.90489 0.0390625
1.90195 0.0585938

1.89734 0.0585938
1.89812 0.078125

1.89595 0.078125
1.91371 0.0976562

1.91406 0.0959843
1.9174 0.0976562

1.92789 0.0976562
1.93359 0.100048

1.93359 0.101397
1.95312 0.106083

1.95312 0.106625
1.97266 0.107843

1.97266 0.107742
1.99219 0.104613

2.01172 0.0963249
2.00833 0.0976562

1.99219 0.104914
2.01068 0.0976562

2.01172 0.0976056
2.03125 0.0840911

2.07031 0.012603
2.06964 0.0195312

2.06977 0.0195312
2.0639 0.0390625

2.05078 0.0626326
2.03755 0.078125

2.06412 0.0390625
2.05365 0.0585938

2.05078 0.0631243
2.05398 0.0585938

2.07031 0.0131766
2.07159 0

2.03125 0.0843338
2.038 0.078125

2.45449 0
2.45613 0.0195312

2.45604 0.0195312
2.46094 0.0382803

2.46084 0.0390625
2.46094 0.0392748

2.46094 0.0382001
2.46116 0.0390625

2.46094 0.0395038
2.4703 0.0585938

2.46974 0.0585938
2.48047 0.0719494

2.48047 0.0722865
2.48677 0.078125

2.48729 0.078125
2.5 0.0876996

