0 2.85771
0.00289867 2.87109

0.00290211 2.87109
0.00700638 2.89062

0.00700551 2.89062
0.0109881 2.91016

0.0109874 2.91016
0.0148516 2.92969

0.0148506 2.92969
0.0185997 2.94922

0.0186077 2.94922
0.0195312 2.95418

0.0195312 2.95423
0.0222324 2.96875

0.0222341 2.96875
0.0257533 2.98828

0.0257535 2.98828
0.0291589 3.00781

0.0291594 3.00781
0.0324497 3.02734

0.0324501 3.02734
0.0356233 3.04688

0.0356233 3.04688
0.0386783 3.06641

0.0386825 3.06641
0.0390625 3.06893

0.0390625 3.06896
0.0416139 3.08594

0.0416143 3.08594
0.0444287 3.10547

0.044429 3.10547
0.0471219 3.125

0.0471223 3.125
0.0496925 3.14453

0.0496928 3.14453
0.0521387 3.16406

0.0521388 3.16406
0.0544595 3.18359

0.05446 3.18359
0.0566543 3.20312

0.0566553 3.20312
0.0585938 3.22145

0.0585938 3.22158
0.0587079 3.22266

0.0587217 3.22266
0.0606582 3.24219

0.0606589 3.24219
0.0624626 3.26172

-4.20899 0
-4.20045 0.0195312

-4.19987 0.0195312
-4.19922 0.0202885

-4.19898 0.0195312
-4.17969 0.0355986

-4.17969 0.0373149
-4.16016 0.0384586

-4.14062 0.0183477
-4.14098 0.0195312

-4.16016 0.0382541
-4.14062 0.02124

-4.17058 0.0390625
-4.16016 0.0396724

-4.16016 0.0392942
-4.15962 0.0390625

-4.14062 0.0189661
-4.13577 0

-4.14062 0.0298865
-4.13435 0.0195312

-2.12904 0
-2.12891 0.000411394

-2.12891 0.00183869
-2.10938 0.0018155

-1.97374 0
-1.97266 0.00307259

-1.97266 0.00194122
-1.95312 0.00385952

-1.95312 0.0053019
-1.95101 0

-1.68063 0
-1.67969 0.00271679

-1.67169 0
-1.66016 0.0105426

-1.66016 0.0108628
-1.6499 0

-1.54334 0
-1.54297 0.00112191

-1.53589 0
-1.52344 0.0123965

-1.52344 0.0123955
-1.511 0

-1.50391 0.00119684
-1.5035 0

-1.36374 0
-1.36 0.0195312

-1.3612 0.0195312
-1.34785 0.0390625

-1.34766 0.0367395
-1.34539 0.0390625

0.0624639 3.26172
0.0641307 3.28125

0.064132 3.28125
0.065657 3.30078

0.0656578 3.30078
0.0670368 3.32031

0.0670377 3.32031
0.0682673 3.33984

0.0682681 3.33984
0.069345 3.35938

0.0693455 3.35938
0.070267 3.37891

0.0702671 3.37891
0.071032 3.39844

0.0710323 3.39844
0.0716396 3.41797

0.0716402 3.41797
0.0720878 3.4375

0.0720881 3.4375
0.0723743 3.45703

0.0723742 3.45703
0.0724989 3.47656

0.0724994 3.47656
0.0724616 3.49609

0.0724625 3.49609
0.0722597 3.51562

0.0722597 3.51562
0.07189 3.53516

0.0718895 3.53516
0.0713538 3.55469

0.0713541 3.55469
0.0706528 3.57422

0.0706533 3.57422
0.0697847 3.59375

0.0697836 3.59375
0.0687485 3.61328

0.0687467 3.61328
0.0675509 3.63281

0.0675509 3.63281
0.066198 3.65234

0.0661979 3.65234
0.0646881 3.67188

0.0646854 3.67188
0.0630242 3.69141

0.063022 3.69141
0.0612194 3.71094

0.0585938 3.73696
0.057214 3.75

0.0612189 3.71094
0.0592804 3.73047

0.0585938 3.73686
0.0592703 3.73047

-1.34793 0.0390625
-1.34766 0.0393393

-1.34766 0.0392889
-1.32812 0.0529097

-1.32812 0.051758
-1.30859 0.0555255

-1.30859 0.0555225
-1.28906 0.0514764

-1.26953 0.0385062
-1.27007 0.0390625

-1.25374 0
-1.25753 0.0195312

-1.26953 0.0384894
-1.25649 0.0195312

-1.28906 0.0524463
-1.27011 0.0390625

-1.26953 0.0405606
-1.26805 0.0390625

0.0572122 3.75
0.0550217 3.76953

0.0550192 3.76953
0.0527065 3.78906

0.0527052 3.78906
0.0502779 3.80859

0.0502777 3.80859
0.0477391 3.82812

0.0390625 3.88993
0.0366592 3.90625

0.0477364 3.82812
0.0450924 3.84766

0.0450886 3.84766
0.0423521 3.86719

0.0423473 3.86719
0.0395352 3.88672

0.0390625 3.88988
0.0395275 3.88672

0.0366572 3.90625
0.0337187 3.92578

0.0337171 3.92578
0.0307213 3.94531

0.0307184 3.94531
0.0276744 3.96484

0.027673 3.96484
0.0245891 3.98438

0.0195312 4.01607
0.0183501 4.02344

0.0245874 3.98438
0.0214701 4.00391

0.0195312 4.01587
0.0214504 4.00391

0.0183322 4.02344
0.0151972 4.04297

0.0151944 4.04297
0.0120584 4.0625

0.0120559 4.0625
0.00892948 4.08203

0.00892751 4.08203
0.00581954 4.10156

0.00581586 4.10156
0.00273767 4.12109

0 4.13868
0.00272911 4.12109

0 4.91535
0.000632557 4.92188

0.00064765 4.92188
0.0024578 4.94141

0.00246098 4.94141
0.00417525 4.96094

0.00417831 4.96094
0.00578423 4.98047

0.005787 4.98047
0.00727292 5

-0.869659 0
-0.859375 0.00260366

-0.859375 0.00328922
-0.857874 0

-0.117188 0.918624
-0.131935 0.9375

-0.0976562 0.894529
-0.100881 0.898438

-0.078125 0.871589
-0.0844355 0.878906

-0.0976562 0.894468
-0.0845548 0.878906

-0.100945 0.898438
-0.116718 0.917969

-0.117188 0.91861
-0.116683 0.917969

-0.0585938 0.84965
-0.0672679 0.859375

-0.0390625 0.828391
-0.049601 0.839844

-0.0585938 0.849693
-0.0496992 0.839844

-0.0195312 0.807932
-0.0314275 0.820312

0 0.788515
-0.0124741 0.800781

-0.0195312 0.807928
-0.0124692 0.800781

-0.0390625 0.82841
-0.0314598 0.820312

-0.078125 0.871673
-0.0674442 0.859375

-0.234375 1.09191
-0.235424 1.09375

-0.15625 0.969895
-0.160998 0.976562

-0.175781 0.997539
-0.187967 1.01562

-0.161072 0.976562
-0.174805 0.996094

-0.175781 0.997539
-0.174814 0.996094

-0.195312 1.02707
-0.200515 1.03516

-0.200524 1.03516
-0.212603 1.05469

-0.214844 1.05847
-0.224233 1.07422

-0.234375 1.09184
-0.224239 1.07422

-0.214844 1.05845
-0.212606 1.05469

-0.195312 1.027
-0.187984 1.01562

-0.273438 1.16563
-0.276531 1.17188

-0.253906 1.12748
-0.256763 1.13281

-0.235462 1.09375
-0.246312 1.11328

-0.253906 1.12743
-0.246327 1.11328

-0.256776 1.13281
-0.266851 1.15234

-0.273438 1.16561
-0.266866 1.15234

-0.292969 1.20728
-0.29462 1.21094

-0.27654 1.17188
-0.285799 1.19141

-0.292969 1.20726
-0.285812 1.19141

-0.294626 1.21094
-0.302973 1.23047

-0.302972 1.23047
-0.310849 1.25

-0.136719 0.943796
-0.146751 0.957031

-0.15625 0.969973
-0.146778 0.957031

-0.136719 0.943822
-0.131975 0.9375

3.44562 0
3.44732 0.0195312

3.44724 0.0195312
3.4525 0.0390625

3.45228 0.0390625
3.45703 0.0488859

3.45703 0.0489121
3.46171 0.0585938

3.46118 0.0585938
3.47635 0.078125

3.47651 0.078125
3.47656 0.0781784

3.47656 0.0784778
3.49609 0.0953212

3.49609 0.0955013
3.50011 0.0976562

3.50176 0.0976562
3.51562 0.105103

3.51562 0.104997
3.53516 0.110759

3.53516 0.110648
3.55469 0.112557

3.55469 0.11256
3.57422 0.110833

3.57422 0.110893
3.59375 0.105404

3.66618 0
3.66445 0.0195312

3.66454 0.0195312
3.65916 0.0390625

3.65234 0.0532272
3.64969 0.0585938

3.65022 0.0585938
3.63478 0.078125

3.65234 0.0532792
3.65939 0.0390625

3.61328 0.0952151
3.60846 0.0976562

3.59375 0.105811
3.60986 0.0976562

3.61328 0.0964599
3.63281 0.0803046

3.63281 0.0803906
3.63501 0.078125

-0.3125 1.25436
-0.318255 1.26953

-0.318255 1.26953
-0.325204 1.28906

-0.332031 1.30967
-0.337763 1.32812

-0.3252 1.28906
-0.331701 1.30859

-0.332031 1.30966
-0.331699 1.30859

-0.351562 1.37934
-0.353366 1.38672

-0.35337 1.38672
-0.357713 1.40625

-0.337762 1.32812
-0.343396 1.34766

-0.343397 1.34766
-0.348597 1.36719

-0.351562 1.37934
-0.348593 1.36719

-0.357716 1.40625
-0.361615 1.42578

-0.361616 1.42578
-0.365065 1.44531

-0.365062 1.44531
-0.368062 1.46484

-0.368055 1.46484
-0.370624 1.48438

-0.371094 1.48864
-0.372773 1.50391

-0.372777 1.50391
-0.374495 1.52344

-0.371094 1.48861
-0.370628 1.48438

-0.374497 1.52344
-0.375775 1.54297

-0.375776 1.54297
-0.376611 1.5625

-0.376609 1.5625
-0.377003 1.58203

-0.377 1.58203
-0.376965 1.60156

-0.376962 1.60156
-0.376507 1.62109

-0.376507 1.62109
-0.375638 1.64062

-0.375639 1.64062
-0.374353 1.66016

-0.374353 1.66016
-0.372648 1.67969

-0.372622 1.67969
-0.371094 1.69381

-0.371094 1.69457
-0.37059 1.69922

-0.370526 1.69922
-0.368018 1.71875

-0.368014 1.71875
-0.365128 1.73828

-0.365126 1.73828
-0.361872 1.75781

-0.361874 1.75781
-0.358252 1.77734

-0.35825 1.77734
-0.354261 1.79688

-0.354196 1.79688
-0.351562 1.80873

-0.351562 1.80943
-0.350012 1.81641

-0.349917 1.81641
-0.345237 1.83594

-0.345231 1.83594
-0.340217 1.85547

-0.340211 1.85547
-0.33489 1.875

-0.3125 1.25434
-0.310852 1.25

-0.334816 1.875
-0.332031 1.8847

-0.332031 1.8852
-0.329353 1.89453

-0.329289 1.89453
-0.323394 1.91406

-0.323391 1.91406
-0.317198 1.93359

-0.317117 1.93359
-0.3125 1.94759

-0.3125 1.94829
-0.310905 1.95312

-0.310738 1.95312
-0.304071 1.97266

-0.304057 1.97266
-0.297186 1.99219

-0.297103 1.99219
-0.292969 2.00368

-0.292969 2.00419
-0.290258 2.01172

-0.290163 2.01172
-0.282966 2.03125

-0.28296 2.03125
-0.275576 2.05078

-0.275498 2.05078
-0.273438 2.05613

-0.273438 2.05635
-0.268062 2.07031

-0.268047 2.07031
-0.260422 2.08984

-0.260365 2.08984
-0.253906 2.10621

-0.253906 2.10685
-0.25291 2.10938

-0.25271 2.10938
-0.244924 2.12891

-0.244919 2.12891
-0.237032 2.14844

-0.236951 2.14844
-0.234375 2.15477

-0.234375 2.155
-0.229103 2.16797

-0.229082 2.16797
-0.221119 2.1875

-0.221059 2.1875
-0.214844 2.20273

-0.214844 2.20325
-0.213299 2.20703

-0.213138 2.20703
-0.205176 2.22656

-0.205172 2.22656
-0.197213 2.24609

-0.197162 2.24609
-0.195312 2.25065

-0.195312 2.25078
-0.189289 2.26562

-0.189282 2.26562
-0.181398 2.28516

-0.181339 2.28516
-0.175781 2.29903

-0.175781 2.29943
-0.173674 2.30469

-0.173563 2.30469
-0.165816 2.32422

-0.165815 2.32422
-0.15814 2.34375

-0.158098 2.34375
-0.15625 2.34851

-0.15625 2.34862
-0.150556 2.36328

-0.150551 2.36328
-0.143056 2.38281

-0.143025 2.38281
-0.136719 2.39947

-0.136719 2.39987
-0.135783 2.40234

-0.135659 2.40234
-0.128371 2.42188

-0.128366 2.42188
-0.12118 2.44141

-0.121139 2.44141
-0.117188 2.45233

-0.117188 2.45257
-0.114159 2.46094

-0.114114 2.46094
-0.107171 2.48047

-0.107168 2.48047
-0.100347 2.5

-0.100311 2.5
-0.0976562 2.50776

-0.0976562 2.50791
-0.0936785 2.51953

-0.0936589 2.51953
-0.0871158 2.53906

-0.0871154 2.53906
-0.0807123 2.55859

-0.0806845 2.55859
-0.078125 2.56658

-0.078125 2.56672
-0.0744697 2.57812

-0.0744528 2.57812
-0.0683374 2.59766

-0.0683378 2.59766
-0.0623627 2.61719

-0.0623417 2.61719
-0.0585938 2.62974

-0.0585938 2.62993
-0.0565652 2.63672

-0.0565296 2.63672
-0.0508355 2.65625

-0.0508343 2.65625
-0.0452793 2.67578

-0.0452812 2.67578
-0.039864 2.69531

-0.0398535 2.69531
-0.0390625 2.69824

-0.0390625 2.69828
-0.0345837 2.71484

-0.0345837 2.71484
-0.0294378 2.73438

-0.029438 2.73438
-0.0244233 2.75391

-0.0244223 2.75391
-0.0195404 2.77344

-0.0195312 2.77348
-0.0147921 2.79297

-0.0147917 2.79297
-0.0101729 2.8125

-0.0101733 2.8125
-0.0056854 2.83203

-0.005686 2.83203
-0.00132719 2.85156

-0.00131636 2.85156
0 2.85764

0.00727534 5
0.00863087 5.01953

0.00863298 5.01953
0.00984905 5.03906

0.00985084 5.03906
0.0109197 5.05859

0.0109211 5.05859
0.0118363 5.07812

0.0118374 5.07812
0.012594 5.09766

0.0125948 5.09766
0.0131889 5.11719

0.0131894 5.11719
0.0136184 5.13672

0.0136186 5.13672
0.0138809 5.15625

0.0138808 5.15625
0.0139761 5.17578

0.0139757 5.17578
0.0139047 5.19531

0.0139041 5.19531
0.0136687 5.21484

0.0136676 5.21484
0.013271 5.23438

0.0132697 5.23438
0.0127168 5.25391

0.0127152 5.25391
0.0120119 5.27344

0.0120097 5.27344
0.0111633 5.29297

0.0111606 5.29297
0.0101807 5.3125

0.0101779 5.3125
0.00907516 5.33203

0.00907161 5.33203
0.00785871 5.35156

0.00785439 5.35156
0.00654706 5.37109

0.00654299 5.37109
0.00515802 5.39062

0.00515295 5.39062
0.00370858 5.41016

0.00370291 5.41016
0.00222065 5.42969

0.00221564 5.42969
0.000716862 5.44922

0 5.45847
0.000707609 5.44922

0 5.9733
0.000173311 5.97656

0.000190003 5.97656
0.00115277 5.99609

0.0011567 5.99609
0.00202841 6.01562

0.00203187 6.01562
0.00279772 6.03516

0.00280061 6.03516
0.0034479 6.05469

0.00345009 6.05469
0.00396866 6.07422

0.00397018 6.07422
0.00435261 6.09375

0.00435342 6.09375
0.00459506 6.11328

0.00459509 6.11328
0.00469427 6.13281

0.00469369 6.13281
0.00465152 6.15234

0.00465016 6.15234
0.0044705 6.17188

0.00446832 6.17188
0.00415823 6.19141

0.00415557 6.19141
0.00372474 6.21094

0.00372124 6.21094
0.00318196 6.23047

0.00317777 6.23047
0.00254543 6.25

0 4.1389
-0.000267951 4.14062

-0.000298531 4.14062
-0.00326855 4.16016

-0.00327109 4.16016
-0.00617472 4.17969

-0.0061775 4.17969
-0.00900411 4.19922

-0.00900789 4.19922
-0.0117444 4.21875

-0.0117482 4.21875
-0.0143794 4.23828

-0.0143833 4.23828
-0.0168937 4.25781

-0.0195312 4.27959
-0.0215026 4.29688

-0.0168969 4.25781
-0.0192722 4.27734

-0.0195312 4.27957
-0.0192776 4.27734

-0.0215062 4.29688
-0.0235732 4.31641

-0.0235764 4.31641
-0.0254699 4.33594

-0.0254728 4.33594
-0.0271804 4.35547

-0.0271834 4.35547
-0.028693 4.375

0.00254115 6.25
0.00183269 6.26953

0.00182755 6.26953
0.0010618 6.28906

0.00105615 6.28906
0.000254697 6.30859

0 6.31456
0.000249483 6.30859

0 6.7497
0.000202022 6.75781

0.000210975 6.75781
0.000623683 6.77734

0.00062597 6.77734
0.000954156 6.79688

0.000955622 6.79688
0.00119178 6.81641

0.00119241 6.81641
0.00133234 6.83594

0.00133219 6.83594
0.0013749 6.85547

0.00137385 6.85547
0.00132176 6.875

-0.0286958 4.375
-0.0299961 4.39453

-0.029998 4.39453
-0.0310796 4.41406

-0.031081 4.41406
-0.0319373 4.43359

-0.0319383 4.43359
-0.0325644 4.45312

-0.0325646 4.45312
-0.032958 4.47266

-0.0329573 4.47266
-0.0331188 4.49219

-0.033118 4.49219
-0.0330509 4.51172

-0.03305 4.51172
-0.0327577 4.53125

-0.0327558 4.53125
-0.032244 4.55078

-0.0322413 4.55078
-0.0315196 4.57031

-0.0315171 4.57031
-0.0305959 4.58984

-0.0305932 4.58984
-0.0294829 4.60938

-0.0294787 4.60938
-0.028193 4.62891

-0.0281886 4.62891
-0.0267446 4.64844

-0.026741 4.64844
-0.0251547 4.66797

-0.0251505 4.66797
-0.0234375 4.6875

-0.0234323 4.6875
-0.0216112 4.70703

-0.0216036 4.70703
-0.0196996 4.72656

-0.0196962 4.72656
-0.0195312 4.7282

-0.0195312 4.72823
-0.0177289 4.74609

-0.0177249 4.74609
-0.0156983 4.76562

-0.0156947 4.76562
-0.0136264 4.78516

-0.013622 4.78516
-0.0115282 4.80469

-0.0115239 4.80469
-0.00942174 4.82422

-0.00941745 4.82422
-0.0073241 4.84375

-0.0073198 4.84375
-0.00525244 4.86328

-0.00524851 4.86328
-0.00322362 4.88281

-0.00321981 4.88281
-0.00125288 4.90234

-0.00124304 4.90234
0 4.91516

0.00132004 6.875
0.00117871 6.89453

0.00117625 6.89453
0.000954061 6.91406

0.000950875 6.91406
0.000659134 6.93359

0.000655876 6.93359
0.000307468 6.95312

0 6.96836
0.000304071 6.95312

0 5.45856
-0.000779449 5.46875

-0.000785798 5.46875
-0.00225544 5.48828

-0.00226024 5.48828
-0.00368986 5.50781

-0.00369484 5.50781
-0.00506486 5.52734

-0.00506986 5.52734
-0.00636032 5.54688

-0.00636521 5.54688
-0.00755636 5.56641

-0.00756101 5.56641
-0.00863374 5.58594

-0.00863795 5.58594
-0.00957455 5.60547

-0.0095782 5.60547
-0.0103629 5.625

0 7.39347
8.06164e-05 7.40234

8.68276e-05 7.40234
0.000197234 7.42188

-0.0103659 5.625
-0.0109855 5.64453

-0.0109877 5.64453
-0.0114321 5.66406

-0.0114334 5.66406
-0.0116956 5.68359

-0.011696 5.68359
-0.0117729 5.70312

-0.0117722 5.70312
-0.0116641 5.72266

-0.0116625 5.72266
-0.0113737 5.74219

-0.0113711 5.74219
-0.0109102 5.76172

-0.0109066 5.76172
-0.010286 5.78125

-0.0102817 5.78125
-0.00951757 5.80078

-0.00951236 5.80078
-0.00862393 5.82031

-0.00861816 5.82031
-0.00762734 5.83984

-0.00762129 5.83984
-0.00655173 5.85938

-0.00654538 5.85938
-0.00542189 5.87891

-0.0054156 5.87891
-0.00426348 5.89844

-0.00425764 5.89844
-0.00310116 5.91797

-0.00309544 5.91797
-0.00195772 5.9375

-0.00195234 5.9375
-0.00085554 5.95703

0.000197711 7.42188
0.000237239 7.44141

0.000236713 7.44141
0.000205462 7.46094

0.000204089 7.46094
0.000105857 7.48047

0 7.49367
0.000106423 7.48047

-0.000849165 5.95703
0 5.97301

0 6.31458
-0.00056626 6.32812

-0.000570988 6.32812
-0.00138463 6.34766

-0.00138963 6.34766
-0.00218138 6.36719

-0.00218641 6.36719
-0.00293622 6.38672

-0.00294108 6.38672
-0.00362917 6.40625

-0.00363367 6.40625
-0.00424136 6.42578

-0.0042453 6.42578
-0.0047557 6.44531

-0.00475889 6.44531
-0.00515772 6.46484

-0.00516 6.46484
-0.00543631 6.48438

-0.00543752 6.48438
-0.00558431 6.50391

-0.00558437 6.50391
-0.00559913 6.52344

-0.00559803 6.52344
-0.00548285 6.54297

-0.00548054 6.54297
-0.00524223 6.5625

-0.00523885 6.5625
-0.00488878 6.58203

-0.00488456 6.58203
-0.00443793 6.60156

-0.00443298 6.60156
-0.00390814 6.62109

-0.00390273 6.62109
-0.00332041 6.64062

-0.00331489 6.64062
-0.00269693 6.66016

-0.00269129 6.66016
-0.00206002 6.67969

-0.00205473 6.67969
-0.00143199 6.69922

-0.00142728 6.69922
-0.000833074 6.71875

-0.000828641 6.71875
-0.000281228 6.73828

-0.0002742 6.73828
0 6.7493

0 6.96814
-9.00773e-05 6.97266

-8.99029e-05 6.97266
-0.000505984 6.99219

-0.000509867 6.99219
-0.00093808 7.01172

-0.000942085 7.01172
-0.00136666 7.03125

-0.00137064 7.03125
-0.00177559 7.05078

-0.00177941 7.05078
-0.00214914 7.07031

-0.00215261 7.07031
-0.00247254 7.08984

-0.00247549 7.08984
-0.00273278 7.10938

-0.00273503 7.10938
-0.00291929 7.12891

-0.00292067 7.12891
-0.00302466 7.14844

-0.00302509 7.14844
-0.00304518 7.16797

-0.0030446 7.16797
-0.00298108 7.1875

-0.00297948 7.1875
-0.00283671 7.20703

-0.00283417 7.20703
-0.00262041 7.22656

-0.00261708 7.22656
-0.00234409 7.24609

-0.00234017 7.24609
-0.00202247 7.26562

-0.00201814 7.26562
-0.00167219 7.28516

-0.00166778 7.28516
-0.00131107 7.30469

-0.00130676 7.30469
-0.00095674 7.32422

-0.000952696 7.32422
-0.000626071 7.34375

-0.000622661 7.34375
-0.000334338 7.36328

-0.000331527 7.36328
-9.39461e-05 7.38281

-8.7654e-05 7.38281
0 7.39246

0 7.49258
-5.97722e-05 7.5

-5.66965e-05 7.5
-0.000263081 7.51953

-0.000266431 7.51953
-0.000509861 7.53906

5.66076 0
5.66275 0.0195312

5.66262 0.0195312
5.66406 0.0240677

5.66406 0.0240245
5.66883 0.0390625

5.66848 0.0390625
5.6798 0.0585938

5.68012 0.0585938
5.68359 0.0630624

5.68359 0.0637036
5.69763 0.078125

5.69809 0.078125
5.70312 0.0821973

5.70312 0.082288
5.72266 0.0941862

5.72266 0.094147
5.73276 0.0976562

5.73456 0.0976562
5.74219 0.100305

5.74219 0.100437
5.76172 0.103161

5.76172 0.10317
5.78125 0.102257

-0.000513656 7.53906
-0.000779839 7.55859

-0.000783889 7.55859
-0.00105714 7.57812

-0.00106124 7.57812
-0.00132526 7.59766

-0.00132915 7.59766
-0.00156794 7.61719

-0.00157137 7.61719
-0.00177028 7.63672

-0.00177299 7.63672
-0.00191973 7.65625

-0.00192148 7.65625
-0.00200715 7.67578

-0.0020078 7.67578
-0.00202757 7.69531

-0.00202703 7.69531
-0.0019807 7.71484

-0.00197898 7.71484
-0.00187106 7.73438

-0.00186831 7.73438
-0.00170776 7.75391

-0.00170421 7.75391
-0.00150363 7.77344

-0.0014996 7.77344
-0.00127413 7.79297

-0.00126995 7.79297
-0.00103602 7.8125

-0.00103199 7.8125
-0.000806027 7.83203

-0.000802447 7.83203
-0.000599658 7.85156

-0.000596751 7.85156
-0.000430115 7.87109

-0.000428053 7.87109
-0.000307507 7.89062

5.83984 0.0735917
5.83459 0.078125

5.85938 0.0475097
5.85302 0.0585938

5.83984 0.0739922
5.8533 0.0585938

5.80078 0.097244
5.79905 0.0976562

5.78125 0.102323
5.80078 0.0976607

5.82031 0.0888206
5.80144 0.0976562

5.80078 0.0978645
5.80124 0.0976562

5.82031 0.089217
5.835 0.078125

5.8718 0
5.86986 0.0195312

-0.000306392 7.89062
-0.00023829 7.91016

-0.000238155 7.91016
-0.000224998 7.92969

-0.000225838 7.92969
-0.000266217 7.94922

-0.000267977 7.94922
-0.000356689 7.96875

-0.000359245 7.96875
-0.000487659 7.98828

-0.000490834 7.98828
-0.000647486 8.00781

-0.000651053 8.00781
-0.000822456 8.02734

-0.000826143 8.02734
-0.000997787 8.04688

-0.00100129 8.04688
-0.00115879 8.06641

-0.0011618 8.06641
-0.00129214 8.08594

-0.00129436 8.08594
-0.00138707 8.10547

-0.0013883 8.10547
-0.00143645 8.125

-0.00143659 8.125
-0.00143748 8.14453

-0.00143651 8.14453
-0.0013918 8.16406

-0.00138986 8.16406
-0.00130537 8.18359

5.86999 0.0195312
5.86388 0.0390625

5.85938 0.0475817
5.86413 0.0390625

-0.0013027 8.18359
-0.00118765 8.20312

-0.00118455 8.20312
-0.00105047 8.22266

-0.00104727 8.22266
-0.000906756 8.24219

-0.000903745 8.24219
-0.000769235 8.26172

-0.000766668 8.26172
-0.000649315 8.28125

-0.000647375 8.28125
-0.000556195 8.30078

-0.000555002 8.30078
-0.000496261 8.32031

-0.000495862 8.32031
-0.000472746 8.33984

-0.000473141 8.33984
-0.000485659 8.35938

-0.000486802 8.35938
-0.000531877 8.37891

-0.000533667 8.37891
-0.000605436 8.39844

-0.000607724 8.39844
-0.000698033 8.41797

-0.000700626 8.41797
-0.000799712 8.4375

-0.000802382 8.4375
-0.000899722 8.45703

-0.000902206 8.45703
-0.000987492 8.47656

-0.000989522 8.47656
-0.00105373 8.49609

-0.00105506 8.49609
-0.00109145 8.51562

-0.00109192 8.51562
-0.00109688 8.53516

-0.00109641 8.53516
-0.00106992 8.55469

-0.00106856 8.55469
-0.00101427 8.57422

-0.00101219 8.57422
-0.000936998 8.59375

-0.000934477 8.59375
-0.000847569 8.61328

-0.000844933 8.61328
-0.000756627 8.63281

-0.000754204 8.63281
-0.000674618 8.65234

-0.000672699 8.65234
-0.000610519 8.67188

-0.000609316 8.67188
-0.000570786 8.69141

-0.000570418 8.69141
-0.000558679 8.71094

-0.000559175 8.71094
-0.00057397 8.73047

-0.000575259 8.73047
-0.000613021 8.75

-0.000614934 8.75
-0.000669258 8.76953

-0.000671545 8.76953
-0.000734034 8.78906

-0.000736388 8.78906
-0.00079776 8.80859

-0.000799851 8.80859
-0.000851215 8.82812

-0.000852736 8.82812
-0.00088687 8.84766

-0.000887598 8.84766
-0.000900001 8.86719

-0.000899837 8.86719
-0.000889379 8.88672

-0.000888366 8.88672
-0.000857401 8.90625

-0.00085573 8.90625
-0.000809625 8.92578

-0.000807592 8.92578
-0.000753757 8.94531

-0.000751701 8.94531
-0.000698312 8.96484

-0.000696561 8.96484
-0.000651234 8.98438

-0.000650046 8.98438
-0.000618663 9.00391

-0.000618191 9.00391
-0.000604074 9.02344

-0.000604355 9.02344
-0.000607886 9.04297

-0.000608839 9.04297
-0.000627551 9.0625

-0.000628986 9.0625
-0.000658104 9.08203

-0.000659758 9.08203
-0.000693108 9.10156

-0.00069469 9.10156
-0.000725799 9.12109

-0.000727039 9.12109
-0.000750262 9.14062

-0.000750961 9.14062
-0.000762418 9.16016

-0.000762482 9.16016
-0.000760648 9.17969

-0.000760101 9.17969
-0.000745943 9.19922

-0.000744929 9.19922
-0.000721566 9.21875

-0.000720309 9.21875
-0.000692285 9.23828

-0.000691038 9.23828
-0.000663359 9.25781

-0.000662353 9.25781
-0.000639526 9.27734

-0.000638931 9.27734
-0.000624158 9.29688

-0.000624057 9.29688
-0.00061873 9.31641

-0.000619107 9.31641
-0.000622673 9.33594

-0.00062342 9.33594
-0.000633629 9.35547

-0.000634569 9.35547
-0.00064805 9.375

-0.000648974 9.375
-0.000662 9.39453

-0.000662714 9.39453
-0.000672009 9.41406

-0.000672371 9.41406
-0.000675783 9.43359

-0.000675744 9.43359
-0.000672626 9.45312

-0.000672231 9.45312
-0.000663452 9.47266

-0.000662827 9.47266
-0.000650427 9.49219

-0.000649741 9.49219
-0.000636339 9.51172

-0.00063576 9.51172
-0.000623883 9.53125

-0.000623536 9.53125
-0.000615037 9.55078

-0.000614977 9.55078
-0.000610671 9.57031

-0.000610882 9.57031
-0.000610466 9.58984

-0.000610862 9.58984
-0.000613119 9.60938

-0.000613573 9.60938
-0.000616805 9.62891

-0.000617187 9.62891
-0.000619724 9.64844

-0.000619947 9.64844
-0.000620581 9.66797

-0.000620619 9.66797
-0.000618831 9.6875

-0.000618704 9.6875
-0.000614672 9.70703

-0.000614433 9.70703
-0.000608889 9.72656

-0.000608618 9.72656
-0.000602585 9.74609

-0.000602369 9.74609
-0.00059682 9.76562

-0.000596713 9.76562
-0.000592293 9.78516

-0.000592295 9.78516
-0.000589214 9.80469

-0.0005893 9.80469
-0.000587383 9.82422

-0.000587515 9.82422
-0.000586326 9.84375

-0.000586458 9.84375
-0.00058547 9.86328

-0.000585564 9.86328
-0.000584326 9.88281

-0.00058436 9.88281
-0.000582616 9.90234

-0.000582601 9.90234
-0.000580311 9.92188

-0.00058026 9.92188
-0.000577555 9.94141

-0.000577486 9.94141
-0.000574606 9.96094

-0.000574564 9.96094
-0.000571731 9.98047

-0.00057173 9.98047
-0.000569029 10

7.54497 0
7.54698 0.0195312

7.54684 0.0195312
7.55316 0.0390625

7.55276 0.0390625
7.55859 0.049037

7.55859 0.0487114
7.56458 0.0585938

7.56427 0.0585938
7.57812 0.0734271

7.57812 0.0734552
7.58476 0.078125

7.61719 0.00235788
7.63154 0.0195312

7.6361 0.0195312
7.63672 0.019837

7.63672 0.018796
7.64238 0.0195312

7.65438 0.0195312
7.65625 0.0196524

7.58511 0.078125
7.59766 0.0864707

7.59766 0.0861849
7.61719 0.0935137

7.61719 0.0932567
7.63672 0.096082

7.63672 0.0960449
7.65625 0.0949551

7.67578 0.00697731
7.66405 0.0195312

7.67578 0.00918083
7.6797 0

7.73438 0.0201475
7.72816 0.0390625

7.71484 0.0614924
7.69749 0.078125

7.7286 0.0390625
7.71672 0.0585938

7.71484 0.0612228
7.71695 0.0585938

7.65625 0.0952501
7.67578 0.0897294

7.67578 0.0898852
7.69531 0.0790322

7.69531 0.0792982
7.69692 0.078125

7.73654 0
7.73447 0.0195312

7.73438 0.0199232
7.7345 0.0195312

-0.000569033 10
-0.000566458 10.0195

-0.000566482 10.0195
-0.000563976 10.0391

-0.00056397 10.0391
-0.000561495 10.0586

-0.000561496 10.0586
-0.000559063 10.0781

-0.000559077 10.0781
-0.000556659 10.0977

-0.000556654 10.0977
-0.000554233 10.1172

-0.000554232 10.1172
-0.000551817 10.1367

-0.000551815 10.1367
-0.000549414 10.1562

-0.000549382 10.1562
-0.000544744 10.1953

-0.000544782 10.1953
-0.000542543 10.2148

-0.000542534 10.2148
-0.00054032 10.2344

-0.000540331 10.2344
-0.000538138 10.2539

-0.000538133 10.2539
-0.000535948 10.2734

-0.000535951 10.2734
-0.000533778 10.293

-0.00053378 10.293
-0.000531609 10.3125

-0.00053161 10.3125
-0.000529435 10.332

-0.000529436 10.332
-0.000527252 10.3516

-0.00052725 10.3516
-0.00052287 10.3906

-0.000522868 10.3906
-0.000520674 10.4102

-0.000520675 10.4102
-0.000518477 10.4297

-0.000518464 10.4297
-0.000514109 10.4688

-0.000514083 10.4688
-0.000509846 10.5078

-0.000509863 10.5078
-0.000505763 10.5469

-0.000505777 10.5469
-0.000501751 10.5859

-0.000501763 10.5859
-0.000499764 10.6055

-0.000499761 10.6055
-0.000497759 10.625

-0.000497762 10.625
-0.000495753 10.6445

-0.000495753 10.6445
-0.00049373 10.6641

-0.000493723 10.6641
-0.000491699 10.6836

-0.0004917 10.6836
-0.000489687 10.7031

-0.000489689 10.7031
-0.000487683 10.7227

-0.00048768 10.7227
-0.000485682 10.7422

-0.000485683 10.7422
-0.000483698 10.7617

-0.0004837 10.7617
-0.000481722 10.7812

-0.000481725 10.7812
-0.000479746 10.8008

-0.00047974 10.8008
-0.000477767 10.8203

-0.000477766 10.8203
-0.00047581 10.8398

-0.000475811 10.8398
-0.000473873 10.8594

-0.000473868 10.8594
-0.000470049 10.8984

-0.000470061 10.8984
-0.000468178 10.918

-0.000468176 10.918
-0.000466298 10.9375

-0.000466303 10.9375
-0.000464428 10.957

-0.000464427 10.957
-0.000462549 10.9766

-0.000462525 10.9766
-0.000458862 11.0156

-0.000458862 11.0156
-0.000455337 11.0547

-0.000455361 11.0547
-0.000453643 11.0742

-0.000453637 11.0742
-0.000451928 11.0938

-0.000451926 11.0938
-0.000450244 11.1133

-0.00045024 11.1133
-0.000448597 11.1328

-0.000448605 11.1328
-0.000446995 11.1523

-0.000446985 11.1523
-0.000445412 11.1719

-0.000445423 11.1719
-0.000443885 11.1914

-0.000443878 11.1914
-0.000442366 11.2109

-0.000442387 11.2109
-0.000440872 11.2305

-0.000440865 11.2305
-0.000439322 11.25

-0.000439337 11.25
-0.00043775 11.2695

-0.000437741 11.2695
-0.000436097 11.2891

-0.000436094 11.2891
-0.000434418 11.3086

-0.000434423 11.3086
-0.000432712 11.3281

-0.000432657 11.3281
-0.000429365 11.3672

-0.000429406 11.3672
-0.00042783 11.3867

-0.000427825 11.3867
-0.000426247 11.4062

-0.00042625 11.4062
-0.000424675 11.4258

-0.000424673 11.4258
-0.000423099 11.4453

-0.000423102 11.4453
-0.000421526 11.4648

-0.000421524 11.4648
-0.000419943 11.4844

-0.000419933 11.4844
-0.00041681 11.5234

-0.000416802 11.5234
-0.000413753 11.5625

-0.000413768 11.5625
-0.000412273 11.582

-0.00041227 11.582
-0.000410778 11.6016

-0.000410768 11.6016
-0.000407835 11.6406

-0.000407838 11.6406
-0.000404975 11.6797

-0.000404985 11.6797
-0.000403575 11.6992

-0.000403574 11.6992
-0.000402165 11.7188

-0.000402155 11.7188
-0.000399379 11.7578

-0.000399382 11.7578
-0.000398018 11.7773

-0.000398017 11.7773
-0.000396672 11.7969

-0.000396676 11.7969
-0.000394015 11.8359

-0.000393975 11.8359
-0.000391427 11.875

-0.000391469 11.875
-0.000390255 11.8945

-0.000390252 11.8945
-0.000389021 11.9141

-0.000389015 11.9141
-0.000386557 11.9531

-0.000386551 11.9531
-0.000384117 11.9922

-0.000384135 11.9922
-0.000381704 12.0312

-0.000381717 12.0312
-0.000379229 12.0703

-0.000379175 12.0703
-0.000376711 12.1094

-0.000376738 12.1094
-0.000375548 12.1289

-0.000375543 12.1289
-0.00037435 12.1484

-0.000374352 12.1484
-0.000373162 12.168

-0.000373161 12.168
-0.00037197 12.1875

-0.000371969 12.1875
-0.00037078 12.207

-0.000370777 12.207
-0.000369595 12.2266

-0.000369597 12.2266
-0.000368426 12.2461

-0.000368426 12.2461
-0.000367263 12.2656

-0.000367256 12.2656
-0.00036498 12.3047

-0.000364977 12.3047
-0.000363867 12.3242

-0.000363866 12.3242
-0.00036279 12.3438

-0.000362797 12.3438
-0.000360688 12.3828

-0.000360701 12.3828
-0.00035966 12.4023

-0.000359656 12.4023
-0.000358609 12.4219

-0.000358606 12.4219
-0.000356532 12.4609

-0.000356528 12.4609
-0.000354489 12.5

-0.000354486 12.5
-0.000352497 12.5391

-0.000352521 12.5391
-0.00035054 12.5781

-0.000350539 12.5781
-0.000349534 12.5977

-0.000349533 12.5977
-0.000348517 12.6172

-0.000348515 12.6172
-0.000347492 12.6367

-0.000347495 12.6367
-0.000346462 12.6562

-0.000346463 12.6562
-0.000345413 12.6758

-0.000345414 12.6758
-0.000344345 12.6953

-0.000344336 12.6953
-0.000343263 12.7148

9.76113 0
9.76457 0.0195312

9.76479 0.0195312
9.76562 0.021265

9.76562 0.0211621
9.77468 0.0390625

9.77471 0.0390625
9.78516 0.052378

9.78516 0.0519049
9.79108 0.0585938

9.79118 0.0585938
9.80469 0.0710336

9.80469 0.0710013
9.81461 0.078125

9.81343 0.078125
9.82422 0.0855921

9.82422 0.0848925
9.84375 0.0949663

9.84375 0.094494
9.85249 0.0976562

9.85023 0.0976562
9.86328 0.102378

-0.000343267 12.7148
-0.0003422 12.7344

-0.000342193 12.7344
-0.000341139 12.7539

-0.000341141 12.7539
-0.00034011 12.7734

-0.000340111 12.7734
-0.000339094 12.793

-0.000339093 12.793
-0.000338091 12.8125

-0.000338098 12.8125
-0.000337096 12.832

-0.000337097 12.832
-0.000336081 12.8516

-0.000336086 12.8516
-0.000335045 12.8711

-0.000335038 12.8711
-0.000333977 12.8906

-0.000333964 12.8906
-0.00033188 12.9297

-0.000331899 12.9297
-0.000329836 12.9688

-0.00032984 12.9688
-0.000328801 12.9883

-0.0003288 12.9883
-0.000327747 13.0078

-0.000327747 13.0078
-0.000326679 13.0273

-0.000326678 13.0273
-0.000325596 13.0469

-0.000325597 13.0469
-0.000324498 13.0664

-0.000324498 13.0664
-0.000323379 13.0859

-0.000323378 13.0859
-0.000322242 13.1055

-0.000322241 13.1055
-0.000321095 13.125

-0.000321093 13.125
-0.000319943 13.1445

-0.000319947 13.1445
-0.000318788 13.1641

-0.000318779 13.1641
-0.000316458 13.2031

-0.000316451 13.2031
-0.000314147 13.2422

-0.000314083 13.2422
-0.000311937 13.2812

-0.000311978 13.2812
-0.000311004 13.3008

-0.000311014 13.3008
-0.000310038 13.3203

-0.000310033 13.3203
-0.000309043 13.3398

-0.000309042 13.3398
-0.000308048 13.3594

-0.000308051 13.3594
-0.000307053 13.3789

-0.000307052 13.3789
-0.000306047 13.3984

-0.000306045 13.3984
-0.00030504 13.418

-0.000305041 13.418
-0.00030404 13.4375

-0.000304038 13.4375
-0.000303043 13.457

-0.000303042 13.457
-0.000302057 13.4766

-0.000302032 13.4766
-0.000300182 13.5156

-0.000300209 13.5156
-0.000299344 13.5352

-0.000299345 13.5352
-0.000298483 13.5547

-0.000298488 13.5547
-0.000297619 13.5742

-0.000297622 13.5742
-0.00029673 13.5938

-0.000296728 13.5938
-0.00029581 13.6133

-0.000295808 13.6133
-0.000294873 13.6328

-0.000294875 13.6328
-0.000293924 13.6523

-0.000293922 13.6523
-0.000292955 13.6719

-0.000292966 13.6719
-0.000291965 13.6914

-0.000291964 13.6914
-0.000290912 13.7109

-0.000290911 13.7109
-0.000289812 13.7305

-0.00028981 13.7305
-0.00028867 13.75

-0.000288655 13.75
-0.000287507 13.7695

-0.000287513 13.7695
-0.000286376 13.7891

-0.000286377 13.7891
-0.000285237 13.8086

-0.000285229 13.8086
-0.000284099 13.8281

-0.000284109 13.8281
-0.000282988 13.8477

-0.000282978 13.8477
-0.000281867 13.8672

-0.000281854 13.8672
-0.000279736 13.9062

-0.000279728 13.9062
-0.000277772 13.9453

-0.000277801 13.9453
-0.000276883 13.9648

-0.000276882 13.9648
-0.000275969 13.9844

-0.000275953 13.9844
-0.000274202 14.0234

-0.000274202 14.0234
-0.000272561 14.0625

-0.000272574 14.0625
-0.000271016 14.1016

-0.000271008 14.1016
-0.000269521 14.1406

-0.00026954 14.1406
-0.000268823 14.1602

-0.000268817 14.1602
-0.000268102 14.1797

-0.0002681 14.1797
-0.0002674 14.1992

-0.000267397 14.1992
-0.00026672 14.2188

9.86328 0.101647
9.88281 0.106484

9.88281 0.106294
9.90234 0.110105

9.90234 0.110579
9.92188 0.112797

9.98912 0
10 0.0112911

9.9969 0.0195312
10 0.0206224

9.92188 0.113288
9.94141 0.111984

9.94141 0.112233
9.96094 0.105923

9.98047 0.0954621
9.97662 0.0976562

9.96094 0.105232
9.97421 0.0976562

9.98047 0.0900955
10 0.0834822

-0.000266723 14.2188
-0.000266068 14.2383

-0.000266072 14.2383
-0.000265427 14.2578

-0.000265429 14.2578
-0.000264785 14.2773

-0.000264785 14.2773
-0.000264137 14.2969

-0.000264134 14.2969
-0.000262843 14.3359

-0.00026286 14.3359
-0.000262211 14.3555

-0.000262209 14.3555
-0.000261526 14.375

-0.000261497 14.375
-0.000260187 14.4141

-0.00026021 14.4141
-0.000258952 14.4531

-0.000258972 14.4531
-0.000258337 14.4727

-0.000258336 14.4727
-0.000257658 14.4922

-0.00025766 14.4922
-0.000256938 14.5117

-0.000256933 14.5117
-0.000256174 14.5312

-0.000256178 14.5312
-0.000255384 14.5508

-0.000255391 14.5508
-0.00025454 14.5703

-0.000254462 14.5703
-0.000252938 14.6094

-0.000253065 14.6094
-0.000251586 14.6484

-0.000251449 14.6484
-0.000250033 14.6875

-0.000250096 14.6875
-0.000249497 14.707

-0.000249497 14.707
-0.000248883 14.7266

-0.000248882 14.7266
-0.000248256 14.7461

-0.000248256 14.7461
-0.000247622 14.7656

-0.000247622 14.7656
-0.000246342 14.8047

-0.000246308 14.8047
-0.000245083 14.8438

-0.000245112 14.8438
-0.000244536 14.8633

-0.000244538 14.8633
-0.000243938 14.8828

-0.000243931 14.8828
-0.000243315 14.9023

-0.000243318 14.9023
-0.000242693 14.9219

-0.000242686 14.9219
-0.000242059 14.9414

-0.00024206 14.9414
-0.000241444 14.9609

-0.000241444 14.9609
-0.000240225 15

-0.000240238 15
-0.00023963 15.0195

-0.000239626 15.0195
-0.000239 15.0391

-0.000239001 15.0391
-0.000238362 15.0586

-0.000238364 15.0586
-0.000237705 15.0781

-0.00023769 15.0781
-0.000236384 15.1172

-0.000236391 15.1172
-0.000235104 15.1562

-0.000235109 15.1562
-0.000234465 15.1758

-0.000234464 15.1758
-0.000233813 15.1953

-0.000233811 15.1953
-0.000233156 15.2148

-0.000233156 15.2148
-0.0002325 15.2344

-0.000232469 15.2344
-0.000231286 15.2734

-0.000231292 15.2734
-0.000230288 15.3125

-0.000230299 15.3125
-0.000229441 15.3516

-0.000229461 15.3516
-0.000229073 15.3711

-0.000229071 15.3711
-0.000228686 15.3906

-0.000228689 15.3906
-0.000228304 15.4102

-0.000228304 15.4102
-0.000227914 15.4297

-0.000227919 15.4297
-0.000227516 15.4492

-0.000227517 15.4492
-0.000227088 15.4688

-0.000227082 15.4688
-0.000226637 15.4883

-0.000226641 15.4883
-0.000226183 15.5078

-0.000226166 15.5078
-0.000225272 15.5469

-0.000225282 15.5469
-0.000224851 15.5664

-0.000224852 15.5664
-0.000224413 15.5859

-0.000224398 15.5859
-0.000223556 15.625

-0.000223568 15.625
-0.000222764 15.6641

-0.000222771 15.6641
-0.000222373 15.6836

-0.00022237 15.6836
-0.000221965 15.7031

-0.000221967 15.7031
-0.000221558 15.7227

-0.000221556 15.7227
-0.000221141 15.7422

-0.000221135 15.7422
-0.000220321 15.7812

-0.000220332 15.7812
-0.000219932 15.8008

-0.000219921 15.8008
-0.000219528 15.8203

-0.000219532 15.8203
-0.000219163 15.8398

-0.000219164 15.8398
-0.000218811 15.8594

-0.000218799 15.8594
-0.000218168 15.8984

-0.000218195 15.8984
-0.000217911 15.918

-0.000217913 15.918
-0.000217603 15.9375

-0.000217609 15.9375
-0.000217259 15.957

-0.000217255 15.957
-0.000216863 15.9766

-0.000216867 15.9766
-0.000216436 15.9961

-0.000216432 15.9961
-0.000215963 16.0156

-0.000215953 16.0156
-0.000214996 16.0547

-0.000214948 16.0547
-0.00021407 16.0938

-0.000214107 16.0938
-0.000213723 16.1133

-0.000213719 16.1133
-0.000213326 16.1328

-0.000213328 16.1328
-0.00021253 16.1719

-0.000212515 16.1719
-0.000211733 16.2109

-0.00021174 16.2109
-0.00021099 16.25

-0.000211002 16.25
-0.00021063 16.2695

-0.000210626 16.2695
-0.000210241 16.2891

-0.000210241 16.2891
-0.000209457 16.3281

-0.000209458 16.3281
-0.000208653 16.3672

-0.000208658 16.3672
-0.000208245 16.3867

-0.000208244 16.3867
-0.000207814 16.4062

-0.000207804 16.4062
-0.000206953 16.4453

-0.000206951 16.4453
-0.000206125 16.4844

-0.00020613 16.4844
-0.00020532 16.5234

-0.000205316 16.5234
-0.000204915 16.543

-0.000204913 16.543
-0.00020453 16.5625

-0.000204538 16.5625
-0.00020416 16.582

-0.000204154 16.582
-0.000203778 16.6016

-0.000203777 16.6016
-0.000203415 16.6211

-0.000203423 16.6211
-0.000203062 16.6406

-0.000203058 16.6406
-0.00020269 16.6602

-0.000202693 16.6602
-0.000202318 16.6797

-0.000202315 16.6797
-0.000201555 16.7188

-0.000201533 16.7188
-0.000200808 16.7578

-0.000200824 16.7578
-0.000200146 16.7969

-0.000200158 16.7969
-0.00019982 16.8164

-0.000199818 16.8164
-0.000199461 16.8359

-0.000199451 16.8359
-0.000198743 16.875

-0.000198749 16.875
-0.000198044 16.9141

-0.000198049 16.9141
-0.000197324 16.9531

-0.000197327 16.9531
-0.000196567 16.9922

-0.00019656 16.9922
-0.000196167 17.0117

-0.000196166 17.0117
-0.000195774 17.0312

-0.000195768 17.0312
-0.000195391 17.0508

-0.000195397 17.0508
-0.000195034 17.0703

-0.000194997 17.0703
-0.000194428 17.1094

-0.00019448 17.1094
-0.000194268 17.1289

-0.000194267 17.1289
-0.000194023 17.1484

-0.000194025 17.1484
-0.000193747 17.168

-0.000193743 17.168
-0.000193436 17.1875

-0.000193435 17.1875
-0.000192787 17.2266

-0.00019279 17.2266
-0.000192448 17.2461

-0.000192449 17.2461
-0.000192083 17.2656

-0.000192073 17.2656
-0.0001917 17.2852

-0.000191705 17.2852
-0.000191336 17.3047

-0.00019132 17.3047
-0.000190634 17.3438

-0.000190658 17.3438
-0.000190338 17.3633

-0.000190337 17.3633
-0.000189994 17.3828

-0.00018999 17.3828
-0.000189635 17.4023

-0.000189637 17.4023
-0.000189272 17.4219

-0.00018927 17.4219
-0.000188894 17.4414

-0.00018889 17.4414
-0.000188513 17.4609

-0.000188513 17.4609
-0.000188142 17.4805

-0.000188138 17.4805
-0.000187783 17.5

-0.000187787 17.5
-0.000187447 17.5195

-0.000187446 17.5195
-0.000187116 17.5391

-0.000187118 17.5391
-0.000186796 17.5586

-0.000186797 17.5586
-0.000186478 17.5781

-0.000186466 17.5781
-0.000185882 17.6172

-0.000185872 17.6172
-0.000185384 17.6562

-0.00018538 17.6562
-0.000185012 17.6953

-0.000185037 17.6953
-0.000184894 17.7148

-0.000184893 17.7148
-0.000184744 17.7344

-0.000184729 17.7344
-0.000184482 17.7734

-0.000184475 17.7734
-0.00018432 17.8125

-0.000184346 17.8125
-0.000184301 17.832

-0.0001843 17.832
-0.000184234 17.8516

-0.000184217 17.8516
-0.000184112 17.8906

-0.000184123 17.8906
-0.000184087 17.9102

-0.000184083 17.9102
-0.000184049 17.9297

-0.00018405 17.9297
-0.000184021 17.9492

-0.000184016 17.9492
-0.000184003 17.9688

-0.000184009 17.9688
-0.000184011 17.9883

-0.00018401 17.9883
-0.000184016 18.0078

-0.000184017 18.0078
-0.000184027 18.0273

-0.000184024 18.0273
-0.000184043 18.0469

-0.000184037 18.0469
-0.000184128 18.0859

-0.000184148 18.0859
-0.000184214 18.1055

-0.000184212 18.1055
-0.000184263 18.125

-0.000184269 18.125
-0.000184295 18.1445

-0.000184295 18.1445
-0.000184284 18.1641

-0.000184283 18.1641
-0.000184236 18.1836

-0.000184235 18.1836
-0.000184157 18.2031

-0.000184151 18.2031
-0.000184056 18.2227

-0.000184061 18.2227
-0.00018395 18.2422

-0.000183939 18.2422
-0.000183705 18.2812

-0.000183683 18.2812
-0.000183491 18.3203

-0.000183501 18.3203
-0.000183374 18.3594

-0.000183378 18.3594
-0.000183287 18.3984

-0.000183302 18.3984
-0.000183261 18.418

-0.00018326 18.418
-0.000183195 18.4375

-0.000183193 18.4375
-0.000183113 18.457

-0.000183111 18.457
-0.000183022 18.4766

-0.000183009 18.4766
-0.000182939 18.4961

-0.000182936 18.4961
-0.000182918 18.5156

-0.000182943 18.5156
-0.000182933 18.5352

-0.000182933 18.5352
-0.000182881 18.5547

-0.000182815 18.5547
-0.000182892 18.5938

-0.000182961 18.5938
-0.000183089 18.6133

-0.000183085 18.6133
-0.000183172 18.6328

-0.000183157 18.6328
-0.000183325 18.6719

-0.000183333 18.6719
-0.000183417 18.6914

-0.000183413 18.6914
-0.00018349 18.7109

-0.000183504 18.7109
-0.000183554 18.7305

-0.000183544 18.7305
-0.000183557 18.75

-0.000183549 18.75
-0.000183572 18.7891

-0.000183543 18.7891
-0.000183628 18.8281

-0.000183638 18.8281
-0.000183822 18.8672

-0.000183848 18.8672
-0.00018396 18.8867

-0.00018396 18.8867
-0.000184042 18.9062

-0.000184034 18.9062
-0.00018417 18.9453

-0.00018417 18.9453
-0.000184228 18.9648

-0.00018423 18.9648
-0.000184273 18.9844

-0.000184266 18.9844
-0.000184303 19.0039

-0.000184307 19.0039
-0.000184343 19.0234

-0.000184299 19.0234
-0.00018453 19.0625

-0.000184574 19.0625
-0.000184768 19.082

-0.000184767 19.082
-0.000184954 19.1016

-0.000184952 19.1016
-0.000185139 19.1211

-0.000185146 19.1211
-0.000185321 19.1406

-0.00018532 19.1406
-0.000185469 19.1602

-0.000185464 19.1602
-0.000185596 19.1797

-0.000185606 19.1797
-0.000185712 19.1992

-0.000185711 19.1992
-0.000185777 19.2188

-0.00018577 19.2188
-0.000185812 19.2383

-0.000185817 19.2383
-0.000185838 19.2578

-0.000185825 19.2578
-0.000185855 19.2969

-0.000185814 19.2969
-0.000185924 19.3359

-0.000185941 19.3359
-0.000186179 19.375

-0.000186199 19.375
-0.000186348 19.3945

-0.000186347 19.3945
-0.000186488 19.4141

-0.000186489 19.4141
-0.000186621 19.4336

-0.000186616 19.4336
-0.000186747 19.4531

-0.000186752 19.4531
-0.000186883 19.4727

-0.000186884 19.4727
-0.000187003 19.4922

-0.000187001 19.4922
-0.000187108 19.5117

-0.000187107 19.5117
-0.000187208 19.5312

-0.000187203 19.5312
-0.000187422 19.5703

-0.000187439 19.5703
-0.000187552 19.5898

-0.000187551 19.5898
-0.000187637 19.6094

-0.000187635 19.6094
-0.0001877 19.6289

-0.0001877 19.6289
-0.000187747 19.6484

-0.000187742 19.6484
-0.000187777 19.668

-0.000187779 19.668
-0.000187809 19.6875

-0.000187808 19.6875
-0.000187858 19.7266

-0.000187878 19.7266
-0.000187875 19.7656

-0.000187805 19.7656
-0.000187847 19.8047

-0.000187909 19.8047
-0.000188011 19.8438

-0.000188007 19.8438
-0.000188035 19.8633

-0.000188034 19.8633
-0.000188049 19.8828

-0.000188049 19.8828
-0.000188052 19.9023

-0.000188053 19.9023
-0.000188043 19.9219

-0.000188031 19.9219
-0.000188027 19.9609

-0.000188036 19.9609
-0.000188044 19.9805

-0.000188042 19.9805
-0.000188044 20

0.116205 0
0.117188 0.00291172

0.117188 0.00424538
0.136719 0.0176492

0.135629 0.0195312
0.136719 0.0197805

0.136719 0.0187344
0.150494 0

0.230233 0
0.230023 0.0195312

0.229935 0.0195312
0.229485 0.0390625

0.22943 0.0390625
0.229026 0.0585938

0.229047 0.0585938
0.228758 0.078125

0.228796 0.078125
0.228504 0.0976562

0.228521 0.0976562
0.228116 0.117188

0.228107 0.117188
0.227574 0.136719

0.227549 0.136719
0.226957 0.15625

0.282589 0
0.292969 0.00321818

0.292969 0.00397631
0.294905 0

0.226947 0.15625
0.226365 0.175781

0.226394 0.175781
0.225786 0.195312

0.225822 0.195312
0.225057 0.214844

0.22505 0.214844
0.224071 0.234375

0.224028 0.234375
0.222934 0.253906

0.22291 0.253906
0.221833 0.273438

0.221865 0.273438
0.22079 0.292969

0.220847 0.292969
0.219598 0.3125

0.15625 0.615962
0.15182 0.625

0.219597 0.3125
0.218062 0.332031

0.218007 0.332031
0.216301 0.351562

0.214844 0.36784
0.214557 0.371094

0.214614 0.371094
0.212807 0.390625

0.214844 0.367845
0.216279 0.351562

0.212874 0.390625
0.210738 0.410156

0.210734 0.410156
0.208143 0.429688

0.20808 0.429688
0.205163 0.449219

0.205171 0.449219
0.202037 0.46875

0.195312 0.504389
0.194592 0.507812

0.194637 0.507812
0.189639 0.527344

0.189561 0.527344
0.183709 0.546875

0.202098 0.46875
0.198612 0.488281

0.195312 0.504298
0.198682 0.488281

0.175781 0.57038
0.169784 0.585938

0.183729 0.546875
0.17714 0.566406

0.175781 0.568927
0.176753 0.566406

0.16965 0.585938
0.161101 0.605469

0.15625 0.614973
0.160908 0.605469

0.441892 0
0.443525 0.0195312

0.44318 0.0195312
0.448768 0.0390625

0.446613 0.0390625
0.449219 0.0436834

0.449219 0.0433383
0.461959 0.0585938

0.462551 0.0585938
0.46875 0.0632924

0.46875 0.0643482
0.488281 0.0707205

0.488281 0.0706391
0.507812 0.0635778

0.527344 0.0375162
0.526921 0.0390625

0.532541 0
0.531308 0.0195312

0.527344 0.0369853
0.532114 0.0195312

0.527344 0.0414774
0.513432 0.0585938

0.507812 0.063897
0.514543 0.0585938

0.0195312 0.770114
0.00750836 0.78125

0.0390625 0.752589
0.028671 0.761719

0.0195312 0.770164
0.0289686 0.761719

0.0585938 0.735586
0.0509383 0.742188

0.078125 0.718165
0.0731914 0.722656

0.0585938 0.736058
0.0737034 0.722656

0.0390625 0.752771
0.0514075 0.742188

0.0976562 0.699249
0.0938862 0.703125

0.117188 0.677299
0.112088 0.683594

0.0976562 0.699777
0.112332 0.683594

0.136719 0.650699
0.127749 0.664062

0.151769 0.625
0.140694 0.644531

0.136719 0.650328
0.140487 0.644531

0.117188 0.677578
0.127731 0.664062

0.078125 0.71872
0.0943201 0.703125

0 0.788514
0.00762365 0.78125

0.764113 0
0.765664 0.0195312

0.765641 0.0195312
0.770339 0.0390625

0.770289 0.0390625
0.778283 0.0585938

0.777408 0.0585938
0.78125 0.0649821

0.78125 0.0634259
0.79017 0.078125

0.791034 0.078125
0.800781 0.0901641

0.800781 0.0945014
0.80344 0.0976562

0.806716 0.0976562
0.820312 0.111183

0.820312 0.112435
0.826232 0.117188

0.826763 0.117188
0.839844 0.127226

0.839844 0.127291
0.858049 0.136719

0.858227 0.136719
0.859375 0.137292

0.859375 0.137026
0.878906 0.143088

0.878906 0.143357
0.898438 0.145573

0.898438 0.145497
0.917969 0.143481

0.917969 0.143641
0.9375 0.137224

1.01562 0.0265266
1.01328 0.0390625

1.01334 0.0390625
1.00696 0.0585938

1.00701 0.0585938
0.997741 0.078125

0.976562 0.107797
0.967122 0.117188

0.957031 0.12586
0.938685 0.136719

0.9375 0.137605
0.939161 0.136719

0.957031 0.125982
0.96766 0.117188

0.996094 0.0812171
0.985137 0.0976562

0.976562 0.107432
0.984742 0.0976562

0.996094 0.0810921
0.997899 0.078125

1.01802 0
1.01687 0.0195312

1.01562 0.0269695
1.01701 0.0195312

1.76077 0
1.76218 0.0195312

1.76213 0.0195312
1.76645 0.0390625

1.76636 0.0390625
1.77387 0.0585938

1.77383 0.0585938
1.77734 0.0648541

1.77734 0.0649235
1.78487 0.078125

1.78479 0.078125
1.79688 0.0936531

1.79688 0.093907
1.80003 0.0976562

1.80015 0.0976562
1.81641 0.113691

1.81641 0.113886
1.82042 0.117188

1.82093 0.117188
1.83594 0.12877

1.83594 0.128699
1.84913 0.136719

1.85001 0.136719
1.85547 0.139988

1.85547 0.140269
1.875 0.149837

1.875 0.150082
1.89205 0.15625

1.96541 0
1.97266 0.0186521

1.9667 0.0195312
1.97266 0.0248965

1.97266 0.0162772
1.99219 0.00369505

1.97266 0.0242731
1.99219 0.020018

1.97201 0.0390625
1.97266 0.039458

1.99219 0.146339
1.97292 0.15625

2.03125 0.10601
2.02424 0.117188

2.01172 0.130908
2.00504 0.136719

1.99219 0.146648
2.00503 0.136719

2.01172 0.130451
2.02339 0.117188

1.89235 0.15625
1.89453 0.15704

1.89453 0.157046
1.91406 0.161327

1.91406 0.161388
1.93359 0.162941

1.93359 0.163066
1.95312 0.161522

1.95312 0.16181
1.97266 0.156343

2.05442 0
2.05367 0.0195312

2.05347 0.0195312
2.05162 0.0390625

2.05078 0.0461831
2.04881 0.0585938

2.04912 0.0585938
2.04354 0.078125

2.05078 0.0459537
2.05188 0.0390625

2.0433 0.078125
2.03505 0.0976562

2.03125 0.103774
2.03493 0.0976562

