-5.90104 0
-5.89844 0.00685452

-5.89844 0.00817618
-5.89362 0.0195312

-5.89119 0.0195312
-5.87891 0.0315387

-5.87891 0.0348177
-5.86265 0.0390625

-5.86522 0.0390625
-5.85938 0.0403792

-5.85938 0.0380452
-5.83984 0.0261277

-5.82628 0
-5.83309 0.0195312

-5.83984 0.0319145
-5.8288 0.0195312

-5.85938 0.039577
-5.85799 0.0390625

0.00982935 3.75
0.0148859 3.76953

0.0148965 3.76953
0.0195312 3.7882

0.0195312 3.78861
0.0196424 3.78906

0.019743 3.78906
0.024365 3.80859

0.0243711 3.80859
0.028751 3.82812

0.0287542 3.82812
0.0328731 3.84766

0.0328733 3.84766
0.0367242 3.86719

0.0367356 3.86719
0.0390625 3.87986

0.0390625 3.88007
0.0402835 3.88672

0.0403088 3.88672
0.043631 3.90625

0.0436292 3.90625
0.0466906 3.92578

0.0466875 3.92578
0.0494982 3.94531

0.0494933 3.94531
0.0520697 3.96484

0.0520633 3.96484
0.054428 3.98438

0.0544214 3.98438
0.0566003 4.00391

0.0565903 4.00391
0.0585938 4.02326

0.0585938 4.02247
0.0586942 4.02344

0.0586091 4.02344
0.0604983 4.04297

0.0604907 4.04297
0.0622731 4.0625

0.0622668 4.0625
0.0639702 4.08203

0.0639647 4.08203
0.0656128 4.10156

0.0656087 4.10156
0.0672206 4.12109

0.0672182 4.12109
0.0688069 4.14062

0.0688065 4.14062
0.0703774 4.16016

0.0703789 4.16016
0.07193 4.17969

0.0719331 4.17969
0.0734551 4.19922

0.0734594 4.19922
0.0749375 4.21875

0.0749429 4.21875
0.0763578 4.23828

0.0763637 4.23828
0.0776928 4.25781

0.0777017 4.25781
0.078125 4.26458

0.078125 4.26468
0.0789172 4.27734

0.078925 4.27734
0.0800189 4.29688

0.0800237 4.29688
0.0809691 4.31641

0.080973 4.31641
0.0817527 4.33594

0.0817552 4.33594
0.0823565 4.35547

0.0823576 4.35547
0.082773 4.375

0.0827726 4.375
0.0830008 4.39453

0.0829988 4.39453
0.0830445 4.41406

0.0830412 4.41406
0.0829153 4.43359

0.0829109 4.43359
0.082629 4.45312

0.0826238 4.45312
0.082205 4.47266

0.0821994 4.47266
0.0816653 4.49219

0.0816599 4.49219
0.0810324 4.51172

0.0810278 4.51172
0.0803267 4.53125

0.078125 4.58518
0.0779235 4.58984

0.0779128 4.58984
0.0770302 4.60938

0.0770317 4.60938
0.0761059 4.62891

0.0761083 4.62891
0.0751318 4.64844

0.0751346 4.64844
0.074097 4.66797

0.0741003 4.66797
0.0729894 4.6875

0.0803233 4.53125
0.0795645 4.55078

0.0795622 4.55078
0.0787572 4.57031

0.078125 4.58483
0.0787522 4.57031

0.0729925 4.6875
0.0717956 4.70703

0.0717979 4.70703
0.0705039 4.72656

0.070505 4.72656
0.069107 4.74609

0.0691069 4.74609
0.0676026 4.76562

0.0676014 4.76562
0.0659934 4.78516

0.065991 4.78516
0.0642867 4.80469

0.0642827 4.80469
0.0624949 4.82422

0.0624909 4.82422
0.0606355 4.84375

0.0585938 4.86459
0.0567795 4.88281

0.0606309 4.84375
0.0587251 4.86328

0.0585938 4.86457
0.0587222 4.86328

0.0567773 4.88281
0.0548019 4.90234

0.0548014 4.90234
0.0528 4.92188

0.0528006 4.92188
0.050773 4.94141

0.0507742 4.94141
0.0487165 4.96094

0.0487182 4.96094
0.0466246 4.98047

0.046626 4.98047
0.0444902 5

-2.22763 0
-2.22656 0.00296875

-2.22656 4.31776e-05
-2.20703 0.00403364

-2.20703 0.00575468
-2.20438 0

-2.12912 0
-2.12891 0.000630136

-2.12891 0.00260683
-2.10938 0.00256839

2.57812 0.0691884
2.57259 0.078125

2.53906 0.111623
2.53074 0.117188

2.5 0.134406
2.51953 0.124692

2.51953 0.125063
2.5314 0.117188

2.55859 0.09487
2.55584 0.0976562

2.53906 0.112001
2.55532 0.0976562

2.55859 0.094412
2.57253 0.078125

2.59766 0.012252
2.59708 0.0195312

2.59715 0.0195312
2.5924 0.0390625

2.59766 0.0128874
2.59868 0

2.59247 0.0390625
2.58432 0.0585938

2.57812 0.0686915
2.58433 0.0585938

-1.81012 0
-1.79688 0.00798565

-1.79688 0.0089196
-1.79091 0

-1.72005 0
-1.71875 0.0034529

-1.71875 0.00257438
-1.69922 0.00108281

-1.69922 0.00143857
-1.69873 0

-1.54334 0
-1.54297 0.00112192

-1.53596 0
-1.52344 0.0123854

-1.52344 0.0124062
-1.51107 0

-1.50391 0.00119682
-1.5035 0

-1.14757 0
-1.14373 0.0195312

-1.14461 0.0195312
-1.13281 0.0370659

-1.13584 0.0390625
-1.13281 0.0422066

-1.13281 0.0367171
-1.13064 0.0390625

-1.13111 0.0390625
-1.11328 0.051877

-1.11328 0.0509038
-1.09375 0.0553896

-1.09375 0.0553522
-1.07422 0.0521524

-1.07422 0.053307
-1.05469 0.040187

-1.03764 0
-1.04128 0.0195312

-1.03997 0.0195312
-1.05349 0.0390625

-1.05469 0.0399887
-1.05375 0.0390625

-0.962981 0
-0.957031 0.0035581

-0.957031 0.00398056
-0.954383 0

0 1.19411
-0.00172543 1.21094

-0.0017252 1.21094
-0.00377893 1.23047

-0.00377937 1.23047
-0.00588339 1.25

-0.00588414 1.25
-0.00803605 1.26953

-0.00803686 1.26953
-0.0102336 1.28906

-0.010234 1.28906
-0.0124729 1.30859

-0.0124729 1.30859
-0.0147532 1.32812

-0.0147531 1.32812
-0.017075 1.34766

-0.017075 1.34766
-0.0194388 1.36719

-0.0195312 1.36796
-0.0218464 1.38672

-0.0218435 1.38672
-0.0243103 1.40625

-0.0195312 1.36792
-0.0194403 1.36719

-0.0243049 1.40625
-0.0268457 1.42578

-0.0268397 1.42578
-0.0294773 1.44531

-0.0294736 1.44531
-0.0322272 1.46484

-0.0322282 1.46484
-0.0351029 1.48438

-0.0390625 1.51006
-0.0411637 1.52344

-0.0411678 1.52344
-0.0443013 1.54297

-0.0443012 1.54297
-0.0474934 1.5625

-0.0351085 1.48438
-0.0380909 1.50391

-0.0390625 1.51005
-0.0380973 1.50391

-0.0474901 1.5625
-0.0507477 1.58203

-0.050744 1.58203
-0.0540809 1.60156

-0.0585938 1.62713
-0.0610234 1.64062

-0.0540793 1.60156
-0.0575059 1.62109

-0.0585938 1.62712
-0.0575086 1.62109

-0.0610231 1.64062
-0.0646319 1.66016

-0.0646297 1.66016
-0.0683363 1.67969

-0.0683343 1.67969
-0.0721471 1.69922

-0.0721478 1.69922
-0.0760696 1.71875

-0.078125 1.72876
-0.0800861 1.73828

-0.0800972 1.73828
-0.0842179 1.75781

-0.0842185 1.75781
-0.088433 1.77734

-0.0884317 1.77734
-0.0927412 1.79688

-0.0976562 1.81861
-0.101652 1.83594

-0.0927411 1.79688
-0.0971485 1.81641

-0.0976562 1.81858
-0.0971551 1.81641

-0.101652 1.83594
-0.106248 1.85547

-0.106248 1.85547
-0.11094 1.875

-0.078125 1.72866
-0.0760823 1.71875

0.0390625 5.04777
0.0378014 5.05859

0.0377978 5.05859
0.0354825 5.07812

0.0444911 5
0.0423084 5.01953

0.0423089 5.01953
0.0400764 5.03906

0.0390625 5.04768
0.040067 5.03906

0.0354808 5.07812
0.0331275 5.09766

0.0331246 5.09766
0.0307426 5.11719

0.0307404 5.11719
0.0283397 5.13672

0.0283379 5.13672
0.0259263 5.15625

-0.15625 2.04544
-0.157788 2.05078

0.0259254 5.15625
0.0235081 5.17578

0.023507 5.17578
0.0210883 5.19531

0.0195312 5.20801
0.0186868 5.21484

0.0186734 5.21484
0.0162645 5.23438

0.0195312 5.20783
0.0210783 5.19531

0.0162651 5.23438
0.0138577 5.25391

0.0138572 5.25391
0.011451 5.27344

0.0114503 5.27344
0.00904771 5.29297

0.00904696 5.29297
0.00665089 5.3125

0.00664964 5.3125
0.00426407 5.33203

0.00426187 5.33203
0.00189367 5.35156

0 5.3673
0.00188657 5.35156

-0.157836 2.05078
-0.163558 2.07031

-0.163555 2.07031
-0.16939 2.08984

-0.169395 2.08984
-0.175339 2.10938

-0.195312 2.17284
-0.200018 2.1875

-0.175781 2.11081
-0.181383 2.12891

-0.181389 2.12891
-0.187527 2.14844

-0.175781 2.1108
-0.175339 2.10938

-0.187528 2.14844
-0.193744 2.16797

-0.195312 2.17277
-0.193773 2.16797

-0.117188 1.90032
-0.120638 1.91406

-0.120641 1.91406
-0.125649 1.93359

-0.125651 1.93359
-0.130766 1.95312

-0.110935 1.875
-0.115735 1.89453

-0.117188 1.90023
-0.115757 1.89453

-0.136719 1.97537
-0.141286 1.99219

-0.13077 1.95312
-0.135984 1.97266

-0.136719 1.97532
-0.135994 1.97266

-0.14128 1.99219
-0.146687 2.01172

-0.146689 2.01172
-0.152212 2.03125

-0.15625 2.04518
-0.152239 2.03125

-0.234375 2.29436
-0.237621 2.30469

-0.237635 2.30469
-0.243643 2.32422

-0.243646 2.32422
-0.249537 2.34375

-0.20002 2.1875
-0.206322 2.20703

-0.206328 2.20703
-0.212662 2.22656

-0.214844 2.23329
-0.218983 2.24609

-0.218986 2.24609
-0.22525 2.26562

-0.214844 2.23318
-0.212705 2.22656

-0.225253 2.26562
-0.231481 2.28516

-0.234375 2.29421
-0.231531 2.28516

-0.253906 2.35873
-0.255245 2.36328

-0.255286 2.36328
-0.260858 2.38281

-0.253906 2.35852
-0.249566 2.34375

-0.260865 2.38281
-0.266262 2.40234

-0.266274 2.40234
-0.27146 2.42188

-0.273438 2.42969
-0.276393 2.44141

-0.276398 2.44141
-0.281051 2.46094

-0.281056 2.46094
-0.285431 2.48047

-0.285444 2.48047
-0.289507 2.5

-0.273438 2.42961
-0.271485 2.42188

0 6.32605
0.000177534 6.32812

0.00019935 6.32812
0.00182025 6.34766

0.00182187 6.34766
0.00338489 6.36719

0.00338642 6.36719
0.00488525 6.38672

0.00488672 6.38672
0.00631534 6.40625

0.00631668 6.40625
0.00766948 6.42578

0.00767069 6.42578
0.00894257 6.44531

0.00894365 6.44531
0.01013 6.46484

0.010131 6.46484
0.0112277 6.48438

0.0112286 6.48438
0.0122321 6.50391

0.0122328 6.50391
0.0131401 6.52344

0.0131407 6.52344
0.0139493 6.54297

0.0139497 6.54297
0.0146578 6.5625

0.0146581 6.5625
0.0152641 6.58203

0.0152643 6.58203
0.0157675 6.60156

0.0157676 6.60156
0.0161676 6.62109

0.0161675 6.62109
0.0164644 6.64062

0.0164642 6.64062
0.0166585 6.66016

0.0166582 6.66016
0.0167506 6.67969

0.0167503 6.67969
0.0167419 6.69922

0.0167415 6.69922
0.0166338 6.71875

0.0166333 6.71875
0.016428 6.73828

0.0164274 6.73828
0.0161265 6.75781

0.0161259 6.75781
0.0157316 6.77734

0.0157309 6.77734
0.0152459 6.79688

0.0152452 6.79688
0.0146726 6.81641

0.0146717 6.81641
0.0140147 6.83594

0.0140136 6.83594
0.0132758 6.85547

0.0132747 6.85547
0.0124605 6.875

0.0124593 6.875
0.0115734 6.89453

0.011572 6.89453
0.0106193 6.91406

0.0106177 6.91406
0.00960431 6.93359

0.00960262 6.93359
0.00853524 6.95312

0.00853349 6.95312
0.00741898 6.97266

0.00741686 6.97266
0.00626294 6.99219

0.0062606 6.99219
0.00507618 7.01172

0.00507402 7.01172
0.00386807 7.03125

0.00386571 7.03125
0.00264726 7.05078

0.00264459 7.05078
0.0014237 7.07031

0.00142093 7.07031
0.000208526 7.08984

-0.292969 2.51831
-0.2932 2.51953

-0.293225 2.51953
-0.296508 2.53906

-0.292969 2.51821
-0.289523 2.5

-0.296515 2.53906
-0.299356 2.55859

-0.299362 2.55859
-0.301732 2.57812

-0.30174 2.57812
-0.303612 2.59766

-0.303617 2.59766
-0.304962 2.61719

-0.304965 2.61719
-0.305768 2.63672

-0.305771 2.63672
-0.306024 2.65625

-0.306032 2.65625
-0.305712 2.67578

-0.305728 2.67578
-0.304785 2.69531

-0.304803 2.69531
-0.303168 2.71484

-0.303174 2.71484
-0.3008 2.73438

-0.300797 2.73438
-0.29768 2.75391

-0.297668 2.75391
-0.293836 2.77344

-0.293821 2.77344
-0.292969 2.77712

-0.292969 2.77719
-0.289318 2.79297

-0.289346 2.79297
-0.284087 2.8125

0 7.09319
0.000204947 7.08984

-0.284068 2.8125
-0.278043 2.83203

-0.277913 2.83203
-0.273438 2.84517

-0.273438 2.84592
-0.271515 2.85156

-0.27135 2.85156
-0.264158 2.87109

-0.264121 2.87109
-0.256441 2.89062

-0.256322 2.89062
-0.253906 2.8965

-0.253906 2.89681
-0.248417 2.91016

-0.248381 2.91016
-0.24006 2.92969

-0.239905 2.92969
-0.234375 2.94241

-0.234375 2.94306
-0.231696 2.94922

-0.231513 2.94922
-0.22297 2.96875

-0.222919 2.96875
-0.214844 2.98725

-0.214844 2.98803
-0.214736 2.98828

-0.21441 2.98828
-0.205982 3.00781

-0.205967 3.00781
-0.197657 3.02734

-0.197588 3.02734
-0.195312 3.03281

-0.195312 3.033
-0.189529 3.04688

-0.189508 3.04688
-0.181562 3.06641

-0.181515 3.06641
-0.175781 3.08088

-0.175781 3.08126
-0.173927 3.08594

-0.173816 3.08594
-0.166295 3.10547

-0.166295 3.10547
-0.158989 3.125

0 7.72529
0.000400596 7.73438

0.000405694 7.73438
0.00123147 7.75391

0.00123339 7.75391
0.00201588 7.77344

0.0020177 7.77344
0.00274943 7.79297

0.00275109 7.79297
0.00342511 7.8125

0.0034266 7.8125
0.00403659 7.83203

0.00403791 7.83203
0.00457826 7.85156

0.00457938 7.85156
0.00504523 7.87109

0.00504613 7.87109
0.00543343 7.89062

0.00543413 7.89062
0.00573969 7.91016

0.00574017 7.91016
0.00596166 7.92969

0.00596189 7.92969
0.00609789 7.94922

0.00609792 7.94922
0.00614792 7.96875

0.00614773 7.96875
0.00611207 7.98828

0.00611162 7.98828
0.00599162 8.00781

0.00599095 8.00781
0.00578885 8.02734

0.00578797 8.02734
0.00550684 8.04688

0.00550567 8.04688
0.00514964 8.06641

0.00514825 8.06641
0.00472241 8.08594

0.00472084 8.08594
0.00423112 8.10547

0.00422921 8.10547
0.00368256 8.125

0.00368043 8.125
0.00308495 8.14453

0.00308275 8.14453
0.00244711 8.16406

0.00244457 8.16406
0.00177824 8.18359

0.00177556 8.18359
0.00108898 8.20312

0.00108646 8.20312
0.000390033 8.22266

0 8.2335
0.000386302 8.22266

0 8.73728
0.000328902 8.75

0.000332044 8.75
0.000804838 8.76953

0.000806753 8.76953
0.0012395 8.78906

0.00124121 8.78906
0.00162666 8.80859

0.00162812 8.80859
0.00195994 8.82812

0.00196111 8.82812
0.00223402 8.84766

0.0022349 8.84766
0.00244476 8.86719

0.00244533 8.86719
0.00258925 8.88672

0.00258949 8.88672
0.0026659 8.90625

0.00266581 8.90625
0.00267441 8.92578

0.00267398 8.92578
0.00261583 8.94531

0.00261504 8.94531
0.00249259 8.96484

0.0024915 8.96484
0.00230847 8.98438

0.00230706 8.98438
0.00206846 9.00391

0.00206675 9.00391
0.00177884 9.02344

0.00177695 9.02344
0.0014469 9.04297

0.00144476 9.04297
0.00108062 9.0625

0.00107831 9.0625
0.000688999 9.08203

0.000686739 9.08203
0.000281382 9.10156

0 9.11478
0.000278719 9.10156

0 9.56078
0.000136796 9.57031

0.000140285 9.57031
0.000393058 9.58984

0.000394452 9.58984
0.000613724 9.60938

0.000614857 9.60938
0.000795574 9.62891

0.000796416 9.62891
0.000934629 9.64844

0.000935143 9.64844
0.00102814 9.66797

0.00102832 9.66797
0.00107471 9.6875

0.00107457 9.6875
0.00107427 9.70703

0.00107378 9.70703
0.00102808 9.72656

0.00102728 9.72656
0.000938754 9.74609

0.000937684 9.74609
0.000810066 9.76562

0.000808695 9.76562
0.00064687 9.78516

0.000645333 9.78516
0.000455113 9.80469

0.000453451 9.80469
0.000241236 9.82422

0.000239305 9.82422
1.22805e-05 9.84375

0 9.84465
1.08259e-05 9.84375

5.79214 0
5.79386 0.0195312

5.79377 0.0195312
5.79913 0.0390625

5.7989 0.0390625
5.80078 0.0429372

5.80078 0.0428829
5.80855 0.0585938

5.80815 0.0585938
5.82031 0.0742955

5.82031 0.0743212
5.82367 0.078125

5.82368 0.078125
5.83984 0.0923218

5.83984 0.0926507
5.8485 0.0976562

5.85012 0.0976562
5.85938 0.102933

5.85938 0.103041
5.87891 0.109494

5.87891 0.109383
5.89844 0.112024

5.89844 0.112002
5.91797 0.111093

5.91797 0.111155
5.9375 0.106615

6.01416 0
6.01242 0.0195312

6.0125 0.0195312
6.0071 0.0390625

5.99609 0.0612703
5.98258 0.078125

6.00734 0.0390625
5.99764 0.0585938

5.99609 0.0614862
5.99799 0.0585938

5.95703 0.0973892
5.95644 0.0976562

5.9375 0.10686
5.95703 0.098083

5.97656 0.0840549
5.95839 0.0976562

5.95703 0.0978706
5.95739 0.0976562

5.97656 0.0840748
5.98268 0.078125

-0.158956 3.125
-0.15625 3.13246

-0.15625 3.1326
-0.151919 3.14453

-0.1519 3.14453
-0.145028 3.16406

-0.145029 3.16406
-0.138371 3.18359

-0.138352 3.18359
-0.136719 3.18854

-0.136719 3.18861
-0.131933 3.20312

-0.131922 3.20312
-0.125711 3.22266

-0.125708 3.22266
-0.119745 3.24219

-0.119726 3.24219
-0.117188 3.25087

-0.117188 3.25099
-0.114049 3.26172

-0.11403 3.26172
-0.108575 3.28125

-0.108574 3.28125
-0.103383 3.30078

-0.103387 3.30078
-0.0984538 3.32031

-0.0984643 3.32031
-0.0976562 3.32367

-0.0976562 3.32367
-0.0937604 3.33984

-0.0937692 3.33984
-0.0892583 3.35938

-0.0892729 3.35938
-0.0849078 3.37891

-0.084927 3.37891
-0.0806403 3.39844

-0.0806889 3.39844
-0.078125 3.41014

-0.078125 3.40978
-0.0763303 3.41797

-0.0763913 3.41797
-0.0720611 3.4375

-0.0720726 3.4375
-0.0676405 3.45703

-0.0676442 3.45703
-0.0630801 3.47656

-0.0630719 3.47656
-0.0585938 3.4952

-0.0585938 3.49552
-0.0584551 3.49609

-0.0583848 3.49609
-0.0535682 3.51562

-0.0535626 3.51562
-0.048628 3.53516

-0.0486229 3.53516
-0.0435917 3.55469

-0.0435738 3.55469
-0.0390625 3.57196

-0.0390625 3.5723
-0.038562 3.57422

-0.0384904 3.57422
-0.0333206 3.59375

-0.033323 3.59375
-0.0280634 3.61328

-0.0280652 3.61328
-0.0227077 3.63281

-0.0226652 3.63281
-0.0195312 3.64408

-0.0195312 3.64433
-0.0173025 3.65234

-0.0172612 3.65234
-0.0117827 3.67188

-0.0117705 3.67188
-0.00627196 3.69141

-0.00625375 3.69141
-0.000796122 3.71094

-0.000768949 3.71094
0 3.71374

0 5.36749
-0.000431647 5.37109

-0.000450624 5.37109
-0.00275696 5.39062

-0.0027583 5.39062
-0.00502615 5.41016

-0.00502757 5.41016
-0.0072514 5.42969

-0.00725306 5.42969
-0.00942671 5.44922

-0.00942828 5.44922
-0.0115453 5.46875

-0.0115469 5.46875
-0.0136009 5.48828

-0.0136026 5.48828
-0.0155873 5.50781

-0.0155889 5.50781
-0.0174978 5.52734

-0.0174994 5.52734
-0.0193263 5.54688

-0.0195312 5.54917
-0.0210668 5.56641

-0.0210685 5.56641
-0.0227158 5.58594

-0.0195312 5.54914
-0.0193298 5.54688

-0.0227173 5.58594
-0.0242664 5.60547

-0.0242679 5.60547
-0.0257128 5.625

-0.0257143 5.625
-0.027049 5.64453

-0.0270506 5.64453
-0.0282689 5.66406

-0.0282705 5.66406
-0.0293663 5.68359

-0.0293676 5.68359
-0.030335 5.70312

-0.0303361 5.70312
-0.0311703 5.72266

-0.0311713 5.72266
-0.0318679 5.74219

-0.0318688 5.74219
-0.032424 5.76172

-0.0324246 5.76172
-0.0328354 5.78125

-0.0328357 5.78125
-0.0331005 5.80078

-0.0331008 5.80078
-0.0332186 5.82031

-0.0332187 5.82031
-0.0331887 5.83984

-0.0331884 5.83984
-0.033011 5.85938

-0.0330104 5.85938
-0.0326873 5.87891

-0.0326867 5.87891
-0.0322206 5.89844

-0.03222 5.89844
-0.0316135 5.91797

-0.0316123 5.91797
-0.0308691 5.9375

-0.0308675 5.9375
-0.0299935 5.95703

-0.029992 5.95703
-0.0289933 5.97656

-0.0289919 5.97656
-0.0278745 5.99609

-0.0278724 5.99609
-0.0266434 6.01562

-0.0266408 6.01562
-0.0253094 6.03516

-0.025307 6.03516
-0.0238833 6.05469

-0.0238813 6.05469
-0.0223741 6.07422

-0.0223714 6.07422
-0.0207903 6.09375

-0.0207815 6.09375
-0.0195312 6.10864

-0.0195312 6.10885
-0.0191591 6.11328

-0.0191456 6.11328
-0.0174576 6.13281

-0.0174556 6.13281
-0.0157239 6.15234

-0.0157213 6.15234
-0.0139552 6.17188

-0.0139526 6.17188
-0.0121623 6.19141

-0.0121597 6.19141
-0.0103555 6.21094

-0.0103527 6.21094
-0.00854497 6.23047

-0.00854223 6.23047
-0.00674185 6.25

-0.00673939 6.25
-0.00495682 6.26953

-0.0049546 6.26953
-0.00319917 6.28906

-0.00319687 6.28906
-0.00147764 6.30859

-0.00147252 6.30859
0 6.32578

0 7.09323
-0.000987627 7.10938

-0.000990028 7.10938
-0.00215912 7.12891

-0.0021613 7.12891
-0.0032964 7.14844

-0.00329868 7.14844
-0.00439085 7.16797

-0.00439315 7.16797
-0.0054332 7.1875

-0.00543549 7.1875
-0.00641426 7.20703

-0.00641648 7.20703
-0.00732497 7.22656

-0.00732707 7.22656
-0.00815668 7.24609

-0.00815862 7.24609
-0.0089013 7.26562

-0.00890299 7.26562
-0.00955149 7.28516

-0.00955292 7.28516
-0.010101 7.30469

-0.0101021 7.30469
-0.0105446 7.32422

-0.0105454 7.32422
-0.0108785 7.34375

-0.0108789 7.34375
-0.0111001 7.36328

-0.0111002 7.36328
-0.0112083 7.38281

-0.0112081 7.38281
-0.0112035 7.40234

-0.0112029 7.40234
-0.0110871 7.42188

-0.0110862 7.42188
-0.0108621 7.44141

-0.0108609 7.44141
-0.0105328 7.46094

-0.0105313 7.46094
-0.0101045 7.48047

-0.0101027 7.48047
-0.00958387 7.5

-0.00958185 7.5
-0.00897853 7.51953

-0.00897625 7.51953
-0.00829707 7.53906

-0.00829458 7.53906
-0.00754905 7.55859

-0.00754644 7.55859
-0.00674476 7.57812

-0.00674203 7.57812
-0.00589488 7.59766

-0.00589206 7.59766
-0.00501056 7.61719

-0.00500777 7.61719
-0.00410317 7.63672

-0.00410045 7.63672
-0.00318377 7.65625

-0.00318107 7.65625
-0.00226312 7.67578

-0.00226055 7.67578
-0.00135184 7.69531

-0.0013495 7.69531
-0.000459852 7.71484

-0.000454805 7.71484
0 7.72515

0 8.23356
-0.000307254 8.24219

-0.000310466 8.24219
-0.000995419 8.26172

-0.000997867 8.26172
-0.00166313 8.28125

-0.00166558 8.28125
-0.00230135 8.30078

-0.00230372 8.30078
-0.00290033 8.32031

-0.00290259 8.32031
-0.00345077 8.33984

-0.00345286 8.33984
-0.00394391 8.35938

-0.00394577 8.35938
-0.00437177 8.37891

-0.00437335 8.37891
-0.00472745 8.39844

-0.00472869 8.39844
-0.00500526 8.41797

-0.00500612 8.41797
-0.00520096 8.4375

-0.00520141 8.4375
-0.00531189 8.45703

-0.00531192 8.45703
-0.0053371 8.47656

-0.0053367 8.47656
-0.00527732 8.49609

-0.00527649 8.49609
-0.00513499 8.51562

-0.00513375 8.51562
-0.00491429 8.53516

-0.00491268 8.53516
-0.00462095 8.55469

-0.00461903 8.55469
-0.00426211 8.57422

-0.00425991 8.57422
-0.00384605 8.59375

-0.00384362 8.59375
-0.00338209 8.61328

-0.00337952 8.61328
-0.00288032 8.63281

-0.00287765 8.63281
-0.00235125 8.65234

-0.00234853 8.65234
-0.00180569 8.67188

-0.00180303 8.67188
-0.00125452 8.69141

-0.00125195 8.69141
-0.00070824 8.71094

-0.000705759 8.71094
-0.000176941 8.73047

-0.000172856 8.73047
0 8.73716

5.40304e-06 10.2734
0.000130901 10.293

0.000131748 10.293
0.000230697 10.3125

0.000231269 10.3125
0.000300832 10.332

0.000301114 10.332
0.000339582 10.3516

0.000339553 10.3516
0.000346417 10.3711

0.000346098 10.3711
0.000322056 10.3906

0.000321447 10.3906
0.000268353 10.4102

0.000267461 10.4102
0.000188319 10.4297

0.000187249 10.4297
8.59829e-05 10.4492

0 10.4633
8.53849e-05 10.4492

2.57601e-07 10.9375
5.99411e-06 10.957

0 10.9663
7.12639e-06 10.957

0 9.1148
-0.000132644 9.12109

-0.000135021 9.12109
-0.000544397 9.14062

-0.000546608 9.14062
-0.000945006 9.16016

-0.000947175 9.16016
-0.00132583 9.17969

-0.00132788 9.17969
-0.00167836 9.19922

-0.00168023 9.19922
-0.00199471 9.21875

-0.00199635 9.21875
-0.0022678 9.23828

-0.00226916 9.23828
-0.00249158 9.25781

-0.0024926 9.25781
-0.00266125 9.27734

-0.00266191 9.27734
-0.00277343 9.29688

-0.00277369 9.29688
-0.00282624 9.31641

-0.0028261 9.31641
-0.00281943 9.33594

-0.00281889 9.33594
-0.00275434 9.35547

-0.0027534 9.35547
-0.00263395 9.375

-0.00263265 9.375
-0.00246274 9.39453

-0.00246114 9.39453
-0.00224658 9.41406

-0.00224471 9.41406
-0.00199246 9.43359

-0.00199039 9.43359
-0.00170832 9.45312

-0.00170615 9.45312
-0.00140271 9.47266

-0.00140046 9.47266
-0.00108451 9.49219

-0.00108229 9.49219
-0.000762778 9.51172

-0.000760665 9.51172
-0.000446253 9.53125

-0.000444211 9.53125
-0.000143211 9.55078

-0.000139751 9.55078
0 9.56052

0 9.84463
-0.000224034 9.86328

-0.000225805 9.86328
-0.000461143 9.88281

-0.000462914 9.88281
-0.00069185 9.90234

-0.000693547 9.90234
-0.000909144 9.92188

-0.000910711 9.92188
-0.00110644 9.94141

-0.00110782 9.94141
-0.00127779 9.96094

-0.00127893 9.96094
-0.00141809 9.98047

-0.00141895 9.98047
-0.00152328 10

-0.00152383 10
-0.00159052 10.0195

-0.00159072 10.0195
-0.00161829 10.0391

-0.00161814 10.0391
-0.00160648 10.0586

-0.00160598 10.0586
-0.00155638 10.0781

-0.00155555 10.0781
-0.00147068 10.0977

-0.00146956 10.0977
-0.00135331 10.1172

-0.00135194 10.1172
-0.00120932 10.1367

-0.00120777 10.1367
-0.00104462 10.1562

-0.00104294 10.1562
-0.000865716 10.1758

-0.00086398 10.1758
-0.000679496 10.1953

-0.000677803 10.1953
-0.000492922 10.2148

-0.000491293 10.2148
-0.000312658 10.2344

-0.000311144 10.2344
-0.000145042 10.2539

-0.00014377 10.2539
0 10.2729

0 10.4629
-3.57207e-05 10.4688

-3.52283e-05 10.4688
-0.00016592 10.4883

-0.000167336 10.4883
-0.000304716 10.5078

-0.000306157 10.5078
-0.000444513 10.5273

-0.000445918 10.5273
-0.00057956 10.5469

-0.00058087 10.5469
-0.000704368 10.5664

-0.000705527 10.5664
-0.000813944 10.5859

-0.000814901 10.5859
-0.000904005 10.6055

-0.000904717 10.6055
-0.000971172 10.625

-0.000971606 10.625
-0.00101312 10.6445

-0.00101326 10.6445
-0.00102869 10.6641

-0.00102854 10.6641
-0.00101792 10.6836

-0.00101748 10.6836
-0.000982031 10.7031

-0.000981322 10.7031
-0.000923351 10.7227

-0.000922421 10.7227
-0.000845202 10.7422

-0.0008441 10.7422
-0.000751699 10.7617

-0.000750482 10.7617
-0.000647535 10.7812

-0.000646264 10.7812
-0.000537748 10.8008

-0.000536482 10.8008
-0.000427471 10.8203

-0.000426268 10.8203
-0.000321698 10.8398

-0.000320609 10.8398
-0.000225064 10.8594

-0.000224136 10.8594
-0.000141652 10.8789

-0.000140919 10.8789
-7.48165e-05 10.8984

-7.43014e-05 10.8984
-2.70773e-05 10.918

-2.68126e-05 10.918
-2.63204e-08 10.9375

-1.66837e-06 10.9375
0 10.9432

0 10.9629
-1.04388e-05 10.9766

-9.86323e-06 10.9766
-4.41538e-05 10.9961

-4.48078e-05 10.9961
-9.62472e-05 11.0156

-9.70819e-05 11.0156
-0.000162693 11.0352

-0.000163669 11.0352
-0.00023983 11.0547

-0.000240902 11.0547
-0.000323515 11.0742

-0.000324632 11.0742
-0.000409316 11.0938

-0.000410424 11.0938
-0.000492727 11.1133

-0.00049377 11.1133
-0.00056939 11.1328

-0.000570311 11.1328
-0.000635323 11.1523

-0.000636072 11.1523
-0.000687135 11.1719

-0.000687668 11.1719
-0.00072222 11.1914

-0.000722505 11.1914
-0.000738907 11.2109

-0.000738927 11.2109
-0.000736572 11.2305

-0.000736322 11.2305
-0.00071567 11.25

-0.000715164 11.25
-0.000677728 11.2695

-0.000676996 11.2695
-0.000625253 11.2891

-0.000624341 11.2891
-0.000561577 11.3086

-0.000560543 11.3086
-0.000490651 11.3281

-0.00048956 11.3281
-0.000416789 11.3477

-0.000415708 11.3477
-0.000344401 11.3672

-0.000343397 11.3672
-0.000277723 11.3867

-0.000276856 11.3867
-0.000220556 11.4062

-0.000219877 11.4062
-0.000176045 11.4258

-0.000175591 11.4258
-0.000146493 11.4453

-0.000146289 11.4453
-0.00013324 11.4648

-0.000133294 11.4648
-0.000136597 11.4844

-0.000136904 11.4844
-0.000155836 11.5039

-0.000156375 11.5039
-0.000189244 11.5234

-0.00018998 11.5234
-0.000234235 11.543

-0.000235119 11.543
-0.000287519 11.5625

-0.000288494 11.5625
-0.00034532 11.582

-0.000346321 11.582
-0.000403623 11.6016

-0.000404582 11.6016
-0.000458441 11.6211

-0.000459293 11.6211
-0.000506086 11.6406

-0.000506772 11.6406
-0.000543423 11.6602

-0.000543896 11.6602
-0.000568088 11.6797

-0.000568315 11.6797
-0.000578651 11.6992

-0.000578618 11.6992
-0.00057471 11.7188

-0.000574423 11.7188
-0.000556911 11.7383

-0.000556394 11.7383
-0.000526886 11.7578

-0.000526182 11.7578
-0.000487122 11.7773

-0.000486288 11.7773
-0.000440748 11.7969

-0.00043985 11.7969
-0.000391293 11.8164

-0.0003904 11.8164
-0.000342408 11.8359

-0.000341585 11.8359
-0.000297593 11.8555

-0.000296899 11.8555
-0.000259939 11.875

-0.000259423 11.875
-0.000231916 11.8945

-0.00023161 11.8945
-0.000215201 11.9141

-0.000215124 11.9141
-0.000210577 11.9336

-0.000210729 11.9336
-0.000217895 11.9531

-0.000218262 11.9531
-0.000236101 11.9727

-0.000236652 11.9727
-0.000263327 11.9922

-0.000264017 11.9922
-0.000297049 12.0117

-0.00029782 12.0117
-0.000334287 12.0312

-0.000335079 12.0312
-0.000371856 12.0508

-0.000372602 12.0508
-0.000406614 12.0703

-0.000407254 12.0703
-0.00043573 12.0898

-0.00043621 12.0898
-0.00045691 12.1094

-0.000457194 12.1094
-0.00046859 12.1289

-0.000468655 12.1289
-0.000470051 12.1484

-0.000469896 12.1484
-0.000461471 12.168

-0.000461115 12.168
-0.000443891 12.1875

-0.000443369 12.1875
-0.0004191 12.207

-0.000418465 12.207
-0.000389463 12.2266

-0.000388775 12.2266
-0.000357688 12.2461

-0.000357009 12.2461
-0.000326571 12.2656

-0.000325962 12.2656
-0.000298748 12.2852

-0.000298261 12.2852
-0.000276461 12.3047

-0.000276136 12.3047
-0.000261373 12.3242

-0.000261233 12.3242
-0.00025444 12.3438

-0.000254491 12.3438
-0.000255847 12.3633

-0.00025608 12.3633
-0.00026502 12.3828

-0.000265408 12.3828
-0.000280689 12.4023

-0.000281194 12.4023
-0.000301031 12.4219

-0.000301601 12.4219
-0.000323847 12.4414

-0.000324426 12.4414
-0.000346784 12.4609

-0.000347316 12.4609
-0.000367562 12.4805

-0.000367997 12.4805
-0.000384198 12.5

-0.000384495 12.5
-0.000395188 12.5195

-0.000395324 12.5195
-0.000399643 12.5391

-0.000399609 12.5391
-0.00039735 12.5586

-0.000397155 12.5586
-0.000388773 12.5781

-0.000388443 12.5781
-0.000374986 12.5977

-0.000374559 12.5977
-0.000357541 12.6172

-0.000357064 12.6172
-0.000338296 12.6367

-0.00033782 12.6367
-0.000319212 12.6562

-0.000318785 12.6562
-0.000302144 12.6758

-0.000301809 12.6758
-0.000288661 12.6953

-0.000288448 12.6953
-0.00027989 12.7148

-0.000279816 12.7148
-0.000276421 12.7344

-0.00027649 12.7344
-0.000278268 12.7539

-0.000278467 12.7539
-0.000284885 12.7734

-0.000285188 12.7734
-0.000295242 12.793

-0.000295615 12.793
-0.00030795 12.8125

-0.000308351 12.8125
-0.00032142 12.832

-0.000321803 12.832
-0.000334038 12.8516

-0.000334362 12.8516
-0.000344345 12.8711

-0.000344575 12.8711
-0.000351195 12.8906

-0.000351309 12.8906
-0.000353877 12.9102

-0.000353864 12.9102
-0.00035218 12.9297

-0.000352046 12.9297
-0.000346406 12.9492

-0.000346169 12.9492
-0.000337314 12.9688

-0.000337006 12.9688
-0.000326024 12.9883

-0.000325683 12.9883
-0.000313871 13.0078

-0.000313539 13.0078
-0.00030224 13.0273

-0.000301957 13.0273
-0.000292402 13.0469

-0.0002922 13.0469
-0.000285359 13.0664

-0.00028526 13.0664
-0.000281735 13.0859

-0.000281749 13.0859
-0.000281712 13.1055

-0.000281834 13.1055
-0.000285014 13.125

-0.000285227 13.125
-0.000290956 13.1445

-0.000291228 13.1445
-0.000298536 13.1641

-0.000298833 13.1641
-0.00030658 13.1836

-0.000306859 13.1836
-0.000313895 13.2031

-0.00031412 13.2031
-0.000319438 13.2227

-0.000319579 13.2227
-0.000322449 13.2422

-0.00032249 13.2422
-0.000322549 13.2617

-0.000322488 13.2617
-0.000319775 13.2812

-0.000319624 13.2812
-0.000314563 13.3008

-0.000314347 13.3008
-0.000307669 13.3203

-0.00030742 13.3203
-0.000300057 13.3398

-0.000299812 13.3398
-0.000292751 13.3594

-0.000292547 13.3594
-0.000286686 13.3789

-0.000286552 13.3789
-0.000282565 13.3984

-0.000282519 13.3984
-0.000280767 13.418

-0.000280811 13.418
-0.0002813 13.4375

-0.000281423 13.4375
-0.000283822 13.457

-0.000284001 13.457
-0.000287708 13.4766

-0.000287913 13.4766
-0.00029216 13.4961

-0.000292359 13.4961
-0.000296338 13.5156

-0.000296499 13.5156
-0.000299493 13.5352

-0.000299592 13.5352
-0.000301081 13.5547

-0.000301107 13.5547
-0.00030084 13.5742

-0.000300794 13.5742
-0.00029881 13.5938

-0.000298703 13.5938
-0.000295309 13.6133

-0.00029516 13.6133
-0.00029087 13.6328

-0.000290705 13.6328
-0.000286147 13.6523

-0.000285995 13.6523
-0.000281803 13.6719

-0.00028169 13.6719
-0.000278397 13.6914

-0.00027834 13.6914
-0.000276285 13.7109

-0.000276291 13.7109
-0.000275575 13.7305

-0.000275637 13.7305
-0.000276124 13.75

-0.000276226 13.75
-0.00027759 13.7695

-0.00027771 13.7695
-0.000279506 13.7891

-0.000279623 13.7891
-0.000281376 13.8086

-0.00028147 13.8086
-0.000282759 13.8281

-0.000282814 13.8281
-0.000283342 13.8477

-0.000283351 13.8477
-0.000282986 13.8672

-0.000282951 13.8672
-0.000281746 13.8867

-0.000281678 13.8867
-0.000279841 13.9062

-0.000279754 13.9062
-0.000277595 13.9258

-0.000277508 13.9258
-0.000275372 13.9453

-0.000275302 13.9453
-0.0002735 13.9648

-0.00027346 13.9648
-0.000272215 13.9844

-0.000272208 13.9844
-0.000271615 14.0039

-0.000271642 14.0039
-0.00027166 14.0234

-0.000271712 14.0234
-0.000272183 14.043

-0.000272249 14.043
-0.000272933 14.0625

-0.000272999 14.0625
-0.00027363 14.082

-0.000273683 14.082
-0.00027402 14.1016

-0.00027405 14.1016
-0.000273924 14.1211

-0.000273925 14.1211
-0.000273275 14.1406

-0.000273246 14.1406
-0.00027213 14.1602

-0.000272081 14.1602
-0.000270652 14.1797

-0.000270605 14.1797
-0.000269055 14.1992

-0.000269024 14.1992
-0.000267513 14.2188

-0.000267492 14.2188
-0.000266125 14.2383

-0.000266102 14.2383
-0.000264965 14.2578

-0.000264957 14.2578
-0.000264113 14.2773

-0.000264129 14.2773
-0.000263563 14.2969

-0.000263605 14.2969
-0.000263199 14.3164

-0.000263231 14.3164
-0.000262839 14.3359

-0.000262847 14.3359
-0.00026239 14.3555

-0.000262395 14.3555
-0.00026185 14.375

-0.000261842 14.375
-0.000260582 14.4141

-0.000260537 14.4141
-0.000259164 14.4531

-0.000259174 14.4531
-0.000258474 14.4727

-0.000258472 14.4727
-0.000257745 14.4922

-0.000257745 14.4922
-0.000256994 14.5117

-0.000256994 14.5117
-0.000256221 14.5312

-0.00025622 14.5312
-0.00025463 14.5703

-0.000254593 14.5703
-0.000253022 14.6094

-0.000253045 14.6094
-0.000252288 14.6289

-0.000252284 14.6289
-0.000251518 14.6484

-0.000251523 14.6484
-0.000250749 14.668

-0.000250748 14.668
-0.000249958 14.6875

-0.000249944 14.6875
-0.000248391 14.7266

-0.000248379 14.7266
-0.000246901 14.7656

-0.000246912 14.7656
-0.000245511 14.8047

-0.00024552 14.8047
-0.000244157 14.8438

-0.000244164 14.8438
-0.000243488 14.8633

-0.000243488 14.8633
-0.000242806 14.8828

-0.00024279 14.8828
-0.000241476 14.9219

-0.000241477 14.9219
-0.000240242 14.9609

-0.000240262 14.9609
-0.000239062 15

-0.000239062 15
-0.00023846 15.0195

-0.000238459 15.0195
-0.000237854 15.0391

-0.000237856 15.0391
-0.000237245 15.0586

-0.000237242 15.0586
-0.000236629 15.0781

-0.00023664 15.0781
-0.000235372 15.1172

-0.000235357 15.1172
-0.000234704 15.1367

-0.000234706 15.1367
-0.000234062 15.1562

-0.000234065 15.1562
-0.000233421 15.1758

-0.000233424 15.1758
-0.000232765 15.1953

-0.000232752 15.1953
-0.000231445 15.2344

-0.000231458 15.2344
-0.000230152 15.2734

-0.00023015 15.2734
-0.000228825 15.3125

-0.000228813 15.3125
-0.000228149 15.332

-0.00022815 15.332
-0.000227507 15.3516

-0.000227513 15.3516
-0.000226878 15.3711

-0.000226878 15.3711
-0.000226239 15.3906

-0.000226235 15.3906
-0.000224964 15.4297

-0.000224955 15.4297
-0.000223715 15.4688

-0.000223704 15.4688
-0.000222533 15.5078

-0.000222548 15.5078
-0.000221436 15.5469

-0.000221449 15.5469
-0.0002209 15.5664

-0.0002209 15.5664
-0.000220333 15.5859

-0.000220321 15.5859
-0.000219195 15.625

-0.000219202 15.625
-0.000218082 15.6641

-0.000218088 15.6641
-0.000217521 15.6836

-0.000217519 15.6836
-0.00021694 15.7031

-0.000216923 15.7031
-0.000215818 15.7422

-0.000215816 15.7422
-0.000214795 15.7812

-0.000214796 15.7812
-0.000213863 15.8203

-0.000213829 15.8203
-0.000213053 15.8594

-0.000213098 15.8594
-0.000212782 15.8789

-0.000212774 15.8789
-0.000212455 15.8984

-0.000212462 15.8984
-0.000212144 15.918

-0.000212147 15.918
-0.000211809 15.9375

-0.000211815 15.9375
-0.000211443 15.957

-0.000211438 15.957
-0.000211031 15.9766

-0.000211025 15.9766
-0.000210604 15.9961

-0.000210604 15.9961
-0.00021018 16.0156

-0.00021019 16.0156
-0.000209742 16.0352

-0.000209742 16.0352
-0.000209252 16.0547

-0.000209222 16.0547
-0.000208276 16.0938

-0.000208293 16.0938
-0.000207842 16.1133

-0.000207841 16.1133
-0.00020738 16.1328

-0.000207372 16.1328
-0.000206921 16.1523

-0.000206926 16.1523
-0.000206489 16.1719

-0.000206462 16.1719
-0.000205704 16.2109

-0.000205742 16.2109
-0.000205416 16.2305

-0.00020541 16.2305
-0.000205075 16.25

-0.000205079 16.25
-0.00020474 16.2695

-0.000204738 16.2695
-0.000204391 16.2891

-0.000204393 16.2891
-0.000203685 16.3281

-0.000203685 16.3281
-0.000203323 16.3477

-0.000203324 16.3477
-0.000202954 16.3672

-0.000202954 16.3672
-0.000202573 16.3867

-0.000202572 16.3867
-0.000202184 16.4062

-0.000202171 16.4062
-0.00020143 16.4453

-0.000201431 16.4453
-0.000200747 16.4844

-0.000200747 16.4844
-0.000200116 16.5234

-0.000200128 16.5234
-0.000199829 16.543

-0.000199829 16.543
-0.000199523 16.5625

-0.000199515 16.5625
-0.000198922 16.6016

-0.000198932 16.6016
-0.000198348 16.6406

-0.000198349 16.6406
-0.000198052 16.6602

-0.00019805 16.6602
-0.000197747 16.6797

-0.000197737 16.6797
-0.000197167 16.7188

-0.000197125 16.7188
-0.000196694 16.7578

-0.000196746 16.7578
-0.000196432 16.7969

-0.000196445 16.7969
-0.000196288 16.8164

-0.00019628 16.8164
-0.000196111 16.8359

-0.000196113 16.8359
-0.000195944 16.8555

-0.000195946 16.8555
-0.000195768 16.875

-0.00019577 16.875
-0.000195577 16.8945

-0.000195578 16.8945
-0.000195366 16.9141

-0.000195359 16.9141
-0.000195141 16.9336

-0.000195144 16.9336
-0.00019493 16.9531

-0.000194926 16.9531
-0.000194717 16.9727

-0.000194715 16.9727
-0.000194523 16.9922

-0.000194536 16.9922
-0.00019434 17.0117

-0.000194337 17.0117
-0.000194118 17.0312

-0.000194096 17.0312
-0.000193718 17.0703

-0.00019371 17.0703
-0.000193445 17.1094

-0.000193491 17.1094
-0.000193391 17.1289

-0.000193388 17.1289
-0.000193234 17.1484

-0.000193219 17.1484
-0.000192872 17.1875

-0.000192855 17.1875
-0.000192674 17.207

-0.000192687 17.207
-0.000192509 17.2266

-0.000192502 17.2266
-0.000192316 17.2461

-0.00019231 17.2461
-0.000192141 17.2656

-0.000192147 17.2656
-0.000191994 17.2852

-0.000191982 17.2852
-0.000191858 17.3047

-0.00019187 17.3047
-0.000191682 17.3438

-0.00019167 17.3438
-0.000191572 17.3828

-0.000191591 17.3828
-0.000191581 17.4023

-0.000191578 17.4023
-0.000191575 17.4219

-0.000191579 17.4219
-0.000191583 17.4414

-0.000191582 17.4414
-0.000191589 17.4609

-0.000191594 17.4609
-0.000191595 17.4805

-0.000191598 17.4805
-0.000191577 17.5

-0.000191575 17.5
-0.000191484 17.5391

-0.000191481 17.5391
-0.000191414 17.5586

-0.000191414 17.5586
-0.000191331 17.5781

-0.000191318 17.5781
-0.00019117 17.6172

-0.000191168 17.6172
-0.000191109 17.6367

-0.000191107 17.6367
-0.000191071 17.6562

-0.000191085 17.6562
-0.00019101 17.6953

-0.000191014 17.6953
-0.000190968 17.7148

-0.000190963 17.7148
-0.000190912 17.7344

-0.000190913 17.7344
-0.000190864 17.7539

-0.000190857 17.7539
-0.000190822 17.7734

-0.00019083 17.7734
-0.000190808 17.793

-0.000190808 17.793
-0.000190782 17.8125

-0.000190784 17.8125
-0.00019075 17.832

-0.000190747 17.832
-0.000190705 17.8516

-0.00019069 17.8516
-0.00019066 17.8906

-0.000190686 17.8906
-0.000190687 17.9297

-0.000190682 17.9297
-0.00019067 17.9688

-0.000190677 17.9688
-0.000190651 18.0078

-0.000190639 18.0078
-0.000190608 18.0469

-0.000190596 18.0469
-0.000190593 18.0664

-0.000190592 18.0664
-0.00019063 18.0859

-0.000190646 18.0859
-0.000190694 18.1055

-0.000190688 18.1055
-0.000190725 18.125

-0.000190731 18.125
-0.000190759 18.1445

-0.00019076 18.1445
-0.000190767 18.1641

-0.000190764 18.1641
-0.00019074 18.2031

-0.000190733 18.2031
-0.000190707 18.2227

-0.00019071 18.2227
-0.000190677 18.2422

-0.000190665 18.2422
-0.000190624 18.2812

-0.00019061 18.2812
-0.000190638 18.3203

-0.000190665 18.3203
-0.000190737 18.3594

-0.000190746 18.3594
-0.000190774 18.3789

-0.000190775 18.3789
-0.000190778 18.3984

-0.000190777 18.3984
-0.000190753 18.418

-0.000190754 18.418
-0.000190702 18.4375

-0.00019069 18.4375
-0.000190576 18.4766

-0.000190553 18.4766
-0.000190486 18.5156

-0.000190533 18.5156
-0.000190518 18.5352

-0.000190519 18.5352
-0.000190426 18.5547

-0.000190358 18.5547
-0.000190287 18.5938

-0.000190359 18.5938
-0.000190355 18.6328

-0.00019034 18.6328
-0.000190315 18.6523

-0.000190315 18.6523
-0.000190296 18.6719

-0.000190304 18.6719
-0.000190274 18.6914

-0.000190271 18.6914
-0.000190221 18.7109

-0.000190221 18.7109
-0.000190159 18.7305

-0.000190155 18.7305
-0.00019009 18.75

-0.000190098 18.75
-0.000190019 18.7695

-0.000190019 18.7695
-0.000189908 18.7891

-0.000189907 18.7891
-0.000189768 18.8086

-0.000189762 18.8086
-0.000189608 18.8281

-0.000189604 18.8281
-0.000189457 18.8477

-0.000189455 18.8477
-0.000189326 18.8672

-0.000189327 18.8672
-0.000189217 18.8867

-0.000189222 18.8867
-0.000189121 18.9062

-0.00018912 18.9062
-0.000188921 18.9453

-0.000188886 18.9453
-0.000188759 18.9844

-0.000188781 18.9844
-0.000188752 19.0234

-0.000188756 19.0234
-0.000188762 19.043

-0.000188768 19.043
-0.000188773 19.0625

-0.000188771 19.0625
-0.000188768 19.082

-0.000188771 19.082
-0.000188759 19.1016

-0.000188755 19.1016
-0.000188734 19.1211

-0.000188731 19.1211
-0.000188714 19.1406

-0.000188715 19.1406
-0.000188708 19.1602

-0.000188711 19.1602
-0.000188707 19.1797

-0.000188691 19.1797
-0.000188741 19.2188

-0.000188759 19.2188
-0.000188812 19.2383

-0.000188813 19.2383
-0.000188855 19.2578

-0.000188841 19.2578
-0.000188899 19.2773

-0.000188897 19.2773
-0.000189001 19.2969

-0.000189021 19.2969
-0.000189135 19.3164

-0.000189129 19.3164
-0.000189227 19.3359

-0.000189231 19.3359
-0.000189316 19.3555

-0.000189314 19.3555
-0.000189383 19.375

-0.000189381 19.375
-0.000189444 19.3945

-0.000189445 19.3945
-0.000189504 19.4141

-0.000189501 19.4141
-0.00018956 19.4336

-0.000189559 19.4336
-0.000189623 19.4531

-0.000189625 19.4531
-0.000189689 19.4727

-0.00018969 19.4727
-0.00018975 19.4922

-0.000189737 19.4922
-0.000189889 19.5312

-0.000189905 19.5312
-0.000190076 19.5703

-0.000190079 19.5703
-0.000190158 19.5898

-0.000190159 19.5898
-0.000190224 19.6094

-0.000190225 19.6094
-0.000190273 19.6289

-0.00019027 19.6289
-0.000190305 19.6484

-0.000190311 19.6484
-0.000190324 19.668

-0.000190309 19.668
-0.000190318 19.6875

-0.000190316 19.6875
-0.000190394 19.7266

-0.000190424 19.7266
-0.000190519 19.7656

-0.000190509 19.7656
-0.000190579 19.8047

-0.000190578 19.8047
-0.000190649 19.8438

-0.000190652 19.8438
-0.000190688 19.8633

-0.000190688 19.8633
-0.000190719 19.8828

-0.000190721 19.8828
-0.000190745 19.9023

-0.000190747 19.9023
-0.000190755 19.9219

-0.000190758 19.9219
-0.000190729 19.9609

-0.0001907 19.9609
-0.000190671 20

0.0331658 0
0.0376632 0.0195312

0.038666 0.0195312
0.0390625 0.0220729

0.0560178 0
0.0549606 0.0195312

0.0524256 0.0195312
0.0514244 0.0390625

0.0585938 0.00678517
0.0592321 0

0.0518676 0.0390625
0.0517642 0.0585938

0.0517676 0.0585938
0.0516433 0.078125

0.0516423 0.078125
0.0514925 0.0976562

0.051491 0.0976562
0.0513206 0.117188

0.0513194 0.117188
0.0511337 0.136719

0.0511338 0.136719
0.0509352 0.15625

0.140995 0
0.142336 0.0195312

0.142322 0.0195312
0.146373 0.0390625

0.146352 0.0390625
0.153185 0.0585938

0.152998 0.0585938
0.15625 0.0649541

0.0509362 0.15625
0.0507225 0.175781

0.0507235 0.175781
0.0504906 0.195312

0.0504912 0.195312
0.0502361 0.214844

0.0502375 0.214844
0.0499564 0.234375

0.0499547 0.234375
0.0496486 0.253906

0.0496448 0.253906
0.0493247 0.273438

0.0493296 0.273438
0.0489934 0.292969

0.0489995 0.292969
0.0486251 0.3125

0.15625 0.0648868
0.163019 0.078125

0.162751 0.078125
0.175781 0.0962412

0.175781 0.0971426
0.176181 0.0976562

0.176221 0.0976562
0.195312 0.116483

0.195312 0.116089
0.19684 0.117188

0.196933 0.117188
0.214844 0.12928

0.214844 0.12902
0.232654 0.136719

0.23297 0.136719
0.234375 0.137324

0.234375 0.137304
0.253906 0.141845

0.253906 0.141818
0.273438 0.14281

0.273438 0.142813
0.292969 0.140303

0.3125 0.134607
0.305841 0.136719

0.292969 0.140121
0.303697 0.136719

0.0486152 0.3125
0.0482101 0.332031

0.0481948 0.332031
0.0478095 0.351562

0.0478137 0.351562
0.0474703 0.371094

0.0474946 0.371094
0.0471359 0.390625

0.047156 0.390625
0.0466931 0.410156

0.0466894 0.410156
0.0460892 0.429688

0.0460682 0.429688
0.0453802 0.449219

0.045363 0.449219
0.0446638 0.46875

0.0446608 0.46875
0.0439908 0.488281

0.0439975 0.488281
0.0433491 0.507812

0.0433569 0.507812
0.0427013 0.527344

0.0427055 0.527344
0.0420188 0.546875

0.0390625 0.621346
0.0389088 0.625

0.042019 0.546875
0.0412924 0.566406

0.0412908 0.566406
0.0405269 0.585938

0.0405254 0.585938
0.0397303 0.605469

0.0390625 0.621316
0.0397293 0.605469

0.390625 0.0362231
0.390107 0.0390625

0.390225 0.0390625
0.384035 0.0585938

0.384259 0.0585938
0.374795 0.078125

0.351562 0.108308
0.340925 0.117188

0.3125 0.134415
0.332031 0.123923

0.332031 0.123885
0.341008 0.117188

0.371094 0.0839401
0.361257 0.0976562

0.351562 0.10765
0.360821 0.0976562

0.371094 0.0839071
0.374882 0.078125

0.394843 0
0.393669 0.0195312

0.390625 0.0363461
0.393693 0.0195312

0.0389077 0.625
0.0380606 0.644531

0.0380608 0.644531
0.0371881 0.664062

0.0371883 0.664062
0.0362891 0.683594

0.0362893 0.683594
0.0353627 0.703125

0.0353629 0.703125
0.0344082 0.722656

0.0344084 0.722656
0.0334251 0.742188

0.0334253 0.742188
0.0324124 0.761719

0.0324128 0.761719
0.031369 0.78125

0.0313695 0.78125
0.0302928 0.800781

0.0302932 0.800781
0.0291817 0.820312

0.029182 0.820312
0.0280343 0.839844

0.0280344 0.839844
0.02685 0.859375

0.0268502 0.859375
0.0256287 0.878906

0.025629 0.878906
0.0243694 0.898438

0.0243699 0.898438
0.0230705 0.917969

0.0230708 0.917969
0.0217301 0.9375

0.0195312 0.968234
0.0189238 0.976562

0.0217302 0.9375
0.0203473 0.957031

0.0195312 0.968204
0.0203462 0.957031

0.0189222 0.976562
0.0174569 0.996094

0.0174568 0.996094
0.0159514 1.01562

0.015952 1.01562
0.0144056 1.03516

0.0144065 1.03516
0.0128162 1.05469

0.012817 1.05469
0.0111792 1.07422

0.0111796 1.07422
0.00949206 1.09375

0.00949214 1.09375
0.00775407 1.11328

0.00775438 1.11328
0.00596494 1.13281

0.00596536 1.13281
0.00412311 1.15234

0.00412316 1.15234
0.00222717 1.17188

0.00222702 1.17188
0.000277487 1.19141

0 1.19414
0.000279938 1.19141

2.25122 0
2.25289 0.0195312

2.2529 0.0195312
2.2579 0.0390625

2.25797 0.0390625
2.26562 0.0574525

2.26562 0.0573153
2.26616 0.0585938

2.26575 0.0585938
2.27756 0.078125

2.27795 0.078125
2.28516 0.0873681

2.28516 0.0876789
2.29376 0.0976562

2.29428 0.0976562
2.30469 0.107368

2.30469 0.108033
2.31702 0.117188

2.31863 0.117188
2.32422 0.121022

2.32422 0.121708
2.34375 0.132366

2.34375 0.132387
2.35462 0.136719

2.35532 0.136719
2.36328 0.139891

2.36328 0.139933
2.38281 0.14526

2.38281 0.145237
2.40234 0.14839

2.40234 0.148368
2.42188 0.14944

2.42188 0.149399
2.44141 0.148517

2.44141 0.148502
2.46094 0.145778

2.46094 0.145839
2.48047 0.14118

2.5 0.133972
2.49231 0.136719

2.48047 0.141509
2.49387 0.136719

0 3.71382
0.00457301 3.73047

0.00458812 3.73047
0.00981991 3.75

