-3.92009 0
-3.91228 0.0195312

-3.91048 0.0195312
-3.90625 0.0244786

-3.90625 0.0263561
-3.88709 0.0390625

-3.88672 0.038294
-3.86719 0.034449

-3.88686 0.0390625
-3.88672 0.0391213

-3.88672 0.0391175
-3.88636 0.0390625

-3.84766 0.00564941
-3.85233 0.0195312

-3.86719 0.0359101
-3.84985 0.0195312

-3.84766 0.00527297
-3.84624 0

-3.84766 0.0242258
-3.84501 0.0195312

-3.86719 0.0390831
-3.86715 0.0390625

0 2.71944
0.00341144 2.73438

0.0034126 2.73438
0.00775936 2.75391

0.00776078 2.75391
0.0119937 2.77344

0.0119946 2.77344
0.0161088 2.79297

-2.12904 0
-2.12891 0.000411229

-2.12891 0.00183868
-2.10938 0.00181551

-1.91088 0
-1.89453 0.00609184

-1.89453 0.00735353
-1.89069 0

-1.68425 0
-1.67969 0.00943384

-1.67969 0.00771762
-1.66016 0.00204545

-1.66016 0.00230442
-1.65937 0

0.0161161 2.79297
0.0195312 2.80968

0.0195312 2.80991
0.020061 2.8125

0.0200995 2.8125
0.0239713 2.83203

0.0239736 2.83203
0.0277246 2.85156

0.0277256 2.85156
0.0313494 2.87109

0.0313501 2.87109
0.0348433 2.89062

0.0348441 2.89062
0.0382039 2.91016

0.0382136 2.91016
0.0390625 2.91531

0.0390625 2.91537
0.0414234 2.92969

0.041427 2.92969
0.0445002 2.94922

0.0445017 2.94922
0.0474234 2.96875

0.0474248 2.96875
0.0501894 2.98828

0.0501901 2.98828
0.0527935 3.00781

0.0527943 3.00781
0.0552335 3.02734

0.0552343 3.02734
0.057506 3.04688

0.0575093 3.04688
0.0585938 3.05694

0.0585938 3.05702
0.0596049 3.06641

0.0596113 3.06641
0.0615462 3.08594

0.0615472 3.08594
0.063307 3.10547

0.0633075 3.10547
0.0648889 3.125

0.0648899 3.125
0.0662899 3.14453

0.0662908 3.14453
0.0675057 3.16406

0.0675059 3.16406
0.0685336 3.18359

0.0685334 3.18359
0.0693739 3.20312

0.0693738 3.20312
0.0700278 3.22266

0.0700277 3.22266
0.0704954 3.24219

0.0704947 3.24219
0.0707777 3.26172

0.0707767 3.26172
0.0708785 3.28125

-1.54334 0
-1.54297 0.00112194

-1.53605 0
-1.52344 0.0123719

-1.52344 0.0124184
-1.51116 0

-1.50391 0.0011968
-1.5035 0

-1.31903 0
-1.31533 0.0195312

-1.3159 0.0195312
-1.30859 0.0315678

-1.30859 0.0316757
-1.30296 0.0390625

-1.30384 0.0390625
-1.28906 0.0506974

-1.28906 0.0495963
-1.26953 0.0554881

-1.26953 0.0552489
-1.25 0.0531163

0.0708784 3.28125
0.070801 3.30078

0.070801 3.30078
0.0705445 3.32031

0.0705434 3.32031
0.0701101 3.33984

0.0701091 3.33984
0.0695034 3.35938

0.0695037 3.35938
0.0687271 3.37891

0.0687267 3.37891
0.0677794 3.39844

0.0677768 3.39844
0.0666647 3.41797

0.0666629 3.41797
0.0653949 3.4375

0.0653953 3.4375
0.063974 3.45703

0.0639723 3.45703
0.0624002 3.47656

0.0623973 3.47656
0.0606837 3.49609

0.0606811 3.49609
0.0588371 3.51562

0.0585938 3.51805
0.0568672 3.53516

0.0568661 3.53516
0.0547653 3.55469

0.0585938 3.51801
0.058835 3.51562

0.0547638 3.55469
0.0525381 3.57422

0.0525368 3.57422
0.0501918 3.59375

0.0501922 3.59375
0.0477294 3.61328

0.0477276 3.61328
0.0451499 3.63281

0.0451471 3.63281
0.0424637 3.65234

0.0424608 3.65234
0.0396832 3.67188

0.0390625 3.67611
0.0368218 3.69141

0.0368214 3.69141
0.0338755 3.71094

0.0338739 3.71094
0.0308432 3.73047

0.0308393 3.73047
0.0277347 3.75

0.0390625 3.67604
0.0396727 3.67188

-1.21094 0.00426555
-1.21385 0.0195312

-1.21251 0.0195312
-1.22636 0.0390625

-1.25 0.053907
-1.23047 0.0426469

-1.23047 0.045319
-1.22361 0.0390625

-1.21094 0.00463213
-1.21005 0

0.0277339 3.75
0.0245647 3.76953

0.0245629 3.76953
0.0213343 3.78906

0.0195312 3.79988
0.0180762 3.80859

0.0180647 3.80859
0.0147832 3.82812

0.0195312 3.79972
0.0213108 3.78906

0.0147803 3.82812
0.0114779 3.84766

0.011473 3.84766
0.00816518 3.86719

0.0081612 3.86719
0.00486569 3.88672

0.00486144 3.88672
0.00159474 3.90625

0 3.91584
0.001577 3.90625

-0.840681 0
-0.839844 0.00223191

-0.839844 0.00163757
-0.821634 0

-0.820312 0.000268647
-0.820223 0

0 4.66027
0.000779026 4.66797

0.000793876 4.66797
0.00266825 4.6875

0.00267206 4.6875
0.00442942 4.70703

0.00443289 4.70703
0.00605866 4.72656

0.00606168 4.72656
0.00754288 4.74609

0.00754543 4.74609
0.0088709 4.76562

0.00887295 4.76562
0.0100335 4.78516

0.0100351 4.78516
0.0110233 4.80469

0.0110245 4.80469
0.0118348 4.82422

0.0118356 4.82422
0.012464 4.84375

0.0124644 4.84375
0.0129086 4.86328

0.0129088 4.86328
0.0131678 4.88281

0.0131675 4.88281
0.0132415 4.90234

0.0132408 4.90234
0.0131315 4.92188

0.0131306 4.92188
0.012841 4.94141

0.0128397 4.94141
0.0123738 4.96094

0.012372 4.96094
0.011736 4.98047

0.0117343 4.98047
0.0109356 5

-0.3125 1.07578
-0.320618 1.09375

-0.332031 1.12094
-0.336807 1.13281

-0.320619 1.09375
-0.328957 1.11328

-0.332031 1.12091
-0.328962 1.11328

-0.336808 1.13281
-0.344187 1.15234

-0.344188 1.15234
-0.351099 1.17188

-0.351562 1.17328
-0.357541 1.19141

-0.357544 1.19141
-0.363508 1.21094

-0.371094 1.23874
-0.373968 1.25

-0.36351 1.21094
-0.368984 1.23047

-0.371094 1.23875
-0.368981 1.23047

-0.351562 1.17327
-0.351102 1.17188

-0.234375 0.933243
-0.237048 0.9375

-0.175781 0.847201
-0.184653 0.859375

-0.15625 0.820949
-0.170392 0.839844

-0.175781 0.847213
-0.170475 0.839844

-0.195312 0.874455
-0.198356 0.878906

-0.198438 0.878906
-0.211766 0.898438

-0.214844 0.903098
-0.224655 0.917969

-0.234375 0.933215
-0.22466 0.917969

-0.214844 0.903106
-0.211799 0.898438

-0.195312 0.874443
-0.184683 0.859375

-0.117188 0.771269
-0.125201 0.78125

-0.078125 0.724995
-0.0928334 0.742188

-0.0976562 0.747918
-0.109212 0.761719

-0.117188 0.771356
-0.109374 0.761719

-0.0976562 0.747895
-0.0928669 0.742188

-0.0585938 0.702745
-0.0589319 0.703125

-0.0390625 0.680993
-0.0414404 0.683594

-0.0585938 0.702607
-0.0414416 0.683594

-0.0195312 0.659786
-0.0234987 0.664062

0 0.638977
-0.00521825 0.644531

-0.0195312 0.660016
-0.00515634 0.644531

-0.0390625 0.681093
-0.0233767 0.664062

-0.0590631 0.703125
-0.0761792 0.722656

-0.078125 0.72497
-0.0761363 0.722656

-0.136719 0.795632
-0.140718 0.800781

-0.140812 0.800781
-0.155804 0.820312

-0.136719 0.795538
-0.12538 0.78125

-0.15625 0.820942
-0.155778 0.820312

-0.273438 0.998998
-0.282509 1.01562

-0.253906 0.965064
-0.260733 0.976562

-0.237088 0.9375
-0.249122 0.957031

-0.253906 0.965029
-0.249158 0.957031

-0.260738 0.976562
-0.271858 0.996094

-0.273438 0.998984
-0.271861 0.996094

-0.292969 1.03568
-0.302471 1.05469

-0.282508 1.01562
-0.292711 1.03516

-0.292969 1.03568
-0.292709 1.03516

-0.302485 1.05469
-0.311794 1.07422

-0.3125 1.07577
-0.311798 1.07422

-0.390625 1.34028
-0.391595 1.34766

-0.391602 1.34766
-0.393696 1.36719

-0.393697 1.36719
-0.395296 1.38672

-0.395294 1.38672
-0.396403 1.40625

-0.373972 1.25
-0.378469 1.26953

-0.378465 1.26953
-0.382469 1.28906

-0.382467 1.28906
-0.385989 1.30859

-0.385992 1.30859
-0.389032 1.32812

-0.390625 1.3403
-0.389024 1.32812

-0.3964 1.40625
-0.397026 1.42578

-0.397024 1.42578
-0.397174 1.44531

-0.397175 1.44531
-0.396852 1.46484

-0.396853 1.46484
-0.396057 1.48438

-0.396055 1.48438
-0.394787 1.50391

-0.394784 1.50391
-0.393055 1.52344

-0.393048 1.52344
-0.390878 1.54297

-0.39083 1.54297
-0.390625 1.54451

-0.390625 1.5449
-0.388285 1.5625

-0.38828 1.5625
-0.385261 1.58203

-0.38526 1.58203
-0.381819 1.60156

-0.38182 1.60156
-0.377955 1.62109

-0.37795 1.62109
-0.373671 1.64062

-0.373582 1.64062
-0.371094 1.65104

-0.371094 1.65178
-0.369094 1.66016

-0.368997 1.66016
-0.363965 1.67969

-0.363962 1.67969
-0.358567 1.69922

-0.358562 1.69922
-0.352819 1.71875

-0.352756 1.71875
-0.351562 1.72259

-0.351562 1.72281
-0.346761 1.73828

-0.346756 1.73828
-0.340373 1.75781

-0.340357 1.75781
-0.333669 1.77734

-0.333591 1.77734
-0.332031 1.78174

-0.332031 1.78196
-0.326745 1.79688

-0.326733 1.79688
-0.319595 1.81641

-0.319569 1.81641
-0.3125 1.83527

-0.3125 1.83575
-0.312432 1.83594

-0.312276 1.83594
-0.304767 1.85547

-0.304756 1.85547
-0.29703 1.875

3.05724 0
3.05904 0.0195312

3.05895 0.0195312
3.06452 0.0390625

3.06433 0.0390625
3.06641 0.0432164

3.06641 0.0431764
3.07428 0.0585938

3.07395 0.0585938
3.08594 0.0737988

3.08594 0.0738831
3.08976 0.078125

3.08995 0.078125
3.10547 0.0916778

3.10547 0.0921784
3.11479 0.0976562

3.11668 0.0976562
3.125 0.102457

-0.296922 1.875
-0.292969 1.8848

-0.292969 1.88524
-0.289221 1.89453

-0.289135 1.89453
-0.281133 1.91406

-0.2811 1.91406
-0.273438 1.93256

-0.273438 1.93335
-0.273337 1.93359

-0.273039 1.93359
-0.264867 1.95312

-0.264856 1.95312
-0.256586 1.97266

-0.256497 1.97266
-0.253906 1.97875

-0.253906 1.97899
-0.248294 1.99219

-0.248279 1.99219
-0.239953 2.01172

-0.23987 2.01172
-0.234375 2.02457

-0.234375 2.02505
-0.231727 2.03125

-0.231584 2.03125
-0.22325 2.05078

-0.22323 2.05078
-0.214962 2.07031

-0.214972 2.07031
-0.214844 2.07062

-0.214844 2.07065
-0.206777 2.08984

-0.206774 2.08984
-0.198581 2.10938

-0.198502 2.10938
-0.195312 2.11704

-0.195312 2.11727
-0.190471 2.12891

-0.190441 2.12891
-0.182414 2.14844

-0.182382 2.14844
-0.175781 2.16468

-0.175781 2.16512
-0.174622 2.16797

-0.17448 2.16797
-0.166618 2.1875

-0.166607 2.1875
-0.158827 2.20703

-0.158776 2.20703
-0.15625 2.21348

-0.15625 2.21363
-0.151183 2.22656

-0.151174 2.22656
-0.143645 2.24609

-0.143629 2.24609
-0.136719 2.26431

-0.136719 2.26473
-0.136377 2.26562

-0.136229 2.26562
-0.128947 2.28516

-0.128942 2.28516
-0.121793 2.30469

-0.121763 2.30469
-0.117188 2.31744

-0.117188 2.31769
-0.114846 2.32422

-0.114792 2.32422
-0.107916 2.34375

-0.107912 2.34375
-0.101163 2.36328

-0.101135 2.36328
-0.0976562 2.37356

-0.0976562 2.37373
-0.0945823 2.38281

-0.0945542 2.38281
-0.0880742 2.40234

3.125 0.102705
3.14453 0.109376

3.14453 0.109275
3.16406 0.112151

3.16406 0.112154
3.18359 0.11143

3.18359 0.111444
3.20312 0.107086

3.27871 0
3.27704 0.0195312

3.27712 0.0195312
3.27195 0.0390625

3.26172 0.0608489
3.24836 0.078125

3.27219 0.0390625
3.26288 0.0585938

3.26172 0.0611344
3.26332 0.0585938

3.22266 0.0975109
3.22233 0.0976562

3.20312 0.107451
3.22266 0.0987033

3.24219 0.0843677
3.22476 0.0976562

3.22266 0.0986672
3.22431 0.0976562

3.24219 0.0846062
3.24869 0.078125

-0.0880742 2.40234
-0.0817193 2.42188

-0.081694 2.42188
-0.078125 2.43306

-0.078125 2.43325
-0.075524 2.44141

-0.0754898 2.44141
-0.0693833 2.46094

-0.0693819 2.46094
-0.0634011 2.48047

-0.0633863 2.48047
-0.0585938 2.49647

-0.0585938 2.49673
-0.0576137 2.5

-0.0575534 2.5
-0.0518316 2.51953

-0.0518301 2.51953
-0.0462324 2.53906

-0.0462346 2.53906
-0.0407596 2.55859

-0.0407431 2.55859
-0.0390625 2.56472

-0.0390625 2.56481
-0.0354113 2.57812

-0.0354072 2.57812
-0.03017 2.59766

-0.0301708 2.59766
-0.0250429 2.61719

-0.0250418 2.61719
-0.0200236 2.63672

-0.0200171 2.63672
-0.0195312 2.63865

-0.0195312 2.63868
-0.0151179 2.65625

-0.0151187 2.65625
-0.0103207 2.67578

-0.0103195 2.67578
-0.00562946 2.69531

-0.00562916 2.69531
-0.00105009 2.71484

-0.00103578 2.71484
0 2.71938

4.90878 0
4.91054 0.0195312

4.91044 0.0195312
4.91593 0.0390625

4.91566 0.0390625
4.92188 0.0512562

4.92188 0.0512569
4.92561 0.0585938

4.925 0.0585938
4.94118 0.078125

4.94134 0.078125
4.94141 0.0781925

4.94141 0.0783419
4.96094 0.0937836

4.96094 0.0938075
4.96937 0.0976562

0 3.91595
-0.00161716 3.92578

4.97138 0.0976562
4.98047 0.101805

4.98047 0.101908
5 0.105895

-0.00162672 3.92578
-0.00476837 3.94531

-0.00477307 3.94531
-0.00783346 3.96484

-0.00783906 3.96484
-0.0107976 3.98438

-0.0108019 3.98438
-0.0136387 4.00391

-0.0136431 4.00391
-0.016341 4.02344

-0.0195312 4.04827
-0.0212591 4.0625

-0.0163453 4.02344
-0.0188867 4.04297

-0.0195312 4.04823
-0.0188924 4.04297

-0.0212643 4.0625
-0.0234536 4.08203

-0.0234571 4.08203
-0.0254495 4.10156

-0.0254528 4.10156
-0.027235 4.12109

-0.0272374 4.12109
-0.0287979 4.14062

-0.0287994 4.14062
-0.0301304 4.16016

-0.0301319 4.16016
-0.0312273 4.17969

-0.0312284 4.17969
-0.0320832 4.19922

-0.0320833 4.19922
-0.0326954 4.21875

-0.0326952 4.21875
-0.033065 4.23828

-0.0330651 4.23828
-0.033193 4.25781

-0.0331922 4.25781
-0.0330796 4.27734

-0.0330777 4.27734
-0.03273 4.29688

-0.0327285 4.29688
-0.0321527 4.31641

-0.0321513 4.31641
-0.031353 4.33594

-0.0313498 4.33594
-0.0303381 4.35547

-0.0303341 4.35547
-0.0291236 4.375

-0.0291208 4.375
-0.0277249 4.39453

-0.0277213 4.39453
-0.0261525 4.41406

-0.0261461 4.41406
-0.0244244 4.43359

-0.0244196 4.43359
-0.0225674 4.45312

-0.0225634 4.45312
-0.0205982 4.47266

-0.0205796 4.47266
-0.0195312 4.48264

-0.0195312 4.48281
-0.0185472 4.49219

-0.0185379 4.49219
-0.0164219 4.51172

-0.0164169 4.51172
-0.0142453 4.53125

-0.01424 4.53125
-0.0120332 4.55078

-0.012028 4.55078
-0.00980727 4.57031

-0.00980186 4.57031
-0.0075884 4.58984

-0.00758296 4.58984
-0.00539847 4.60938

-0.00539329 4.60938
-0.00325901 4.62891

-0.00325419 4.62891
-0.00119012 4.64844

-0.00117882 4.64844
0 4.66009

0.0109331 5
0.00998019 5.01953

0.00997675 5.01953
0.00888136 5.03906

0.00887815 5.03906
0.00765361 5.05859

0.00764918 5.05859
0.0063108 5.07812

0.00630509 5.07812
0.00487318 5.09766

0.00486831 5.09766
0.00336403 5.11719

0.00335748 5.11719
0.00180367 5.13672

0.00179543 5.13672
0.000221672 5.15625

0 5.15894
0.000216046 5.15625

0 5.15896
-0.00135119 5.17578

-0.00135713 5.17578
-0.00290165 5.19531

-0.00290769 5.19531
-0.00440428 5.21484

-0.00441051 5.21484
-0.00583463 5.23438

-0.00584073 5.23438
-0.00716772 5.25391

-0.00717355 5.25391
-0.00837957 5.27344

-0.00838496 5.27344
-0.00944755 5.29297

-0.00945226 5.29297
-0.0103512 5.3125

-0.0103551 5.3125
-0.0110733 5.33203

-0.0110761 5.33203
-0.0116002 5.35156

-0.0116018 5.35156
-0.0119232 5.37109

-0.0119236 5.37109
-0.0120379 5.39062

-0.0120371 5.39062
-0.0119452 5.41016

-0.0119431 5.41016
-0.0116508 5.42969

-0.0116476 5.42969
-0.0111655 5.44922

-0.011161 5.44922
-0.0105044 5.46875

-0.0104991 5.46875
-0.00968777 5.48828

-0.00968165 5.48828
-0.00873847 5.50781

-0.00873158 5.50781
-0.00768257 5.52734

-0.00767548 5.52734
-0.00654861 5.54688

-0.00654158 5.54688
-0.0053651 5.56641

-0.00535778 5.56641
-0.00416041 5.58594

-0.00415385 5.58594
-0.00296333 5.60547

-0.00295729 5.60547
-0.00179884 5.625

-0.00179265 5.625
-0.000690742 5.64453

-0.000682723 5.64453
0 5.65753

0 5.96279
-0.000589539 5.97656

-0.000594992 5.97656
-0.00143621 5.99609

-0.0014423 5.99609
-0.00226587 6.01562

-0.00227201 6.01562
-0.00305345 6.03516

-0.00305939 6.03516
-0.00377454 6.05469

-0.00377996 6.05469
-0.00440611 6.07422

-0.00441071 6.07422
-0.00492783 6.09375

-0.00493131 6.09375
-0.00532321 6.11328

-0.00532533 6.11328
-0.00558081 6.13281

-0.00558149 6.13281
-0.00569495 6.15234

-0.00569414 6.15234
-0.00566581 6.17188

-0.00566358 6.17188
-0.00549953 6.19141

-0.00549611 6.19141
-0.00520764 6.21094

-0.00520316 6.21094
-0.00480607 6.23047

-0.00480092 6.23047
-0.00431446 6.25

-0.00430893 6.25
-0.00375445 6.26953

-0.00374856 6.26953
-0.00314892 6.28906

-0.00314322 6.28906
-0.00252162 6.30859

-0.00251607 6.30859
-0.00189498 6.32812

-0.00188966 6.32812
-0.00129081 6.34766

-0.00128643 6.34766
-0.000729217 6.36719

-0.000724988 6.36719
-0.000226626 6.38672

-0.000218992 6.38672
0 6.39676

0 6.57357
-0.000162332 6.58203

-0.000162612 6.58203
-0.000580418 6.60156

-0.00058513 6.60156
-0.00102893 6.62109

-0.00103398 6.62109
-0.00148425 6.64062

-0.00148945 6.64062
-0.00192569 6.66016

-0.00193078 6.66016
-0.00233241 6.67969

-0.00233709 6.67969
-0.0026846 6.69922

-0.00268855 6.69922
-0.00296466 6.71875

-0.00296762 6.71875
-0.00315849 6.73828

-0.0031602 6.73828
-0.00325652 6.75781

-0.00325684 6.75781
-0.00325456 6.77734

-0.00325343 6.77734
-0.00315416 6.79688

-0.00315162 6.79688
-0.00296269 6.81641

-0.00295894 6.81641
-0.00269296 6.83594

-0.00268825 6.83594
-0.00236215 6.85547

-0.00235682 6.85547
-0.00199069 6.875

-0.00198511 6.875
-0.00160079 6.89453

-0.0015953 6.89453
-0.00121496 6.91406

-0.00120989 6.91406
-0.000854653 6.93359

-0.000850282 6.93359
-0.000539034 6.95312

-0.000535561 6.95312
-0.000283992 6.97266

-0.000281551 6.97266
-0.000101491 6.99219

-0.000100232 6.99219
0 7.01154

-2.06142e-06 7.01172
0 7.01381

0 7.0366
-4.41616e-05 7.05078

-4.35051e-05 7.05078
-0.000178103 7.07031

-0.000181202 7.07031
-0.000379331 7.08984

-0.000383314 7.08984
-0.000630811 7.10938

-0.000635486 7.10938
-0.000915035 7.12891

-0.000920144 7.12891
-0.00121218 7.14844

-0.00121741 7.14844
-0.00150124 7.16797

-0.00150621 7.16797
-0.00176142 7.1875

-0.00176572 7.1875
-0.00197377 7.20703

-0.00197701 7.20703
-0.00212284 7.22656

-0.00212469 7.22656
-0.00219812 7.24609

-0.00219839 7.24609
-0.0021952 7.26562

-0.00219383 7.26562
-0.00211621 7.28516

-0.00211333 7.28516
-0.00196976 7.30469

-0.00196569 7.30469
-0.00177008 7.32422

-0.00176524 7.32422
-0.00153543 7.34375

-0.00153031 7.34375
-0.00128621 7.36328

-0.0012813 7.36328
-0.00104298 7.38281

-0.00103868 7.38281
-0.000824569 7.40234

-0.000821199 7.40234
-0.000646636 7.42188

-0.000644398 7.42188
-0.000520597 7.44141

-0.000519576 7.44141
-0.000453057 7.46094

-0.000453242 7.46094
-0.000445676 7.48047

-0.000446997 7.48047
-0.000495372 7.5

-0.000497685 7.5
-0.000594732 7.51953

-0.000597833 7.51953
-0.000732724 7.53906

-0.000736368 7.53906
-0.000895615 7.55859

-0.000899514 7.55859
-0.00106803 7.57812

-0.00107189 7.57812
-0.00123418 7.59766

-0.00123767 7.59766
-0.00137904 7.61719

-0.00138187 7.61719
-0.00148967 7.63672

-0.00149157 7.63672
-0.00155634 7.65625

-0.00155712 7.65625
-0.00157348 7.67578

-0.00157304 7.67578
-0.00154029 7.69531

-0.00153864 7.69531
-0.00146099 7.71484

-0.00145828 7.71484
-0.00134446 7.73438

-0.00134099 7.73438
-0.00120335 7.75391

-0.00119951 7.75391
-0.00105269 7.77344

-0.00104891 7.77344
-0.000908121 7.79297

-0.000904823 7.79297
-0.000784218 7.8125

-0.000781748 7.8125
-0.000692861 7.83203

-0.000691459 7.83203
-0.000642035 7.85156

-0.000641819 7.85156
-0.000635096 7.87109

-0.000636077 7.87109
-0.000670524 7.89062

-0.000672595 7.89062
-0.00074211 7.91016

-0.000745049 7.91016
-0.000839615 7.92969

-0.000843091 7.92969
-0.000949879 7.94922

-0.000953492 7.94922
-0.00105832 7.96875

-0.00106162 7.96875
-0.00115068 7.98828

-0.00115319 7.98828
-0.00121486 8.00781

-0.00121624 8.00781
-0.00124272 8.02734

-0.00124275 8.02734
-0.00123123 8.04688

-0.0012299 8.04688
-0.00118301 8.06641

-0.00118054 8.06641
-0.00110588 8.08594

-0.00110269 8.08594
-0.00101161 8.10547

-0.00100821 8.10547
-0.000913896 8.125

-0.000910803 8.125
-0.000826255 8.14453

-0.000823921 8.14453
-0.000759987 8.16406

-0.000758713 8.16406
-0.000722609 8.18359

-0.000722528 8.18359
-0.000716967 8.20312

-0.000718045 8.20312
-0.000741032 8.22266

-0.000743066 8.22266
-0.000788374 8.24219

-0.000791016 8.24219
-0.000849295 8.26172

-0.000852108 8.26172
-0.000912446 8.28125

-0.000914964 8.28125
-0.000966696 8.30078

-0.000968495 8.30078
-0.00100299 8.32031

-0.00100378 8.32031
-0.00101585 8.33984

-0.00101555 8.33984
-0.00100419 8.35938

-0.00100292 8.35938
-0.00097129 8.37891

-0.000969335 8.37891
-0.000923891 8.39844

-0.000921659 8.39844
-0.000870775 8.41797

-0.000868684 8.41797
-0.000821004 8.4375

-0.000819419 8.4375
-0.000782295 8.45703

-0.000781459 8.45703
-0.00075973 8.47656

-0.00075974 8.47656
-0.000755057 8.49609

-0.000755859 8.49609
-0.000766599 8.51562

-0.000767997 8.51562
-0.000789761 8.53516

-0.000791452 8.53516
-0.00081806 8.55469

-0.00081969 8.55469
-0.000844502 8.57422

-0.000845732 8.57422
-0.000863027 8.59375

-0.00086362 8.59375
-0.000869751 8.61328

-0.000869621 8.61328
-0.00086366 8.63281

-0.000862893 8.63281
-0.000846635 8.65234

-0.000845461 8.65234
-0.000822786 8.67188

-0.000821516 8.67188
-0.000797311 8.69141

-0.000796247 8.69141
-0.000775182 8.71094

-0.00077455 8.71094
-0.000760019 8.73047

-0.000759923 8.73047
-0.000753383 8.75

-0.00075379 8.75
-0.000754621 8.76953

-0.000755371 8.76953
-0.000761262 8.78906

-0.000762121 8.78906
-0.000769855 8.80859

-0.00077059 8.80859
-0.000776979 8.82812

-0.000777419 8.82812
-0.00078011 8.84766

-0.000780181 8.84766
-0.000778153 8.86719

-0.000777885 8.86719
-0.000771531 8.88672

-0.000771052 8.88672
-0.000761865 8.90625

-0.000761351 8.90625
-0.000751317 8.92578

-0.000750913 8.92578
-0.000741871 8.94531

-0.000741666 8.94531
-0.000734835 8.96484

-0.000734854 8.96484
-0.000730608 8.98438

-0.000730801 8.98438
-0.000728715 9.00391

-0.000728984 9.00391
-0.000728135 9.02344

-0.000728379 9.02344
-0.000727741 9.04297

-0.000727909 9.04297
-0.000726655 9.0625

-0.000726721 9.0625
-0.000724383 9.08203

-0.000724337 9.08203
-0.000720874 9.10156

-0.000720755 9.10156
-0.000716494 9.12109

-0.000716371 9.12109
-0.000711798 9.14062

-0.000711721 9.14062
-0.000707236 9.16016

-0.000707207 9.16016
-0.000703021 9.17969

-0.000702994 9.17969
-0.000699221 9.19922

-0.000699278 9.19922
-0.000695855 9.21875

-0.000695907 9.21875
-0.000692614 9.23828

-0.000692615 9.23828
-0.000689348 9.25781

-0.000689346 9.25781
-0.000686107 9.27734

-0.000686106 9.27734
-0.0006829 9.29688

-0.000682883 9.29688
-0.000676611 9.33594

-0.000676641 9.33594
-0.00067357 9.35547

-0.000673557 9.35547
-0.000670514 9.375

-0.00067052 9.375
-0.000664521 9.41406

-0.000664554 9.41406
-0.000661583 9.43359

-0.000661568 9.43359
-0.000658588 9.45312

-0.000658576 9.45312
-0.000652708 9.49219

-0.000652767 9.49219
-0.00064986 9.51172

-0.000649846 9.51172
-0.000646875 9.53125

-0.000646856 9.53125
-0.000640919 9.57031

-0.000640913 9.57031
-0.000635013 9.60938

-0.000634996 9.60938
-0.000629179 9.64844

-0.000629225 9.64844
-0.000626345 9.66797

-0.000626337 9.66797
-0.00062341 9.6875

-0.000623398 9.6875
-0.000620464 9.70703

-0.000620465 9.70703
-0.000617548 9.72656

-0.000617503 9.72656
-0.000611876 9.76562

-0.000611938 9.76562
-0.000609222 9.78516

-0.00060922 9.78516
-0.000606479 9.80469

-0.000606467 9.80469
-0.000600988 9.84375

-0.00060099 9.84375
-0.000595527 9.88281

-0.000595536 9.88281
-0.000592806 9.90234

-0.000592802 9.90234
-0.000590062 9.92188

-0.000590037 9.92188
-0.000584652 9.96094

-0.000584672 9.96094
-0.000579391 10

-0.000579403 10
-0.000574161 10.0391

-0.000574161 10.0391
-0.000571546 10.0586

-0.000571542 10.0586
-0.000568941 10.0781

-0.000568921 10.0781
-0.000563837 10.1172

-0.000563816 10.1172
-0.000558941 10.1562

-0.000558988 10.1562
-0.000554269 10.1953

-0.000554284 10.1953
-0.000549599 10.2344

-0.000549608 10.2344
-0.000547265 10.2539

-0.000547261 10.2539
-0.000544906 10.2734

-0.000544875 10.2734
-0.000540281 10.3125

-0.00054032 10.3125
-0.000538078 10.332

-0.000538074 10.332
-0.000535816 10.3516

-0.000535802 10.3516
-0.000531328 10.3906

-0.000531347 10.3906
-0.000529129 10.4102

-0.000529129 10.4102
-0.000526892 10.4297

-0.000526886 10.4297
-0.000522395 10.4688

-0.000522378 10.4688
-0.000517908 10.5078

-0.000517899 10.5078
-0.000513502 10.5469

-0.000513518 10.5469
-0.00051135 10.5664

-0.00051135 10.5664
-0.00050918 10.5859

-0.000509181 10.5859
-0.000507006 10.6055

-0.000507007 10.6055
-0.000504821 10.625

-0.000504819 10.625
-0.000502624 10.6445

-0.000502618 10.6445
-0.000500432 10.6641

-0.000500432 10.6641
-0.00049827 10.6836

-0.000498268 10.6836
-0.000496133 10.7031

-0.000496133 10.7031
-0.00049403 10.7227

-0.000494032 10.7227
-0.000491957 10.7422

-0.000491927 10.7422
-0.000487952 10.7812

-0.000488009 10.7812
-0.000486098 10.8008

-0.000486095 10.8008
-0.000484151 10.8203

-0.000484154 10.8203
-0.000482179 10.8398

-0.000482178 10.8398
-0.000480166 10.8594

-0.000480157 10.8594
-0.000478124 10.8789

-0.000478125 10.8789
-0.000476087 10.8984

-0.000476085 10.8984
-0.000474044 10.918

-0.000474043 10.918
-0.000472004 10.9375

-0.000472001 10.9375
-0.000469972 10.957

-0.000469975 10.957
-0.000467955 10.9766

-0.000467926 10.9766
-0.000464008 11.0156

-0.000463996 11.0156
-0.000460284 11.0547

-0.000460311 11.0547
-0.000458536 11.0742

-0.000458542 11.0742
-0.000456782 11.0938

-0.000456773 11.0938
-0.000455032 11.1133

-0.000455034 11.1133
-0.000453327 11.1328

-0.000453335 11.1328
-0.00045164 11.1523

-0.000451644 11.1523
-0.000449939 11.1719

-0.000449935 11.1719
-0.000448221 11.1914

-0.000448219 11.1914
-0.000446509 11.2109

-0.000446508 11.2109
-0.000444808 11.2305

-0.000444808 11.2305
-0.000443117 11.25

-0.000443117 11.25
-0.000441437 11.2695

-0.000441437 11.2695
-0.000439771 11.2891

-0.000439747 11.2891
-0.000436542 11.3281

-0.000436562 11.3281
-0.0004335 11.3672

-0.000433526 11.3672
-0.000432025 11.3867

-0.00043202 11.3867
-0.000430507 11.4062

-0.000430506 11.4062
-0.000428993 11.4258

-0.000428994 11.4258
-0.000427483 11.4453

-0.000427489 11.4453
-0.000425964 11.4648

-0.000425967 11.4648
-0.00042441 11.4844

-0.000424396 11.4844
-0.000422829 11.5039

-0.000422838 11.5039
-0.00042127 11.5234

-0.000421242 11.5234
-0.000418181 11.5625

-0.000418205 11.5625
-0.000416713 11.582

-0.000416709 11.582
-0.000415214 11.6016

-0.000415205 11.6016
-0.00041226 11.6406

-0.000412266 11.6406
-0.000410819 11.6602

-0.000410818 11.6602
-0.000409385 11.6797

-0.000409386 11.6797
-0.000407967 11.6992

-0.000407968 11.6992
-0.00040656 11.7188

-0.000406553 11.7188
-0.000403786 11.7578

-0.000403791 11.7578
-0.000401083 11.7969

-0.000401081 11.7969
-0.000398428 11.8359

-0.00039844 11.8359
-0.000395823 11.875

-0.000395836 11.875
-0.000394528 11.8945

-0.000394521 11.8945
-0.000393202 11.9141

-0.000393208 11.9141
-0.000391881 11.9336

-0.000391883 11.9336
-0.000390533 11.9531

-0.000390516 11.9531
-0.000387825 11.9922

-0.000387798 11.9922
-0.000385189 12.0312

-0.000385166 12.0312
-0.00038274 12.0703

-0.000382781 12.0703
-0.000381643 12.0898

-0.000381639 12.0898
-0.000380499 12.1094

-0.000380498 12.1094
-0.000379365 12.1289

-0.000379363 12.1289
-0.000378242 12.1484

-0.000378246 12.1484
-0.000377134 12.168

-0.000377131 12.168
-0.000376026 12.1875

-0.000376034 12.1875
-0.000374925 12.207

-0.000374924 12.207
-0.000373797 12.2266

-0.00037379 12.2266
-0.000371539 12.2656

-0.000371547 12.2656
-0.000369289 12.3047

-0.000369276 12.3047
-0.000367021 12.3438

-0.000367034 12.3438
-0.000364783 12.3828

-0.000364795 12.3828
-0.000363657 12.4023

-0.000363654 12.4023
-0.000362486 12.4219

-0.000362452 12.4219
-0.000360201 12.4609

-0.000360256 12.4609
-0.000358037 12.5

-0.000358032 12.5
-0.000355746 12.5391

-0.000355727 12.5391
-0.000353425 12.5781

-0.000353435 12.5781
-0.000351134 12.6172

-0.000351133 12.6172
-0.000349976 12.6367

-0.000349975 12.6367
-0.000348815 12.6562

-0.000348814 12.6562
-0.000347654 12.6758

-0.000347654 12.6758
-0.000346498 12.6953

-0.000346495 12.6953
-0.00034421 12.7344

-0.000344213 12.7344
-0.000341959 12.7734

-0.000341953 12.7734
-0.000339734 12.8125

-0.000339742 12.8125
-0.000338648 12.832

-0.000338647 12.832
-0.000337553 12.8516

-0.000337547 12.8516
-0.000335383 12.8906

-0.000335388 12.8906
-0.000334318 12.9102

-0.000334317 12.9102
-0.000333252 12.9297

-0.000333255 12.9297
-0.000332191 12.9492

-0.000332188 12.9492
-0.000331125 12.9688

-0.000331126 12.9688
-0.000330067 12.9883

-0.000330069 12.9883
-0.000329007 13.0078

-0.00032901 13.0078
-0.000326855 13.0469

-0.000326852 13.0469
-0.000324665 13.0859

-0.000324665 13.0859
-0.000323561 13.1055

-0.000323562 13.1055
-0.000322446 13.125

-0.000322445 13.125
-0.000321319 13.1445

-0.000321321 13.1445
-0.000320184 13.1641

-0.000320173 13.1641
-0.000317908 13.2031

-0.000317898 13.2031
-0.000315678 13.2422

-0.000315652 13.2422
-0.00031355 13.2812

-0.000313592 13.2812
-0.000311574 13.3203

-0.000311582 13.3203
-0.000310569 13.3398

-0.000310568 13.3398
-0.000309535 13.3594

-0.000309538 13.3594
-0.000308483 13.3789

-0.00030848 13.3789
-0.000307403 13.3984

-0.0003074 13.3984
-0.000306312 13.418

-0.000306312 13.418
-0.000305219 13.4375

-0.000305219 13.4375
-0.00030412 13.457

-0.000304119 13.457
-0.000303014 13.4766

-0.000303004 13.4766
-0.000300827 13.5156

-0.000300811 13.5156
-0.000299749 13.5352

-0.000299748 13.5352
-0.000298747 13.5547

-0.000298765 13.5547
-0.000297791 13.5742

-0.000297792 13.5742
-0.000296807 13.5938

-0.000296804 13.5938
-0.000295812 13.6133

-0.000295809 13.6133
-0.000294824 13.6328

-0.000294835 13.6328
-0.000293842 13.6523

-0.00029384 13.6523
-0.000292823 13.6719

-0.000292811 13.6719
-0.000290788 13.7109

-0.000290788 13.7109
-0.000288789 13.75

-0.000288801 13.75
-0.000287806 13.7695

-0.000287804 13.7695
-0.000286791 13.7891

-0.000286789 13.7891
-0.000285766 13.8086

-0.000285768 13.8086
-0.000284734 13.8281

-0.000284708 13.8281
-0.000282715 13.8672

-0.000282693 13.8672
-0.000280866 13.9062

-0.00028092 13.9062
-0.000279192 13.9453

-0.000279185 13.9453
-0.000278319 13.9648

-0.000278312 13.9648
-0.000277472 13.9844

-0.000277477 13.9844
-0.000276665 14.0039

-0.000276659 14.0039
-0.000275878 14.0234

-0.000275892 14.0234
-0.000275129 14.043

-0.000275133 14.043
-0.000274354 14.0625

-0.000274333 14.0625
-0.000272812 14.1016

-0.000272816 14.1016
-0.000272081 14.1211

-0.000272079 14.1211
-0.000271366 14.1406

-0.000271376 14.1406
-0.00027067 14.1602

-0.000270668 14.1602
-0.000269953 14.1797

-0.000269952 14.1797
-0.000269234 14.1992

-0.000269233 14.1992
-0.000268514 14.2188

-0.000268517 14.2188
-0.000267794 14.2383

-0.000267794 14.2383
-0.000267063 14.2578

-0.000267067 14.2578
-0.000266323 14.2773

-0.000266322 14.2773
-0.000265555 14.2969

-0.000265544 14.2969
-0.000264775 14.3164

-0.000264779 14.3164
-0.000264022 14.3359

-0.000264022 14.3359
-0.000263268 14.3555

-0.000263268 14.3555
-0.000262518 14.375

-0.000262513 14.375
-0.000261777 14.3945

-0.000261775 14.3945
-0.000261067 14.4141

-0.000261082 14.4141
-0.000259669 14.4531

-0.000259676 14.4531
-0.000258962 14.4727

-0.00025896 14.4727
-0.000258228 14.4922

-0.000258227 14.4922
-0.000257484 14.5117

-0.000257482 14.5117
-0.000256735 14.5312

-0.000256735 14.5312
-0.000255989 14.5508

-0.000255983 14.5508
-0.000255252 14.5703

0 5.65779
0.0003295 5.66406

0.000343484 5.66406
0.00127704 5.68359

0.00128105 5.68359
0.00210471 5.70312

0.0021081 5.70312
0.00280704 5.72266

0.00280974 5.72266
0.00337177 5.74219

0.00337376 5.74219
0.0037895 5.76172

0.0037906 5.76172
0.00405386 5.78125

0.00405405 5.78125
0.00416224 5.80078

0.00416174 5.80078
0.00411549 5.82031

0.00411382 5.82031
0.00391748 5.83984

0.00391502 5.83984
0.00357683 5.85938

0.00357367 5.85938
0.00310486 5.87891

0.00310034 5.87891
0.00251626 5.89844

0.00251162 5.89844
0.00183058 5.91797

0.00182496 5.91797
0.00106749 5.9375

-0.000255254 14.5703
-0.000253838 14.6094

-0.000253858 14.6094
-0.000252456 14.6484

-0.000252344 14.6484
-0.000251141 14.6875

-0.000251229 14.6875
-0.000250762 14.707

-0.000250761 14.707
-0.000250256 14.7266

-0.000250259 14.7266
-0.000249713 14.7461

-0.00024971 14.7461
-0.00024912 14.7656

-0.00024912 14.7656
-0.000248493 14.7852

-0.000248491 14.7852
-0.00024783 14.8047

-0.000247831 14.8047
-0.000247137 14.8242

-0.000247147 14.8242
-0.000246401 14.8438

-0.000246384 14.8438
-0.000245599 14.8633

-0.0002456 14.8633
-0.000244806 14.8828

-0.000244779 14.8828
-0.000243277 14.9219

-0.000243292 14.9219
-0.000241893 14.9609

-0.00024189 14.9609
-0.00024057 15

-0.000240586 15
-0.000239954 15.0195

-0.000239951 15.0195
-0.000239319 15.0391

-0.000239316 15.0391
-0.000238698 15.0586

-0.000238691 15.0586
-0.000238108 15.0781

-0.000238123 15.0781
-0.000237557 15.0977

-0.000237554 15.0977
-0.000236979 15.1172

-0.000236978 15.1172
-0.000236401 15.1367

-0.0002364 15.1367
-0.000235827 15.1562

-0.000235825 15.1562
-0.000235265 15.1758

-0.000235264 15.1758
-0.000234725 15.1953

-0.000234727 15.1953
-0.000234207 15.2148

-0.000234207 15.2148
-0.000233705 15.2344

-0.000233712 15.2344
-0.000233216 15.2539

-0.000233214 15.2539
-0.000232713 15.2734

-0.000232708 15.2734
-0.000232216 15.293

-0.000232218 15.293
-0.00023174 15.3125

-0.000231731 15.3125
-0.000230832 15.3516

-0.000230846 15.3516
-0.000230422 15.3711

-0.00023042 15.3711
-0.00023 15.3906

-0.000230001 15.3906
-0.000229588 15.4102

-0.000229591 15.4102
-0.000229175 15.4297

-0.000229186 15.4297
-0.000228738 15.4492

-0.000228735 15.4492
-0.000228241 15.4688

-0.000228239 15.4688
-0.000227709 15.4883

-0.000227708 15.4883
-0.000227146 15.5078

-0.000227126 15.5078
-0.000226024 15.5469

-0.000226041 15.5469
-0.000225503 15.5664

-0.000225505 15.5664
-0.00022494 15.5859

-0.000224909 15.5859
-0.000223842 15.625

-0.000223851 15.625
-0.000222874 15.6641

-0.000222887 15.6641
-0.000222421 15.6836

-0.000222417 15.6836
-0.000221956 15.7031

-0.000221959 15.7031
-0.000221505 15.7227

-0.000221509 15.7227
-0.000221047 15.7422

-0.000221033 15.7422
-0.000220135 15.7812

-0.000220091 15.7812
-0.000219329 15.8203

-0.000219348 15.8203
-0.00021877 15.8594

-0.000218792 15.8594
-0.000218552 15.8789

-0.000218557 15.8789
-0.000218314 15.8984

-0.000218313 15.8984
-0.000218062 15.918

-0.000218064 15.918
-0.000217801 15.9375

-0.000217801 15.9375
-0.000217522 15.957

-0.00021752 15.957
-0.000217229 15.9766

-0.000217241 15.9766
-0.000216918 15.9961

-0.000216915 15.9961
-0.000216538 16.0156

-0.000216527 16.0156
-0.000216125 16.0352

-0.000216134 16.0352
-0.000215712 16.0547

-0.000215674 16.0547
-0.000214907 16.0938

-0.000214932 16.0938
-0.000214592 16.1133

-0.000214592 16.1133
-0.000214245 16.1328

-0.000214241 16.1328
-0.000213898 16.1523

-0.000213901 16.1523
-0.000213563 16.1719

-0.000213548 16.1719
-0.000212932 16.2109

-0.000212951 16.2109
-0.000212386 16.25

-0.000212393 16.25
-0.000212112 16.2695

-0.000212111 16.2695
-0.000211824 16.2891

-0.000211829 16.2891
-0.000211528 16.3086

-0.000211521 16.3086
-0.000211207 16.3281

-0.000211206 16.3281
-0.000210894 16.3477

-0.000210902 16.3477
-0.000210582 16.3672

-0.000210576 16.3672
-0.000210241 16.3867

-0.00021024 16.3867
-0.000209903 16.4062

-0.000209907 16.4062
-0.000209566 16.4258

-0.000209556 16.4258
-0.000209224 16.4453

-0.000209233 16.4453
-0.000208912 16.4648

-0.00020891 16.4648
-0.000208586 16.4844

-0.000208585 16.4844
-0.000208264 16.5039

-0.000208273 16.5039
-0.000207937 16.5234

-0.000207933 16.5234
-0.000207572 16.543

-0.000207572 16.543
-0.000207192 16.5625

-0.000207195 16.5625
-0.000206789 16.582

-0.00020678 16.582
-0.000206359 16.6016

-0.000206359 16.6016
-0.000205524 16.6406

-0.000205531 16.6406
-0.000205114 16.6602

-0.000205111 16.6602
-0.000204687 16.6797

-0.000204697 16.6797
-0.000204252 16.6992

-0.000204241 16.6992
-0.000203776 16.7188

-0.000203765 16.7188
-0.000202882 16.7578

-0.00020291 16.7578
-0.000202042 16.7969

-0.000202042 16.7969
-0.000201592 16.8164

-0.000201591 16.8164
-0.000201126 16.8359

-0.000201108 16.8359
-0.000200226 16.875

-0.000200258 16.875
-0.00019939 16.9141

-0.000199385 16.9141
-0.000198933 16.9336

-0.000198934 16.9336
-0.000198473 16.9531

-0.000198466 16.9531
-0.000198007 16.9727

-0.000198015 16.9727
-0.000197559 16.9922

-0.000197552 16.9922
-0.000197099 17.0117

-0.000197099 17.0117
-0.000196662 17.0312

-0.000196663 17.0312
-0.00019624 17.0508

-0.000196243 17.0508
-0.000195825 17.0703

-0.000195814 17.0703
-0.000195024 17.1094

-0.000195041 17.1094
-0.000194283 17.1484

-0.000194316 17.1484
-0.000193922 17.168

-0.000193923 17.168
-0.000193448 17.1875

-0.000193387 17.1875
-0.000192512 17.2266

-0.000192527 17.2266
-0.000192145 17.2461

-0.000192141 17.2461
-0.000191793 17.2656

-0.000191802 17.2656
-0.000191478 17.2852

-0.000191479 17.2852
-0.000191162 17.3047

-0.000191161 17.3047
-0.000190543 17.3438

-0.000190556 17.3438
-0.00019025 17.3633

-0.000190253 17.3633
-0.000189918 17.3828

-0.00018991 17.3828
-0.000189558 17.4023

-0.00018956 17.4023
-0.000189201 17.4219

-0.000189198 17.4219
-0.000188834 17.4414

-0.000188835 17.4414
-0.000188466 17.4609

-0.00018844 17.4609
-0.000187792 17.5

-0.000187813 17.5
-0.000187261 17.5391

-0.000187272 17.5391
-0.000187013 17.5586

-0.000187012 17.5586
-0.000186752 17.5781

-0.000186739 17.5781
-0.000186269 17.6172

-0.000186265 17.6172
-0.00018588 17.6562

-0.0001859 17.6562
-0.000185736 17.6758

-0.000185731 17.6758
-0.000185566 17.6953

-0.000185571 17.6953
-0.000185404 17.7148

-0.000185399 17.7148
-0.000185231 17.7344

-0.000185231 17.7344
-0.000185069 17.7539

-0.000185072 17.7539
-0.000184909 17.7734

-0.00018491 17.7734
-0.000184738 17.793

-0.000184734 17.793
-0.000184559 17.8125

-0.000184555 17.8125
-0.000184391 17.832

-0.000184389 17.832
-0.00018425 17.8516

-0.000184252 17.8516
-0.000184139 17.8711

-0.000184144 17.8711
-0.000184045 17.8906

-0.000184056 17.8906
-0.000183823 17.9297

-0.000183838 17.9297
-0.000183693 17.9492

-0.000183697 17.9492
-0.000183487 17.9688

-0.000183423 17.9688
-0.000183118 18.0078

-0.000183137 18.0078
-0.000183004 18.0469

-0.000183011 18.0469
-0.000183 18.0859

-0.000183017 18.0859
-0.000183047 18.1055

-0.000183048 18.1055
-0.000183077 18.125

-0.00018308 18.125
-0.000183097 18.1445

-0.000183096 18.1445
-0.000183094 18.1641

-0.0001831 18.1641
-0.00018307 18.1836

-0.000183064 18.1836
-0.000183005 18.2031

-0.000183002 18.2031
-0.000182936 18.2227

-0.000182933 18.2227
-0.000182872 18.2422

-0.000182861 18.2422
-0.0001828 18.2812

-0.000182791 18.2812
-0.000182836 18.3203

-0.00018287 18.3203
-0.000182974 18.3594

-0.000182967 18.3594
-0.000183019 18.3789

-0.00018302 18.3789
-0.000183084 18.3984

-0.000183086 18.3984
-0.000183156 18.418

-0.000183158 18.418
-0.000183224 18.4375

-0.000183227 18.4375
-0.000183277 18.457

-0.000183279 18.457
-0.000183303 18.4766

-0.00018327 18.4766
-0.000183392 18.5156

-0.000183439 18.5156
-0.000183531 18.5352

-0.00018353 18.5352
-0.000183563 18.5547

-0.000183562 18.5547
-0.000183537 18.5742

-0.00018354 18.5742
-0.000183452 18.5938

-0.000183383 18.5938
-0.000183351 18.6328

-0.000183404 18.6328
-0.000183466 18.6523

-0.000183467 18.6523
-0.000183501 18.6719

-0.000183502 18.6719
-0.000183504 18.6914

-0.000183507 18.6914
-0.000183471 18.7109

-0.00018345 18.7109
-0.000183374 18.75

-0.000183395 18.75
-0.000183354 18.7695

-0.000183356 18.7695
-0.000183269 18.7891

-0.00018326 18.7891
-0.00018314 18.8086

-0.000183138 18.8086
-0.000183004 18.8281

-0.00018297 18.8281
-0.000182819 18.8672

-0.000182839 18.8672
-0.000182828 18.8867

-0.000182825 18.8867
-0.000182843 18.9062

-0.000182819 18.9062
-0.000183021 18.9453

-0.000183054 18.9453
-0.000183236 18.9648

-0.000183235 18.9648
-0.000183432 18.9844

-0.000183434 18.9844
-0.000183646 19.0039

-0.000183647 19.0039
-0.000183867 19.0234

-0.000183871 19.0234
-0.000184301 19.0625

-0.000184301 19.0625
-0.00018451 19.082

-0.000184514 19.082
-0.000184713 19.1016

0.00106062 5.9375
0.000251677 5.95703

0 5.96278
0.000246142 5.95703

-0.000184713 19.1016
-0.000184893 19.1211

-0.000184893 19.1211
-0.000185053 19.1406

-0.000185053 19.1406
-0.000185194 19.1602

-0.000185194 19.1602
-0.000185317 19.1797

-0.000185324 19.1797
-0.000185415 19.1992

-0.000185408 19.1992
-0.000185464 19.2188

-0.000185454 19.2188
-0.000185509 19.2383

-0.000185506 19.2383
-0.000185584 19.2578

-0.000185595 19.2578
-0.000185767 19.2969

-0.000185735 19.2969
-0.000185982 19.3359

-0.000186024 19.3359
-0.000186329 19.375

-0.000186339 19.375
-0.000186477 19.3945

-0.000186475 19.3945
-0.000186585 19.4141

-0.000186578 19.4141
-0.000186677 19.4336

-0.000186678 19.4336
-0.000186778 19.4531

-0.00018678 19.4531
-0.00018697 19.4922

-0.00018697 19.4922
-0.000187147 19.5312

-0.000187141 19.5312
-0.000187227 19.5508

-0.000187234 19.5508
-0.000187315 19.5703

-0.000187314 19.5703
-0.000187382 19.5898

-0.000187385 19.5898
-0.000187438 19.6094

-0.000187436 19.6094
-0.000187475 19.6289

-0.000187473 19.6289
-0.000187504 19.6484

-0.000187502 19.6484
-0.000187532 19.668

-0.000187538 19.668
-0.000187558 19.6875

-0.000187548 19.6875
-0.000187585 19.7266

-0.000187612 19.7266
-0.0001876 19.7656

-0.000187555 19.7656
-0.00018753 19.8047

-0.000187565 19.8047
-0.000187549 19.8438

-0.000187549 19.8438
-0.000187515 19.8633

-0.000187512 19.8633
-0.000187459 19.8828

-0.000187456 19.8828
-0.000187396 19.9023

-0.000187394 19.9023
-0.000187338 19.9219

-0.000187324 19.9219
-0.000187287 19.9609

-0.00018731 19.9609
-0.000187325 19.9805

-0.000187325 19.9805
-0.000187329 20

0 6.39725
0.000196226 6.40625

0.0195312 0.618546
0.0133639 0.625

0.0390625 0.598428
0.0321923 0.605469

0.0195312 0.61846
0.0320104 0.605469

0.0585938 0.578649
0.0513231 0.585938

0.078125 0.559302
0.0708685 0.566406

0.0585938 0.578648
0.0709983 0.566406

0.0390625 0.598312
0.0512694 0.585938

0.0976562 0.540352
0.0908638 0.546875

0.117188 0.521607
0.111162 0.527344

0.0976562 0.540637
0.111666 0.527344

0.136719 0.503054
0.131681 0.507812

0.15625 0.484681
0.152405 0.488281

0.136719 0.503399
0.152844 0.488281

0.117188 0.521945
0.132211 0.507812

0.000204854 6.40625
0.000546783 6.42578

0.000548692 6.42578
0.000796826 6.44531

0.000797921 6.44531
0.000946251 6.46484

0.000946507 6.46484
0.000992329 6.48438

0.000991521 6.48438
0.000935941 6.50391

0.000934345 6.50391
0.000782171 6.52344

0.000779367 6.52344
0.000539402 6.54297

0.000536028 6.54297
0.000220627 6.5625

0 6.57389
0.000218594 6.5625

0.078125 0.559442
0.0911786 0.546875

0.175781 0.466386
0.17326 0.46875

0.195312 0.447946
0.19398 0.449219

0.175781 0.466791
0.194317 0.449219

0.214844 0.429165
0.214309 0.429688

1.26186e-06 7.01172
2.05546e-05 7.03125

0 7.03914
2.4576e-05 7.03125

0.234375 0.409961
0.23418 0.410156

0.214844 0.429372
0.234256 0.410156

0.195312 0.448278
0.21452 0.429688

0.253906 0.390245
0.253534 0.390625

0.273438 0.370176
0.272551 0.371094

0.253906 0.390214
0.272498 0.371094

0.292969 0.349892
0.291373 0.351562

0.3125 0.329174
0.309854 0.332031

0.292969 0.349858
0.309779 0.332031

0.273438 0.370112
0.291276 0.351562

0.234375 0.410032
0.253557 0.390625

0.15625 0.485056
0.173648 0.46875

0.46875 0.101862
0.460998 0.117188

0.449219 0.140883
0.44106 0.15625

0.461124 0.117188
0.451252 0.136719

0.449219 0.140714
0.45134 0.136719

0.390625 0.233372
0.389911 0.234375

0.332031 0.307569
0.327707 0.3125

0.351562 0.284627
0.344716 0.292969

0.332031 0.307408
0.344453 0.292969

0.371094 0.260242
0.360819 0.273438

0.390131 0.234375
0.375785 0.253906

0.371094 0.259486
0.375304 0.253906

0.351562 0.284293
0.360345 0.273438

0.429688 0.176764
0.418089 0.195312

0.410156 0.206446
0.404295 0.214844

0.390625 0.233365
0.403931 0.214844

0.410156 0.206225
0.417769 0.195312

0.44096 0.15625
0.429939 0.175781

0.429688 0.176305
0.429998 0.175781

0.507812 0.033743
0.501452 0.0390625

0.488281 0.0566967
0.487218 0.0585938

0.488281 0.0615171
0.480231 0.078125

0.488281 0.0568152
0.502916 0.0390625

0.488281 0.0625496
0.490199 0.0585938

0.507812 0.0344137
0.527344 0.0252674

0.527344 0.0273058
0.546875 0.0258044

0.480717 0.078125
0.471176 0.0976562

0.46875 0.102147
0.471021 0.0976562

0.546875 0.0263698
0.566406 0.0273057

0.566406 0.0275638
0.585938 0.0292901

0.585938 0.0294219
0.605469 0.0311587

0.605469 0.0311867
0.625 0.0326143

0.3125 0.32915
0.327604 0.3125

0 0.639112
0.0132342 0.625

5.07812 0.0753174
5.07543 0.078125

5 0.105883
5.01953 0.105645

5.01953 0.105695
5.03906 0.101159

5.05859 0.0920001
5.04699 0.0976562

5.03906 0.101332
5.04668 0.0976562

5.05859 0.0925373
5.07609 0.078125

0.625 0.0326189
0.644531 0.033672

5.10766 0
5.10595 0.0195312

0.644531 0.0336608
0.664062 0.0343527

0.664062 0.0343337
0.683594 0.0347248

0.683594 0.0347033
0.703125 0.0348747

0.703125 0.0348657
0.722656 0.0348785

0.722656 0.0348946
0.742188 0.0347346

0.742188 0.0347776
0.761719 0.0343266

0.761719 0.0343862
0.78125 0.0334391

5.10607 0.0195312
5.10072 0.0390625

5.09766 0.0457546
5.09123 0.0585938

5.07812 0.0756416
5.09168 0.0585938

5.09766 0.0457742
5.10098 0.0390625

0.78125 0.0334996
0.800781 0.0318165

0.800781 0.0318498
0.820312 0.029243

0.820312 0.0291615
0.839844 0.0257273

0.839844 0.0257176
0.859375 0.0216386

0.878906 0.0178196
0.865073 0.0195312

0.859375 0.0207596
0.87086 0.0195312

0.878906 0.0178068
0.89375 0.0195312

0.886913 0.0195312
0.898438 0.0216466

0.90627 0.0195312
0.917969 0.0318426

0.917969 0.0262994
0.923345 0.0390625

0.916298 0.0390625
0.913163 0.0585938

0.91006 0.0585938
0.908231 0.078125

0.917969 0.045027
0.919021 0.0390625

0.908609 0.078125
0.91386 0.0976562

0.913531 0.0976562
0.917969 0.104972

0.917969 0.105626
0.926447 0.117188

0.926819 0.117188
0.9375 0.126591

0.9375 0.126221
0.955915 0.136719

0.955842 0.136719
0.957031 0.137321

0.958358 0.136719
0.976562 0.142725

0.976562 0.143156
0.996094 0.146197

0.996094 0.146094
1.01562 0.145107

1.01562 0.145006
1.03516 0.140399

1.05469 0.132258
1.04433 0.136719

1.03516 0.140499
1.04393 0.136719

1.09375 0.100993
1.0766 0.117188

1.05469 0.132414
1.07422 0.119341

1.07422 0.119447
1.07698 0.117188

1.13281 0.0253649
1.12974 0.0390625

1.11328 0.0747847
1.11142 0.078125

1.12985 0.0390625
1.1223 0.0585938

1.11328 0.0748175
1.12234 0.0585938

1.13554 0
1.13411 0.0195312

1.13281 0.0258943
1.13424 0.0195312

1.11174 0.078125
1.09679 0.0976562

1.09375 0.101514
1.09725 0.0976562

6.53997 0
6.54202 0.0195312

6.54188 0.0195312
6.54297 0.0228279

6.54297 0.0228202
6.54832 0.0390625

6.54791 0.0390625
6.55984 0.0585938

6.55982 0.0585938
6.5625 0.0618973

6.5625 0.0623781
6.57907 0.078125

6.61792 0
6.62109 0.00734074

6.62109 0.00785552
6.63199 0.0195312

6.58027 0.078125
6.58203 0.0794088

6.58203 0.0797366
6.60156 0.0903214

6.60156 0.0899907
6.62109 0.0953529

6.62109 0.0951806
6.64062 0.0963261

6.66016 0.0184133
6.65321 0.0195312

6.67969 0.00219292
6.66526 0.0195312

6.67969 0.00192963
6.68034 0

6.69922 0.0726631
6.69186 0.078125

6.71875 0.0460787
6.71156 0.0585938

6.69922 0.0727662
6.71194 0.0585938

6.64062 0.0964278
6.66016 0.0934978

6.66016 0.0937601
6.67969 0.0860265

6.67969 0.0861269
6.6914 0.078125

6.72998 0
6.72809 0.0195312

6.72823 0.0195312
6.72228 0.0390625

6.71875 0.0461276
6.72262 0.0390625

1.70554 0
1.70685 0.0195312

1.70483 0.0195312
1.71281 0.0390625

1.71576 0.0390625
1.71875 0.0436083

1.71875 0.0437354
1.72859 0.0585938

1.72933 0.0585938
1.73828 0.0749042

1.73828 0.0747404
1.74011 0.078125

1.73979 0.078125
1.74738 0.0976562

1.74633 0.0976562
1.75343 0.117188

1.75313 0.117188
1.75781 0.126363

1.75781 0.127725
1.7624 0.136719

1.76183 0.136719
1.77734 0.155688

1.77734 0.155483
1.77812 0.15625

1.8143 0
1.81641 0.00402891

1.83374 0
1.83594 0.0135481

1.84 0
1.85547 0.0114946

1.8368 0.0195312
1.85547 0.0270684

1.85547 0.0139977
1.85651 0.0195312

1.85547 0.0344732
1.86136 0.0195312

1.85523 0.0390625
1.85547 0.0391256

1.85547 0.0404164
1.85852 0.0390625

1.77819 0.15625
1.79688 0.171217

1.79688 0.171475
1.80602 0.175781

1.80839 0.175781
1.81641 0.179551

1.81641 0.179808
1.83594 0.183749

1.83594 0.18372
1.85547 0.183139

1.85547 0.183252
1.875 0.177982

1.92543 0
1.92708 0.0195312

1.9279 0.0195312
1.93123 0.0390625

1.93164 0.0390625
1.93359 0.0544192

1.93359 0.0532441
1.93427 0.0585938

1.93417 0.0585938
1.93488 0.078125

1.88979 0.0976562
1.88979 0.117188

1.89453 0.114667
1.9126 0.117188

1.91406 0.148989
1.90819 0.15625

1.93359 0.106972
1.93146 0.117188

1.93454 0.078125
1.93412 0.0976562

1.93359 0.108733
1.93588 0.0976562

1.93053 0.117188
1.92199 0.136719

1.91406 0.149224
1.9229 0.136719

1.89453 0.167546
1.87945 0.175781

1.875 0.178193
1.87966 0.175781

1.89453 0.16798
1.90827 0.15625

8.55158 0
8.55362 0.0195312

8.55337 0.0195312
8.55469 0.0235365

8.55469 0.0231489
8.55992 0.0390625

8.55955 0.0390625
8.57133 0.0585938

8.57118 0.0585938
8.57422 0.0624213

8.57422 0.0623077
8.5898 0.078125

8.58961 0.078125
8.59375 0.0814879

8.59375 0.0809541
8.61328 0.0936039

8.61328 0.093071
8.62394 0.0976562

8.62297 0.0976562
8.63281 0.10189

8.63281 0.101635
8.65234 0.106538

8.65234 0.106442
8.67188 0.108113

8.75 0.0751836
8.74715 0.078125

8.67188 0.108325
8.69141 0.10653

8.69141 0.106405
8.71094 0.10097

8.73047 0.0919102
8.71928 0.0976562

8.71094 0.100954
8.71743 0.0976562

8.73047 0.0917377
8.74686 0.078125

8.77955 0
8.77781 0.0195312

8.77792 0.0195312
8.77248 0.0390625

8.76953 0.0455219
8.76288 0.0585938

8.75 0.0749238
8.76322 0.0585938

8.76953 0.0452909
8.77267 0.0390625

9.04722 0
9.0497 0.0195312

9.04945 0.0195312
9.05741 0.0390625

9.05707 0.0390625
9.0625 0.0471341

9.0625 0.0465589
9.07229 0.0585938

9.07185 0.0585938
9.08203 0.0674189

9.08203 0.0666753
9.10075 0.078125

9.1007 0.078125
9.10156 0.0785886

9.10156 0.0783944
9.12109 0.085145

9.12109 0.0847594
9.14062 0.0875397

9.19922 0.0759625
9.19392 0.078125

9.19922 0.0761441
9.21875 0.0614796

9.14062 0.0876786
9.16016 0.0869819

9.16016 0.0867622
9.17969 0.0827503

9.17969 0.0829742
9.19157 0.078125

9.23828 0.0336865
9.23623 0.0390625

9.24552 0
9.24324 0.0195312

9.23828 0.0331792
9.2435 0.0195312

9.237 0.0390625
9.22191 0.0585938

9.21875 0.0613923
9.22162 0.0585938

9.28631 0
9.28926 0.0195312

9.2886 0.0195312
9.29688 0.0355198

9.29658 0.0390625
9.29688 0.0394644

9.29688 0.0352019
9.2989 0.0390625

9.29791 0.0390625
9.31641 0.0568158

9.31641 0.0562587
9.32136 0.0585938

9.32262 0.0585938
9.33594 0.0648058

9.33594 0.0646208
9.35547 0.0667637

9.35547 0.0665335
9.375 0.0628687

9.41406 0.02684
9.40751 0.0390625

9.39453 0.0531775
9.38537 0.0585938

9.375 0.0632698
9.38368 0.0585938

9.39453 0.0527362
9.40762 0.0390625

9.42034 0
9.41725 0.0195312

9.41406 0.0264629
9.41755 0.0195312

