-3.06477 0
-3.05698 0.0195312

-3.05493 0.0195312
-3.04688 0.0283413

-3.04688 0.0312119
-3.02996 0.0390625

-3.02734 0.0379118
-3.00781 0.0299502

-3.03074 0.0390625
-3.02734 0.0401588

-3.02734 0.0395021
-3.02574 0.0390625

-2.99008 0
-2.99697 0.0195312

-3.00781 0.0342632
-2.9931 0.0195312

-2.98828 0.0220347
-2.98687 0.0195312

-1.72356 0
-1.71875 0.00905816

-1.71875 0.00046479
-1.69922 0.00706392

-1.69922 0.0100137
-1.69004 0

-1.67969 0.00642109
-1.67663 0

-1.62145 0
-1.62109 0.00106462

-1.62109 0.00342949
-1.60156 0.00334549

-1.54334 0
-1.54297 0.00112197

-1.5362 0
-1.52344 0.0123503

-1.52344 0.0124364
-1.5113 0

-1.50391 0.00119676
-1.5035 0

0.0484711 2.5
0.0508073 2.51953

0.0508079 2.51953
0.0528982 2.53906

0.0528979 2.53906
0.0547417 2.55859

0.054741 2.55859
0.0563402 2.57812

-1.13768 0
-1.13404 0.0195312

0.0563398 2.57812
0.0576965 2.59766

-1.13493 0.0195312
-1.13281 0.0233826

-1.13281 0.0238984
-1.12138 0.0390625

-1.12044 0.0390625
-1.11328 0.0451431

-1.11328 0.0458913
-1.09375 0.0553304

-1.09375 0.0544843
-1.07422 0.0547497

-1.07422 0.0552776
-1.05469 0.0470056

-1.03516 0.0252275
-1.04547 0.0390625

-1.02847 0
-1.0322 0.0195312

-1.03516 0.0280162
-1.03045 0.0195312

-1.05469 0.0482709
-1.04339 0.0390625

-1.03516 0.0399907
-1.03437 0.0390625

-0.870247 0
-0.859375 0.00250132

-0.859375 0.00318948
-0.857959 0

0.0577052 2.59766
0.0585938 2.6132

0.0585938 2.61411
0.0587699 2.61719

0.0588125 2.61719
0.0596884 2.63672

0.059688 2.63672
0.0603237 2.65625

-0.351562 0.616274
-0.358257 0.625

-0.3125 0.569991
-0.326554 0.585938

-0.332031 0.592416
-0.342863 0.605469

-0.351562 0.616389
-0.342958 0.605469

-0.332031 0.592451
-0.326548 0.585938

-0.195312 0.45885
-0.20735 0.46875

-0.15625 0.428163
-0.158261 0.429688

-0.175781 0.443298
-0.183443 0.449219

-0.195312 0.45895
-0.183007 0.449219

-0.175781 0.443547
-0.157771 0.429688

-0.273438 0.528969
-0.291069 0.546875

-0.234375 0.492304
-0.2513 0.507812

-0.253906 0.510186
-0.271758 0.527344

-0.273438 0.529001
-0.271757 0.527344

-0.253906 0.510195
-0.251354 0.507812

-0.292969 0.548871
-0.30932 0.566406

-0.3125 0.569977
-0.30929 0.566406

-0.292969 0.548872
-0.291059 0.546875

-0.214844 0.475176
-0.229846 0.488281

-0.234375 0.492282
-0.229866 0.488281

-0.214844 0.475179
-0.207131 0.46875

-0.0976562 0.386784
-0.103402 0.390625

-0.0976562 0.386827
-0.078125 0.373965

-0.15625 0.428297
-0.136719 0.413829

-0.117188 0.400153
-0.131425 0.410156

-0.136719 0.414009
-0.131125 0.410156

-0.117188 0.400366
-0.102918 0.390625

-0.0390625 0.349518
-0.0424473 0.351562

-0.0585938 0.361697
-0.0734957 0.371094

-0.078125 0.37417
-0.0732114 0.371094

-0.0585938 0.361809
-0.0418995 0.351562

-0.0390625 0.349668
-0.0195312 0.338171

0 0.327087
-0.00873436 0.332031

-0.0195312 0.338419
-0.00824868 0.332031

-0.46875 0.83654
-0.46975 0.839844

-0.469751 0.839844
-0.474864 0.859375

-0.474869 0.859375
-0.479161 0.878906

-0.479161 0.878906
-0.482621 0.898438

-0.482612 0.898438
-0.485255 0.917969

-0.485232 0.917969
-0.48712 0.9375

-0.410156 0.701847
-0.410905 0.703125

-0.390625 0.670533
-0.39911 0.683594

-0.410156 0.701889
-0.399102 0.683594

-0.429688 0.737814
-0.431946 0.742188

-0.449219 0.780442
-0.449566 0.78125

-0.431923 0.742188
-0.441157 0.761719

-0.449219 0.780471
-0.441155 0.761719

-0.410893 0.703125
-0.421835 0.722656

-0.429688 0.737853
-0.421838 0.722656

-0.371094 0.642158
-0.372796 0.644531

-0.372839 0.644531
-0.386412 0.664062

-0.371094 0.642141
-0.35838 0.625

-0.390625 0.670549
-0.386415 0.664062

-0.449555 0.78125
-0.45712 0.800781

-0.457122 0.800781
-0.463848 0.820312

-0.46875 0.83656
-0.463833 0.820312

-0.488313 0.957031
-0.488721 0.976562

-0.488281 0.9568
-0.487124 0.9375

-0.488721 0.976562
-0.488333 0.996094

0.0603228 2.65625
0.0607206 2.67578

0.0607196 2.67578
0.0608832 2.69531

0.0608824 2.69531
0.0608155 2.71484

0.0608136 2.71484
0.0605215 2.73438

0.0605208 2.73438
0.0600085 2.75391

-0.488366 0.996094
-0.488281 0.997494

-0.488281 0.996858
-0.48715 1.01562

-0.487131 1.01562
-0.485214 1.03516

-0.485212 1.03516
-0.482603 1.05469

-0.482594 1.05469
-0.479317 1.07422

-0.47931 1.07422
-0.475396 1.09375

-0.475381 1.09375
-0.470872 1.11328

-0.470701 1.11328
-0.46875 1.12079

-0.46875 1.12191
-0.465918 1.13281

-0.4658 1.13281
-0.460155 1.15234

-0.460142 1.15234
-0.453947 1.17188

-0.4538 1.17188
-0.449219 1.18529

-0.449219 1.18655
-0.447561 1.19141

-0.447253 1.19141
-0.440157 1.21094

-0.440129 1.21094
-0.432658 1.23047

-0.432496 1.23047
-0.429688 1.23752

-0.429688 1.23815
-0.424968 1.25

0.0600088 2.75391
0.059277 2.77344

0.0585938 2.78741
0.0583261 2.79297

0.0583326 2.79297
0.0571898 2.8125

0.0585938 2.78754
0.0592732 2.77344

0.0571907 2.8125
0.05584 2.83203

0.0558388 2.83203
0.0542808 2.85156

0.0542792 2.85156
0.0525195 2.87109

0.0525211 2.87109
0.0505598 2.89062

0.0505598 2.89062
0.0483935 2.91016

0.0483886 2.91016
0.0460273 2.92969

0.0460269 2.92969
0.043481 2.94922

0.0434822 2.94922
0.0407501 2.96875

0.0390625 2.98017
0.0378624 2.98828

0.0378506 2.98828
0.0348233 3.00781

-0.424875 1.25
-0.416809 1.26953

-0.416694 1.26953
-0.410156 1.28489

-0.410156 1.28608
-0.408886 1.28906

-0.408487 1.28906
-0.399939 1.30859

-0.399904 1.30859
-0.391163 1.32812

-0.391131 1.32812
-0.390625 1.32924

-0.390625 1.32932
-0.382302 1.34766

-0.382286 1.34766
-0.373319 1.36719

-0.373197 1.36719
-0.371094 1.37174

-0.371094 1.37206
-0.364323 1.38672

-0.364297 1.38672
-0.355231 1.40625

-0.355086 1.40625
-0.351562 1.4138

-0.351562 1.41428
-0.346199 1.42578

-0.346111 1.42578
-0.336969 1.44531

-0.336832 1.44531
-0.332031 1.45556

-0.332031 1.45614
-0.327952 1.46484

-0.327816 1.46484
-0.318667 1.48438

-0.318557 1.48438
-0.3125 1.49733

-0.3125 1.49795
-0.309716 1.50391

-0.309537 1.50391
-0.300425 1.52344

-0.300357 1.52344
-0.292969 1.5393

-0.292969 1.53996
-0.291565 1.54297

-0.291327 1.54297
-0.282247 1.5625

-0.28223 1.5625
-0.273438 1.58144

-0.273181 1.58203
-0.264124 1.60156

-0.264117 1.60156
-0.255052 1.62109

-0.255024 1.62109
-0.253906 1.62351

-0.253906 1.62357
-0.245996 1.64062

-0.245999 1.64062
-0.236944 1.66016

-0.236894 1.66016
-0.234375 1.66559

-0.234375 1.66572
-0.227901 1.67969

-0.227894 1.67969
-0.218833 1.69922

-0.218767 1.69922
-0.214844 1.70766

-0.214844 1.70789
-0.209797 1.71875

-0.209753 1.71875
-0.200682 1.73828

-0.200617 1.73828
-0.195312 1.74972

-0.195312 1.75003
-0.191703 1.75781

-0.191628 1.75781
-0.182593 1.77734

-0.182534 1.77734
-0.175781 1.79199

-0.175781 1.7924
-0.173716 1.79688

-0.173589 1.79688
-0.164618 1.81641

-0.164579 1.81641
-0.15625 1.83466

-0.15625 1.83518
-0.155904 1.83594

-0.155689 1.83594
-0.146866 1.85547

-0.146854 1.85547
-0.138123 1.875

-0.138088 1.875
-0.136719 1.87811

-0.136719 1.87819
-0.129515 1.89453

-0.129515 1.89453
-0.121012 1.91406

-0.120943 1.91406
-0.117188 1.92282

-0.117188 1.92305
-0.112667 1.93359

-0.112623 1.93359
-0.104412 1.95312

-0.104381 1.95312
-0.0976562 1.96947

-0.0976562 1.96986
-0.0965077 1.97266

-0.0963795 1.97266
-0.0885073 1.99219

0.0348237 3.00781
0.0316466 3.02734

0.0316414 3.02734
0.0283242 3.04688

0.0390625 2.97997
0.0407218 2.96875

0.0283191 3.04688
0.0248824 3.06641

0.0248814 3.06641
0.0213373 3.08594

0.0195312 3.09569
0.0177181 3.10547

0.0177069 3.10547
0.0140305 3.125

0.0195312 3.09552
0.0213069 3.08594

-0.0884997 1.99219
-0.0807867 2.01172

-0.0807423 2.01172
-0.078125 2.01852

-0.078125 2.01866
-0.0732763 2.03125

-0.0732663 2.03125
-0.0659378 2.05078

-0.0659334 2.05078
-0.0587876 2.07031

-0.0587865 2.07031
-0.0585938 2.07085

-0.0585938 2.07086
-0.0518306 2.08984

-0.0518296 2.08984
-0.0450526 2.10938

-0.04504 2.10938
-0.0390625 2.1271

-0.0390625 2.12743
-0.0385642 2.12891

-0.0384687 2.12891
-0.0320693 2.14844

-0.032066 2.14844
-0.025849 2.16797

-0.0258475 2.16797
-0.0198225 2.1875

-0.0198193 2.1875
-0.0195312 2.18846

-0.0195312 2.18848
-0.0139912 2.20703

-0.0139909 2.20703
-0.00834618 2.22656

-0.00834326 2.22656
-0.00289302 2.24609

-0.00287393 2.24609
0 2.25679

0.0140241 3.125
0.0102954 3.14453

0.0102913 3.14453
0.00653106 3.16406

0.00652583 3.16406
0.00275277 3.18359

0 3.19782
0.00272876 3.18359

0 3.198
-0.000982419 3.20312

-0.00100799 3.20312
-0.00469748 3.22266

-0.00470389 3.22266
-0.00832394 3.24219

-0.00833112 3.24219
-0.0118546 3.26172

-0.0118625 3.26172
-0.0152592 3.28125

-0.0195312 3.30734
-0.0215545 3.32031

-0.0152683 3.28125
-0.0185045 3.30078

-0.0195312 3.3073
-0.018514 3.30078

-0.0215639 3.32031
-0.0243957 3.33984

-0.0244028 3.33984
-0.0269909 3.35938

-0.0269982 3.35938
-0.0293138 3.37891

-0.0293201 3.37891
-0.0313362 3.39844

-0.0313417 3.39844
-0.0330343 3.41797

-0.0330394 3.41797
-0.0343873 3.4375

-0.0343906 3.4375
-0.0353771 3.45703

-0.0353786 3.45703
-0.035994 3.47656

-0.035995 3.47656
-0.0362343 3.49609

-0.0362341 3.49609
-0.0360957 3.51562

-0.0360931 3.51562
-0.0355826 3.53516

-0.0355791 3.53516
-0.0347087 3.55469

-0.0347054 3.55469
-0.0334887 3.57422

-0.033482 3.57422
-0.0319391 3.59375

-0.0319302 3.59375
-0.0300923 3.61328

-0.0300849 3.61328
-0.0279844 3.63281

-0.0279738 3.63281
-0.0256466 3.65234

-0.0256323 3.65234
-0.0231282 3.67188

-0.0231149 3.67188
-0.020489 3.69141

-0.0204628 3.69141
-0.0195312 3.69815

-0.0195312 3.69831
-0.0177875 3.71094

-0.0177743 3.71094
-0.015039 3.73047

-0.0150278 3.73047
-0.0122881 3.75

0 3.84695
7.89352e-05 3.84766

0.000116085 3.84766
0.00211036 3.86719

0.0021152 3.86719
0.00390053 3.88672

0.00390443 3.88672
0.00546334 3.90625

0.00546655 3.90625
0.00678483 3.92578

0.00678743 3.92578
0.0078535 3.94531

0.00785546 3.94531
0.0086602 3.96484

0.00866194 3.96484
0.00919795 3.98438

0.00919869 3.98438
0.00946101 4.00391

0.00946114 4.00391
0.00944804 4.02344

0.00944754 4.02344
0.00915977 4.04297

0.00915706 4.04297
0.00860102 4.0625

0.00859821 4.0625
0.00778495 4.08203

-0.0122774 3.75
-0.00957715 3.76953

-0.00956769 3.76953
-0.00694708 3.78906

-0.00693774 3.78906
-0.00443441 3.80859

-0.00442706 3.80859
-0.00207437 3.82812

-0.00207024 3.82812
0 3.84666

0.00778008 4.08203
0.00672498 4.10156

0.00671734 4.10156
0.00544537 4.12109

0.00543881 4.12109
0.00397837 4.14062

0.00396718 4.14062
0.00235378 4.16016

0.00234105 4.16016
0.000622559 4.17969

0 4.18639
0.000609736 4.17969

1.44783e-05 4.66797
0.000648277 4.6875

0.000651233 4.6875
0.00109259 4.70703

0 4.18643
-0.00116389 4.19922

-0.00117255 4.19922
-0.00297331 4.21875

0.00109437 4.70703
0.00133382 4.72656

0.00133319 4.72656
0.00136843 4.74609

0.00136701 4.74609
0.00120216 4.76562

0.00119801 4.76562
0.000844209 4.78516

0.000837759 4.78516
0.000316204 4.80469

0 4.81398
0.000314041 4.80469

-0.00298413 4.21875
-0.0047719 4.23828

-0.0047836 4.23828
-0.00651334 4.25781

-0.00652536 4.25781
-0.00814963 4.27734

-0.00816126 4.27734
-0.00963274 4.29688

-0.00964303 4.29688
-0.0109179 4.31641

-0.010926 4.31641
-0.0119673 4.33594

-0.0119729 4.33594
-0.012753 4.35547

-0.012756 4.35547
-0.0132576 4.375

-0.0132582 4.375
-0.0134738 4.39453

-0.0134723 4.39453
-0.0134036 4.41406

-0.0133999 4.41406
-0.0130575 4.43359

-0.0130517 4.43359
-0.0124546 4.45312

-0.0124467 4.45312
-0.0116221 4.47266

-0.0116124 4.47266
-0.0105955 4.49219

-0.0105846 4.49219
-0.00941676 4.51172

-0.00940454 4.51172
-0.00813229 4.53125

-0.00812035 4.53125
-0.00679196 4.55078

-0.00678018 4.55078
-0.00544311 4.57031

-0.005432 4.57031
-0.00413204 4.58984

-0.00412324 4.58984
-0.00290018 4.60938

-0.00289185 4.60938
-0.00177998 4.62891

-0.00177302 4.62891
-0.000802907 4.64844

-0.000800466 4.64844
0 4.66775

0 4.81365
-0.000357321 4.82422

-0.000357767 4.82422
-0.00112957 4.84375

-0.00113807 4.84375
-0.00199314 4.86328

-0.00200297 4.86328
-0.00290466 4.88281

-0.00291551 4.88281
-0.00382245 4.90234

-0.00383392 4.90234
-0.0047015 4.92188

-0.00471286 4.92188
-0.00549543 4.94141

-0.00550591 4.94141
-0.00615975 4.96094

-0.0061685 4.96094
-0.00665514 4.98047

-0.00666122 4.98047
-0.006951 5

2.61583 0
2.61719 0.0124432

2.61719 0.0124485
2.61796 0.0195312

-0.0069538 5
-0.00702895 5.01953

-0.00702809 5.01953
-0.00688475 5.03906

-0.00687999 5.03906
-0.0065294 5.05859

-0.00652095 5.05859
-0.00598953 5.07812

-0.005978 5.07812
-0.00530571 5.09766

-0.00529216 5.09766
-0.00452919 5.11719

-0.00451505 5.11719
-0.00371677 5.13672

-0.00370337 5.13672
-0.00292486 5.15625

-0.00291338 5.15625
-0.00220439 5.17578

-0.00219554 5.17578
-0.00159672 5.19531

-0.00159079 5.19531
-0.00113173 5.21484

-0.00112875 5.21484
-0.000827268 5.23438

-0.000826968 5.23438
-0.000689619 5.25391

-0.000691691 5.25391
-0.00071493 5.27344

-0.00071914 5.27344
-0.000890402 5.29297

2.61779 0.0195312
2.62451 0.0390625

2.62405 0.0390625
2.63665 0.0585938

2.63672 0.0590545
2.65625 0.077925

2.65625 0.0778562
2.65668 0.078125

2.65787 0.078125
2.67578 0.0891393

2.67578 0.0888797
2.69531 0.0961546

2.69531 0.0960571
2.70402 0.0976562

2.70538 0.0976562
2.71484 0.0993946

2.71484 0.0994534
2.73438 0.0999272

2.8125 0.0648511
2.7974 0.078125

2.75391 0.0968922
2.74845 0.0976562

2.73438 0.100131
2.75204 0.0976562

-0.00089634 5.29297
-0.00119533 5.3125

-0.00120263 5.3125
-0.00160287 5.33203

-0.00161119 5.33203
-0.00208144 5.35156

-0.00209051 5.35156
-0.00259598 5.37109

-0.0026055 5.37109
-0.00310905 5.39062

-0.00311862 5.39062
-0.00358207 5.41016

-0.00359105 5.41016
-0.0039773 5.42969

-0.00398475 5.42969
-0.00426094 5.44922

-0.00426579 5.44922
-0.00440732 5.46875

-0.0044087 5.46875
-0.00440313 5.48828

-0.0044006 5.48828
-0.00425021 5.50781

-0.00424401 5.50781
-0.00396626 5.52734

-0.00395737 5.52734
-0.00358242 5.54688

-0.00357206 5.54688
-0.00313841 5.56641

-0.00312782 5.56641
-0.00267737 5.58594

-0.00266752 5.58594
-0.00224115 5.60547

-0.00223282 5.60547
-0.00186692 5.625

-0.00186064 5.625
-0.00158443 5.64453

-0.00158056 5.64453
-0.00141436 5.66406

-0.00141307 5.66406
-0.00136719 5.68359

-0.0013687 5.68359
-0.00144268 5.70312

-0.0014471 5.70312
-0.00162908 5.72266

-0.00163627 5.72266
-0.00190304 5.74219

2.75391 0.0972797
2.77344 0.0911531

2.77344 0.0916447
2.79297 0.0811858

2.79297 0.0810408
2.79704 0.078125

2.83203 0.0358081
2.83083 0.0390625

2.8402 0
2.83789 0.0195312

2.83203 0.035763
2.83802 0.0195312

2.83119 0.0390625
2.8181 0.0585938

2.8125 0.0647415
2.818 0.0585938

-0.00191254 5.74219
-0.00223076 5.76172

-0.00224175 5.76172
-0.00257046 5.78125

-0.00258163 5.78125
-0.00287652 5.80078

-0.00288606 5.80078
-0.00310567 5.82031

-0.00311176 5.82031
-0.00322483 5.83984

-0.00322617 5.83984
-0.00321781 5.85938

3.46656 0
3.46847 0.0195312

3.46835 0.0195312
3.47428 0.0390625

3.47401 0.0390625
3.47656 0.0438306

3.47656 0.0438603
3.48485 0.0585938

3.48463 0.0585938
3.49609 0.0718955

3.49609 0.0721883
3.50325 0.078125

3.50386 0.078125
3.51562 0.0867049

3.51598 0
3.53124 0.0195312

3.53516 0.0171265
3.54391 0.0195312

3.55402 0.0195312
3.55469 0.0196231

3.57422 0.00974516
3.56377 0.0195312

3.57422 0.0124326
3.58021 0

-0.00321405 5.85938
-0.00308911 5.87891

-0.00308113 5.87891
-0.00286311 5.89844

-0.00285275 5.89844
-0.00257833 5.91797

-0.0025676 5.91797
-0.00227897 5.9375

-0.00226954 5.9375
-0.00200702 5.95703

-0.0020001 5.95703
-0.00179637 5.97656

-0.00179255 5.97656
-0.00166908 5.99609

-0.00166853 5.99609
-0.00163404 6.01562

-0.00163668 6.01562
-0.00168702 6.03516

-0.00169244 6.03516
-0.00181148 6.05469

-0.00181894 6.05469
-0.00198089 6.07422

-0.00198931 6.07422
-0.00216239 6.09375

-0.00217043 6.09375
-0.00232172 6.11328

-0.00232782 6.11328
-0.00242904 6.13281

-0.00243196 6.13281
-0.00246508 6.15234

-0.00246417 6.15234
-0.0024252 6.17188

-0.00242073 6.17188
-0.00232043 6.19141

-0.00231362 6.19141
-0.00217455 6.21094

-0.00216707 6.21094
-0.00201782 6.23047

-0.00201131 6.23047
-0.00187984 6.25

3.51562 0.0867257
3.53516 0.0952401

3.53516 0.0950817
3.55043 0.0976562

3.57422 0.0969354
3.56258 0.0976562

3.55469 0.0982105
3.56366 0.0976562

3.57422 0.0972081
3.59375 0.0912669

3.63281 0.0583031
3.63265 0.0585938

3.63281 0.0596129
3.61538 0.078125

3.65061 0
3.64875 0.0195312

3.64885 0.0195312
3.64307 0.0390625

3.63281 0.0585238
3.64347 0.0390625

3.63281 0.0594391
3.63342 0.0585938

3.59375 0.0917714
3.61328 0.0796016

3.61328 0.0791529
3.61453 0.078125

-0.00187555 6.25
-0.00178346 6.26953

-0.00178205 6.26953
-0.00174076 6.28906

-0.00174232 6.28906
-0.00175155 6.30859

-0.00175562 6.30859
-0.00180408 6.32812

-0.00180963 6.32812
-0.00187807 6.34766

-0.00188368 6.34766
-0.00194978 6.36719

-0.00195394 6.36719
-0.00199816 6.38672

-0.00199979 6.38672
-0.00201054 6.40625

-0.00200942 6.40625
-0.00198567 6.42578

-0.00198249 6.42578
-0.00193282 6.44531

-0.00192885 6.44531
-0.00186757 6.46484

-0.00186408 6.46484
-0.00180611 6.48438

-0.00180403 6.48438
-0.00176051 6.50391

-0.00176016 6.50391
-0.00173595 6.52344

-0.0017371 6.52344
-0.00173061 6.54297

-0.00173262 6.54297
-0.00173753 6.5625

-0.0017396 6.5625
-0.00174774 6.58203

-0.00174921 6.58203
-0.00175347 6.60156

-0.00175402 6.60156
-0.00175033 6.62109

-0.00175003 6.62109
-0.00173788 6.64062

-0.00173705 6.64062
-0.0017187 6.66016

-0.00171776 6.66016
-0.00169674 6.67969

-0.00169603 6.67969
-0.00167564 6.69922

-0.00167531 6.69922
-0.00165766 6.71875

-0.00165769 6.71875
-0.00164338 6.73828

-0.00164365 6.73828
-0.00163209 6.75781

-0.00163242 6.75781
-0.00162241 6.77734

-0.00162268 6.77734
-0.001613 6.79688

-0.00161314 6.79688
-0.00160298 6.81641

-0.001603 6.81641
-0.00159202 6.83594

-0.00159195 6.83594
-0.00158026 6.85547

-0.00158016 6.85547
-0.00156807 6.875

-0.001568 6.875
-0.00155586 6.89453

-0.00155582 6.89453
-0.00154387 6.91406

-0.00154387 6.91406
-0.0015322 6.93359

-0.00153222 6.93359
-0.00152083 6.95312

-0.00152085 6.95312
-0.00150969 6.97266

-0.0015097 6.97266
-0.00149871 6.99219

-0.00149873 6.99219
-0.00148786 7.01172

-0.00148786 7.01172
-0.00147708 7.03125

-0.00147706 7.03125
-0.00146639 7.05078

-0.00146639 7.05078
-0.00145585 7.07031

-0.00145585 7.07031
-0.00144545 7.08984

-0.00144545 7.08984
-0.00143518 7.10938

-0.00143518 7.10938
-0.00142503 7.12891

-0.00142503 7.12891
-0.00141499 7.14844

-0.00141499 7.14844
-0.00140506 7.16797

-0.00140506 7.16797
-0.00139523 7.1875

-0.00139523 7.1875
-0.00138549 7.20703

-0.00138549 7.20703
-0.00137586 7.22656

-0.00137586 7.22656
-0.00136632 7.24609

-0.00136632 7.24609
-0.00135688 7.26562

-0.00135688 7.26562
-0.00134754 7.28516

-0.00134755 7.28516
-0.00133831 7.30469

-0.00133832 7.30469
-0.00132917 7.32422

-0.00132917 7.32422
-0.0013201 7.34375

-0.0013201 7.34375
-0.00131112 7.36328

-0.00131112 7.36328
-0.00130224 7.38281

-0.00130225 7.38281
-0.00129347 7.40234

-0.00129347 7.40234
-0.00128479 7.42188

-0.00128479 7.42188
-0.00127619 7.44141

-0.00127619 7.44141
-0.00126766 7.46094

-0.00126766 7.46094
-0.00125918 7.48047

-0.00125918 7.48047
-0.00125077 7.5

-0.00125077 7.5
-0.00124245 7.51953

-0.00124245 7.51953
-0.0012342 7.53906

-0.00123421 7.53906
-0.00122603 7.55859

-0.00122603 7.55859
-0.0012179 7.57812

-0.0012179 7.57812
-0.00120983 7.59766

-0.00120982 7.59766
-0.00120183 7.61719

-0.00120183 7.61719
-0.00119392 7.63672

-0.00119392 7.63672
-0.0011861 7.65625

-0.00118611 7.65625
-0.00117834 7.67578

-0.00117834 7.67578
-0.00117063 7.69531

-0.00117064 7.69531
-0.00116296 7.71484

-0.00116295 7.71484
-0.00115532 7.73438

4.62626 0
4.62764 0.0195312

4.62759 0.0195312
4.62891 0.0256678

4.62891 0.0255485
4.6318 0.0390625

4.63155 0.0390625
4.63906 0.0585938

4.63865 0.0585938
4.64844 0.0743798

4.64844 0.0741212
4.65093 0.078125

4.65007 0.078125
4.66797 0.0965498

4.66797 0.096071
4.67034 0.0976562

4.67036 0.0976562
4.6875 0.10861

-0.00115531 7.73438
-0.00114775 7.75391

4.72656 0.00402816
4.74455 0.0195312

4.74572 0.0195312
4.74609 0.0196401

4.76448 0
4.74759 0.0195312

4.74609 0.0204663
4.74853 0.0195312

4.6875 0.108279
4.70703 0.114777

4.70703 0.114534
4.72656 0.116194

4.72656 0.116269
4.74609 0.113428

4.74609 0.1137
4.76562 0.105662

4.80469 0.0668179
4.7974 0.078125

4.82314 0
4.8217 0.0195312

4.82175 0.0195312
4.81735 0.0390625

4.8176 0.0390625
4.80966 0.0585938

4.80469 0.0669507
4.80983 0.0585938

4.78516 0.0917981
4.77732 0.0976562

4.76562 0.105536
4.77699 0.0976562

4.78516 0.0918456
4.79786 0.078125

-0.00114776 7.75391
-0.00114028 7.77344

-0.00114027 7.77344
-0.00113285 7.79297

-0.00113285 7.79297
-0.00112551 7.8125

-0.00112551 7.8125
-0.00111825 7.83203

-0.00111825 7.83203
-0.00111107 7.85156

-0.00111107 7.85156
-0.00110395 7.87109

-0.00110395 7.87109
-0.00109689 7.89062

-0.00109689 7.89062
-0.00108989 7.91016

-0.00108989 7.91016
-0.00108297 7.92969

-0.00108297 7.92969
-0.00107614 7.94922

-0.00107614 7.94922
-0.00106938 7.96875

-0.00106938 7.96875
-0.00106269 7.98828

-0.00106269 7.98828
-0.00105605 8.00781

-0.00105605 8.00781
-0.00104948 8.02734

-0.00104948 8.02734
-0.00104299 8.04688

-0.00104299 8.04688
-0.00103657 8.06641

-0.00103656 8.06641
-0.0010302 8.08594

-0.0010302 8.08594
-0.0010239 8.10547

-0.00102389 8.10547
-0.00101767 8.125

-0.00101767 8.125
-0.00101155 8.14453

-0.00101155 8.14453
-0.00100552 8.16406

-0.00100549 8.16406
-0.000993754 8.20312

-0.000993794 8.20312
-0.000988077 8.22266

-0.000988076 8.22266
-0.000982435 8.24219

-0.00098244 8.24219
-0.000976869 8.26172

-0.000976867 8.26172
-0.000971361 8.28125

-0.000971362 8.28125
-0.000965926 8.30078

-0.00096593 8.30078
-0.000960554 8.32031

-0.000960556 8.32031
-0.000955227 8.33984

-0.000955224 8.33984
-0.000949944 8.35938

-0.000949943 8.35938
-0.000944723 8.37891

-0.000944725 8.37891
-0.000939561 8.39844

-0.000939563 8.39844
-0.000934448 8.41797

-0.000934451 8.41797
-0.000929376 8.4375

-0.000929376 8.4375
-0.000924335 8.45703

-0.000924333 8.45703
-0.000919333 8.47656

-0.000919338 8.47656
-0.000914371 8.49609

-0.000914371 8.49609
-0.000909424 8.51562

-0.000909422 8.51562
-0.0009045 8.53516

-0.000904501 8.53516
-0.000899605 8.55469

-0.000899607 8.55469
-0.000894729 8.57422

-0.000894726 8.57422
-0.00088987 8.59375

-0.000889865 8.59375
-0.000885048 8.61328

-0.000885046 8.61328
-0.000880281 8.63281

-0.000880285 8.63281
-0.000875567 8.65234

-0.000875572 8.65234
-0.000870884 8.67188

-0.000870875 8.67188
-0.000866223 8.69141

-0.000866224 8.69141
-0.000861623 8.71094

-0.000861628 8.71094
-0.000857064 8.73047

-0.000857065 8.73047
-0.000852526 8.75

-0.000852527 8.75
-0.000848008 8.76953

-0.000848007 8.76953
-0.000843508 8.78906

-0.000843507 8.78906
-0.000839033 8.80859

-0.000839034 8.80859
-0.000834585 8.82812

-0.000834585 8.82812
-0.000830162 8.84766

-0.000830161 8.84766
-0.000825763 8.86719

-0.000825719 8.86719
-0.000817155 8.90625

-0.00081722 8.90625
-0.000813045 8.92578

-0.000813034 8.92578
-0.000808857 8.94531

-0.000808864 8.94531
-0.000804691 8.96484

-0.000804694 8.96484
-0.000800506 8.98438

-0.000800498 8.98438
-0.000796303 9.00391

-0.000796299 9.00391
-0.000792122 9.02344

-0.000792118 9.02344
-0.000787976 9.04297

-0.000787973 9.04297
-0.000783881 9.0625

-0.000783839 9.0625
-0.000775933 9.10156

-0.000775986 9.10156
-0.000772168 9.12109

-0.000772166 9.12109
-0.000768382 9.14062

-0.000768388 9.14062
-0.000764633 9.16016

-0.000764641 9.16016
-0.00076089 9.17969

-0.000760899 9.17969
-0.000757116 9.19922

-0.000757108 9.19922
-0.00075329 9.21875

-0.000753281 9.21875
-0.000745645 9.25781

-0.000745651 9.25781
-0.000741835 9.27734

-0.000741832 9.27734
-0.00073801 9.29688

-0.000737967 9.29688
-0.000730497 9.33594

-0.000730541 9.33594
-0.000726891 9.35547

-0.000726888 9.35547
-0.000723243 9.375

-0.00072324 9.375
-0.000719612 9.39453

-0.000719611 9.39453
-0.000716004 9.41406

-0.000716002 9.41406
-0.00071242 9.43359

-0.000712418 9.43359
-0.000708871 9.45312

-0.000708832 9.45312
-0.000701972 9.49219

-0.000702024 9.49219
-0.000698706 9.51172

-0.000698706 9.51172
-0.000695394 9.53125

-0.000695398 9.53125
-0.000692083 9.55078

-0.000692079 9.55078
-0.000688762 9.57031

-0.000688767 9.57031
-0.000685448 9.58984

-0.000685449 9.58984
-0.000682115 9.60938

-0.000682114 9.60938
-0.000678761 9.62891

-0.000678761 9.62891
-0.00067539 9.64844

-0.000675385 9.64844
-0.000672006 9.66797

-0.000672011 9.66797
-0.000668628 9.6875

-0.000668623 9.6875
-0.000665235 9.70703

-0.000665229 9.70703
-0.000661855 9.72656

-0.000661854 9.72656
-0.000658506 9.74609

-0.000658507 9.74609
-0.000655184 9.76562

-0.000655173 9.76562
-0.000648622 9.80469

-0.000648647 9.80469
-0.000645413 9.82422

-0.000645414 9.82422
-0.00064217 9.84375

-0.000642165 9.84375
-0.000638916 9.86328

-0.000638913 9.86328
-0.000635677 9.88281

-0.000635678 9.88281
-0.000632458 9.90234

-0.000632457 9.90234
-0.000629254 9.92188

-0.000629213 9.92188
-0.000623013 9.96094

5.36838 0
5.37086 0.0195312

-0.000623071 9.96094
-0.000620068 9.98047

5.3703 0.0195312
5.37109 0.0215445

5.37109 0.0206126
5.37858 0.0390625

5.3777 0.0390625
5.39062 0.0561604

5.39062 0.0540069
5.39497 0.0585938

5.39305 0.0585938
5.41016 0.0723607

5.41016 0.070896
5.42434 0.078125

5.42253 0.078125
5.42969 0.0816774

5.42969 0.0811206
5.44922 0.0869179

5.44922 0.0866912
5.46875 0.0887986

5.52734 0.0718456
5.51653 0.078125

5.54688 0.0501555
5.54088 0.0585938

5.52734 0.0711541
5.54075 0.0585938

5.46875 0.0890977
5.48828 0.0873707

5.48828 0.0870897
5.50781 0.0814921

5.50781 0.0818603
5.51464 0.078125

5.56265 0
5.56066 0.0195312

5.56119 0.0195312
5.55417 0.0390625

5.54688 0.0499613
5.55414 0.0390625

-0.00062006 9.98047
-0.000617052 10

-0.000617053 10
-0.000614056 10.0195

-0.000614058 10.0195
-0.000611066 10.0391

-0.000611056 10.0391
-0.000608084 10.0586

-0.000608087 10.0586
-0.000605146 10.0781

-0.000605148 10.0781
-0.000602229 10.0977

-0.00060223 10.0977
-0.000599325 10.1172

-0.000599329 10.1172
-0.000596426 10.1367

-0.000596404 10.1367
-0.000593537 10.1562

-0.000593535 10.1562
-0.000587968 10.1953

-0.000587978 10.1953
-0.000585275 10.2148

-0.000585285 10.2148
-0.000582622 10.2344

-0.000582614 10.2344
-0.000579985 10.2539

-0.00057999 10.2539
-0.000577402 10.2734

-0.000577408 10.2734
-0.000574841 10.293

-0.000574834 10.293
-0.000572291 10.3125

-0.000572303 10.3125
-0.000569774 10.332

-0.000569774 10.332
-0.000567235 10.3516

-0.00056723 10.3516
-0.000564689 10.3711

-0.00056469 10.3711
-0.000562157 10.3906

-0.000562157 10.3906
-0.000559627 10.4102

-0.000559622 10.4102
-0.000557106 10.4297

-0.000557094 10.4297
-0.000552155 10.4688

-0.000552166 10.4688
-0.000547334 10.5078

-0.000547358 10.5078
-0.000542563 10.5469

-0.000542546 10.5469
-0.00054015 10.5664

-0.000540164 10.5664
-0.000537775 10.5859

-0.000537728 10.5859
-0.000533091 10.625

-0.000533128 10.625
-0.000528644 10.6641

-0.000528652 10.6641
-0.000524231 10.7031

-0.000524243 10.7031
-0.000522047 10.7227

-0.000522041 10.7227
-0.000519846 10.7422

-0.000519848 10.7422
-0.000517663 10.7617

-0.000517658 10.7617
-0.000515489 10.7812

-0.000515493 10.7812
-0.000511186 10.8203

-0.000511179 10.8203
-0.000506921 10.8594

-0.000506935 10.8594
-0.000504826 10.8789

-0.000504823 10.8789
-0.000502708 10.8984

-0.000502711 10.8984
-0.00050059 10.918

-0.000500587 10.918
-0.000498464 10.9375

-0.000498434 10.9375
-0.000494313 10.9766

-0.000494355 10.9766
-0.000492353 10.9961

-0.000492346 10.9961
-0.000490331 11.0156

-0.000490332 11.0156
-0.000488313 11.0352

-0.000488313 11.0352
-0.000486291 11.0547

-0.000486293 11.0547
-0.000484266 11.0742

-0.000484264 11.0742
-0.000482234 11.0938

-0.000482234 11.0938
-0.000480205 11.1133

-0.000480204 11.1133
-0.000478178 11.1328

-0.000478159 11.1328
-0.000474193 11.1719

-0.000474138 11.1719
-0.00047041 11.2109

-0.000470461 11.2109
-0.000468715 11.2305

-0.000468724 11.2305
-0.000466975 11.25

-0.00046697 11.25
-0.000465211 11.2695

-0.00046521 11.2695
-0.00046345 11.2891

-0.000463455 11.2891
-0.000461687 11.3086

-0.000461684 11.3086
-0.000459902 11.3281

-0.000459896 11.3281
-0.000458119 11.3477

-0.000458122 11.3477
-0.000456358 11.3672

-0.000456359 11.3672
-0.000454598 11.3867

-0.000454598 11.3867
-0.000452839 11.4062

-0.000452826 11.4062
-0.000449366 11.4453

-0.000449317 11.4453
-0.000446039 11.4844

-0.000446089 11.4844
-0.000444542 11.5039

-0.000444542 11.5039
-0.000442988 11.5234

-0.000442986 11.5234
-0.000441428 11.543

-0.00044143 11.543
-0.000439868 11.5625

-0.000439871 11.5625
-0.000438298 11.582

-0.000438297 11.582
-0.000436709 11.6016

-0.000436714 11.6016
-0.000435104 11.6211

-0.000435104 11.6211
-0.000433462 11.6406

-0.000433458 11.6406
-0.000431792 11.6602

-0.000431792 11.6602
-0.00043011 11.6797

-0.00043011 11.6797
-0.000428413 11.6992

-0.000428414 11.6992
-0.0004267 11.7188

-0.000426675 11.7188
-0.000423301 11.7578

-0.000423279 11.7578
-0.000420045 11.7969

-0.000420085 11.7969
-0.000416956 11.8359

-0.000416867 11.8359
-0.00041394 11.875

-0.000413996 11.875
-0.000412663 11.8945

-0.000412664 11.8945
-0.00041135 11.9141

-0.000411356 11.9141
-0.000410049 11.9336

-0.000410051 11.9336
-0.000408736 11.9531

-0.000408732 11.9531
-0.000407412 11.9727

-0.000407413 11.9727
-0.000406091 11.9922

-0.000406089 11.9922
-0.000403446 12.0312

-0.000403433 12.0312
-0.000400822 12.0703

-0.000400818 12.0703
-0.000398271 12.1094

-0.000398286 12.1094
-0.000397034 12.1289

-0.000397029 12.1289
-0.00039578 12.1484

-0.000395768 12.1484
-0.000393342 12.1875

-0.000393375 12.1875
-0.00039219 12.207

-0.000392191 12.207
-0.000390964 12.2266

-0.000390947 12.2266
-0.000388477 12.2656

-0.000388511 12.2656
-0.000385972 12.3047

-0.000385972 12.3047
-0.000384648 12.3242

-0.000384645 12.3242
-0.00038327 12.3438

-0.000383257 12.3438
-0.000381862 12.3633

-0.000381861 12.3633
-0.000380472 12.3828

-0.00038047 12.3828
-0.000379093 12.4023

-0.000379084 12.4023
-0.000377739 12.4219

-0.000377734 12.4219
-0.000376445 12.4414

-0.000376463 12.4414
-0.000375205 12.4609

-0.000375223 12.4609
-0.000373923 12.4805

-0.000373921 12.4805
-0.000372547 12.5

-0.000372497 12.5
-0.000369809 12.5391

-0.000369827 12.5391
-0.000367224 12.5781

-0.00036726 12.5781
-0.000365964 12.5977

-0.000365965 12.5977
-0.000364603 12.6172

-0.000364594 12.6172
-0.000363185 12.6367

-0.000363184 12.6367
-0.000361748 12.6562

-0.000361745 12.6562
-0.000360292 12.6758

-0.000360287 12.6758
-0.000358831 12.6953

-0.000358818 12.6953
-0.000355971 12.7344

-0.00035597 12.7344
-0.000353218 12.7734

-0.000353237 12.7734
-0.000350543 12.8125

-0.000350543 12.8125
-0.000349203 12.832

-0.000349203 12.832
-0.000347871 12.8516

-0.000347861 12.8516
-0.000345255 12.8906

-0.000345239 12.8906
-0.000342746 12.9297

-0.000342767 12.9297
-0.000340373 12.9688

-0.000340383 12.9688
-0.000339205 12.9883

-0.000339204 12.9883
-0.000338025 13.0078

-0.000338028 13.0078
-0.000336844 13.0273

-0.000336841 13.0273
-0.000335651 13.0469

-0.000335648 13.0469
-0.000334462 13.0664

-0.000334464 13.0664
-0.000333284 13.0859

-0.000333285 13.0859
-0.000332103 13.1055

-0.0003321 13.1055
-0.000330919 13.125

-0.000330918 13.125
-0.000329748 13.1445

-0.000329752 13.1445
-0.000328586 13.1641

-0.000328579 13.1641
-0.000327422 13.1836

-0.000327427 13.1836
-0.00032628 13.2031

7.05514 0
7.05836 0.0195312

7.05763 0.0195312
7.06875 0.0390625

7.06697 0.0390625
7.07031 0.0430709

7.07031 0.0410746
7.08984 0.0580752

7.08984 0.0567064
7.09472 0.0585938

7.09304 0.0585938
7.10938 0.0649157

7.10938 0.0642984
7.12891 0.0650951

7.12891 0.064471
7.14844 0.0607179

7.1875 0.0275696
7.18067 0.0390625

7.16797 0.0521358
7.15643 0.0585938

7.14844 0.0617597
7.15467 0.0585938

7.16797 0.0510103
7.18001 0.0390625

7.1946 0
7.19129 0.0195312

7.1875 0.0272163
7.19169 0.0195312

-0.000326252 13.2031
-0.000324074 13.2422

-0.000324107 13.2422
-0.000322036 13.2812

-0.000322043 13.2812
-0.00032102 13.3008

-0.000321021 13.3008
-0.000319997 13.3203

-0.000319998 13.3203
-0.000318968 13.3398

-0.000318967 13.3398
-0.000317933 13.3594

-0.000317932 13.3594
-0.000316898 13.3789

-0.000316899 13.3789
-0.000315865 13.3984

-0.000315866 13.3984
-0.000314831 13.418

-0.000314832 13.418
-0.000313795 13.4375

-0.000313776 13.4375
-0.000311769 13.4766

-0.000311757 13.4766
-0.000309877 13.5156

-0.000309904 13.5156
-0.000308121 13.5547

-0.000308136 13.5547
-0.000307256 13.5742

-0.000307247 13.5742
-0.000306365 13.5938

-0.000306373 13.5938
-0.00030549 13.6133

-0.000305492 13.6133
-0.000304588 13.6328

-0.000304581 13.6328
-0.000303668 13.6523

-0.00030367 13.6523
-0.000302759 13.6719

-0.000302762 13.6719
-0.00030184 13.6914

-0.000301841 13.6914
-0.0003009 13.7109

-0.000300892 13.7109
-0.000299948 13.7305

-0.00029995 13.7305
-0.000299018 13.75

-0.000299022 13.75
-0.000298093 13.7695

-0.000298088 13.7695
-0.000297166 13.7891

-0.000297167 13.7891
-0.00029626 13.8086

-0.000296262 13.8086
-0.000295363 13.8281

-0.000295366 13.8281
-0.000294463 13.8477

-0.00029446 13.8477
-0.000293553 13.8672

-0.000293548 13.8672
-0.000292654 13.8867

-0.000292654 13.8867
-0.000291781 13.9062

-0.000291782 13.9062
-0.000290925 13.9258

-0.000290928 13.9258
-0.000290076 13.9453

-0.000290071 13.9453
-0.000289225 13.9648

-0.000289227 13.9648
-0.000288393 13.9844

-0.000288397 13.9844
-0.000287563 14.0039

-0.000287569 14.0039
-0.000286714 14.0234

-0.000286698 14.0234
-0.000284983 14.0625

-0.000284979 14.0625
-0.000283284 14.1016

-0.000283282 14.1016
-0.000282446 14.1211

-0.00028245 14.1211
-0.000281623 14.1406

-0.000281629 14.1406
-0.000280789 14.1602

-0.000280786 14.1602
-0.000279928 14.1797

-0.000279926 14.1797
-0.000279061 14.1992

-0.000279061 14.1992
-0.000278195 14.2188

-0.000278185 14.2188
-0.000276493 14.2578

-0.000276517 14.2578
-0.000275685 14.2773

-0.000275679 14.2773
-0.000274825 14.2969

-0.000274832 14.2969
-0.000273953 14.3164

-0.000273952 14.3164
-0.000273039 14.3359

-0.000273039 14.3359
-0.000272096 14.3555

-0.000272099 14.3555
-0.000271124 14.375

-0.000271042 14.375
-0.000269347 14.4141

-0.000269402 14.4141
-0.000268693 14.4336

-0.000268712 14.4336
-0.000267994 14.4531

-0.000267979 14.4531
-0.000267243 14.4727

-0.000267246 14.4727
-0.000266515 14.4922

-0.000266518 14.4922
-0.000265777 14.5117

-0.000265778 14.5117
-0.000265023 14.5312

-0.000264988 14.5312
-0.000263582 14.5703

-0.000263629 14.5703
-0.000262295 14.6094

-0.000262303 14.6094
-0.000260932 14.6484

-0.000260931 14.6484
-0.000259508 14.6875

-0.000259519 14.6875
-0.000258028 14.7266

-0.000258035 14.7266
-0.00025725 14.7461

-0.000257247 14.7461
-0.000256416 14.7656

-0.000256376 14.7656
-0.00025479 14.8047

-0.000254761 14.8047
-0.000253366 14.8438

-0.000253404 14.8438
-0.000252791 14.8633

-0.00025279 14.8633
-0.000252188 14.8828

-0.000252191 14.8828
-0.000251598 14.9023

-0.000251602 14.9023
-0.000251 14.9219

-0.000250988 14.9219
-0.000249797 14.9609

-0.000249822 14.9609
-0.000248613 15

-0.000248609 15
-0.00024798 15.0195

-0.000247978 15.0195
-0.000247333 15.0391

-0.000247339 15.0391
-0.000246672 15.0586

-0.000246665 15.0586
-0.000245977 15.0781

-0.000245947 15.0781
-0.000244674 15.1172

-0.000244708 15.1172
-0.000244121 15.1367

-0.000244116 15.1367
-0.00024352 15.1562

-0.000243514 15.1562
-0.00024293 15.1758

-0.000242928 15.1758
-0.000242376 15.1953

-0.000242385 15.1953
-0.000241849 15.2148

-0.000241852 15.2148
-0.00024131 15.2344

-0.000241288 15.2344
-0.000240269 15.2734

-0.000240292 15.2734
-0.000239331 15.3125

-0.000239324 15.3125
-0.000238386 15.3516

-0.000238392 15.3516
-0.000237936 15.3711

-0.000237937 15.3711
-0.000237479 15.3906

-0.000237481 15.3906
-0.000237014 15.4102

-0.000237013 15.4102
-0.000236534 15.4297

-0.000236533 15.4297
-0.000236044 15.4492

-0.000236047 15.4492
-0.000235546 15.4688

-0.000235531 15.4688
-0.000234552 15.5078

-0.00023456 15.5078
-0.000233612 15.5469

-0.000233609 15.5469
-0.000233143 15.5664

-0.000233144 15.5664
-0.000232692 15.5859

-0.000232691 15.5859
-0.000232251 15.6055

-0.000232252 15.6055
-0.000231822 15.625

-0.000231817 15.625
-0.00023099 15.6641

-0.000230999 15.6641
-0.0002306 15.6836

-0.000230601 15.6836
-0.0002302 15.7031

-0.000230188 15.7031
-0.00022943 15.7422

-0.00022942 15.7422
-0.000228749 15.7812

-0.000228776 15.7812
-0.000228471 15.8008

-0.000228472 15.8008
-0.000228144 15.8203

-0.000228139 15.8203
-0.000227794 15.8398

-0.000227794 15.8398
-0.000227443 15.8594

-0.000227426 15.8594
-0.000226778 15.8984

-0.000226799 15.8984
-0.0002265 15.918

-0.000226499 15.918
-0.000226189 15.9375

-0.000226198 15.9375
-0.000225522 15.9766

-0.000225525 15.9766
-0.000225154 15.9961

-0.00022516 15.9961
-0.000224736 16.0156

-0.000224725 16.0156
-0.000224255 16.0352

-0.000224265 16.0352
-0.000223751 16.0547

-0.000223725 16.0547
-0.000222677 16.0938

-0.000222691 16.0938
-0.000222163 16.1133

-0.00022216 16.1133
-0.000221603 16.1328

-0.00022159 16.1328
-0.000220477 16.1719

-0.000220446 16.1719
-0.000219411 16.2109

-0.000219436 16.2109
-0.00021849 16.25

-0.000218502 16.25
-0.00021804 16.2695

-0.000218038 16.2695
-0.000217569 16.2891

-0.000217568 16.2891
-0.000217097 16.3086

-0.000217098 16.3086
-0.000216624 16.3281

-0.000216619 16.3281
-0.000216149 16.3477

-0.00021615 16.3477
-0.000215695 16.3672

-0.000215698 16.3672
-0.00021525 16.3867

-0.000215248 16.3867
-0.000214807 16.4062

-0.000214814 16.4062
-0.000214371 16.4258

-0.000214362 16.4258
-0.000213919 16.4453

-0.000213906 16.4453
-0.000213109 16.4844

-0.000213132 16.4844
-0.000212775 16.5039

-0.00021277 16.5039
-0.000212415 16.5234

-0.000212417 16.5234
-0.00021207 16.543

-0.000212068 16.543
-0.000211732 16.5625

-0.000211739 16.5625
-0.000211405 16.582

-0.000211401 16.582
-0.000211061 16.6016

-0.000211055 16.6016
-0.000210404 16.6406

-0.000210414 16.6406
-0.000210102 16.6602

-0.000210102 16.6602
-0.000209784 16.6797

-0.000209781 16.6797
-0.000209145 16.7188

-0.000209122 16.7188
-0.000208535 16.7578

-0.000208562 16.7578
-0.000208296 16.7773

-0.00020829 16.7773
-0.00020801 16.7969

-0.000208011 16.7969
-0.000207726 16.8164

-0.000207723 16.8164
-0.000207437 16.8359

-0.000207442 16.8359
-0.000207151 16.8555

-0.000207148 16.8555
-0.000206849 16.875

-0.000206853 16.875
-0.000206546 16.8945

-0.000206546 16.8945
-0.000206225 16.9141

-0.000206224 16.9141
-0.000205556 16.9531

-0.000205556 16.9531
-0.00020521 16.9727

-0.000205207 16.9727
-0.000204855 16.9922

-0.000204855 16.9922
-0.000204502 17.0117

-0.000204503 17.0117
-0.000204146 17.0312

-0.000204141 17.0312
-0.000203786 17.0508

-0.000203787 17.0508
-0.00020344 17.0703

-0.00020344 17.0703
-0.000202761 17.1094

-0.00020277 17.1094
-0.000202435 17.1289

-0.000202434 17.1289
-0.000202086 17.1484

-0.000202083 17.1484
-0.000201727 17.168

-0.000201728 17.168
-0.00020137 17.1875

-0.000201368 17.1875
-0.000201008 17.207

-0.000201011 17.207
-0.000200644 17.2266

-0.000200643 17.2266
-0.000200263 17.2461

-0.000200263 17.2461
-0.00019987 17.2656

-0.000199853 17.2656
-0.000199109 17.3047

-0.000199106 17.3047
-0.000198438 17.3438

-0.00019847 17.3438
-0.000198156 17.3633

-0.000198155 17.3633
-0.000197796 17.3828

-0.000197782 17.3828
-0.000197039 17.4219

-0.000197049 17.4219
-0.000196666 17.4414

-0.000196667 17.4414
-0.00019625 17.4609

-0.000196219 17.4609
-0.000195435 17.5

-0.000195457 17.5
-0.000194723 17.5391

-0.000194723 17.5391
-0.000194358 17.5586

-0.00019436 17.5586
-0.000193992 17.5781

-0.00019399 17.5781
-0.000193619 17.5977

-0.000193617 17.5977
-0.00019325 17.6172

-0.000193255 17.6172
-0.000192886 17.6367

-0.000192888 17.6367
-0.000192501 17.6562

-0.0001925 17.6562
-0.000192091 17.6758

-0.00019209 17.6758
-0.000191663 17.6953

-0.000191658 17.6953
-0.000191225 17.7148

-0.000191224 17.7148
-0.000190797 17.7344

-0.000190784 17.7344
-0.000189994 17.7734

-0.000189985 17.7734
-0.000189306 17.8125

-0.000189323 17.8125
-0.000189029 17.832

-0.000189029 17.832
-0.000188745 17.8516

-0.000188726 17.8516
-0.000188248 17.8906

-0.000188268 17.8906
-0.000188075 17.9102

-0.000188075 17.9102
-0.000187887 17.9297

-0.000187835 17.9297
-0.000187679 17.9688

-0.000187745 17.9688
-0.000187772 17.9883

-0.000187776 17.9883
-0.000187768 18.0078

-0.000187761 18.0078
-0.000187722 18.0273

-0.000187725 18.0273
-0.000187663 18.0469

-0.000187642 18.0469
-0.000187543 18.0859

-0.000187559 18.0859
-0.000187524 18.1055

-0.000187524 18.1055
-0.000187472 18.125

-0.000187476 18.125
-0.000187397 18.1445

-0.000187396 18.1445
-0.000187285 18.1641

-0.000187284 18.1641
-0.000187145 18.1836

-0.000187141 18.1836
-0.000186984 18.2031

-0.000186983 18.2031
-0.000186818 18.2227

-0.000186821 18.2227
-0.000186647 18.2422

-0.000186631 18.2422
-0.000186314 18.2812

-0.000186317 18.2812
-0.000186047 18.3203

-0.000186047 18.3203
-0.00018582 18.3594

-0.000185843 18.3594
-0.000185738 18.3789

-0.000185738 18.3789
-0.000185594 18.3984

-0.000185588 18.3984
-0.000185417 18.418

-0.000185419 18.418
-0.000185228 18.4375

-0.000185194 18.4375
-0.000184906 18.4766

-0.00018494 18.4766
-0.000184732 18.5156

-0.000184743 18.5156
-0.000184639 18.5352

-0.000184638 18.5352
-0.000184516 18.5547

-0.000184475 18.5547
-0.000184364 18.5938

-0.000184398 18.5938
-0.000184412 18.6133

-0.000184408 18.6133
-0.00018443 18.6328

-0.000184428 18.6328
-0.000184471 18.6523

-0.00018447 18.6523
-0.000184541 18.6719

-0.000184546 18.6719
-0.00018464 18.6914

-0.000184649 18.6914
-0.000184736 18.7109

-0.000184716 18.7109
-0.000184913 18.75

-0.00018493 18.75
-0.000185041 18.7695

-0.000185044 18.7695
-0.000185128 18.7891

-0.000185048 18.7891
-0.000185474 18.8281

-0.000185563 18.8281
-0.000185901 18.8477

-0.000185901 18.8477
-0.000186184 18.8672

-0.000186181 18.8672
-0.000186417 18.8867

-0.000186419 18.8867
-0.000186611 18.9062

-0.000186599 18.9062
-0.000186937 18.9453

-0.000186944 18.9453
-0.000187092 18.9648

-0.000187091 18.9648
-0.000187206 18.9844

-0.000187179 18.9844
-0.000187455 19.0234

-0.000187481 19.0234
-0.000187643 19.043

-0.000187641 19.043
-0.000187778 19.0625

-0.000187774 19.0625
-0.000188015 19.1016

-0.000188044 19.1016
-0.000188192 19.1406

-0.000188188 19.1406
-0.000188204 19.1602

-0.000188199 19.1602
-0.000188175 19.1797

-0.000188169 19.1797
-0.000188128 19.1992

-0.000188129 19.1992
-0.000188082 19.2188

-0.000188083 19.2188
-0.000188027 19.2383

-0.000188027 19.2383
-0.000187959 19.2578

-0.000187936 19.2578
-0.000187872 19.2969

-0.000187862 19.2969
-0.000187931 19.3359

-0.000187933 19.3359
-0.00018815 19.375

-0.000188193 19.375
-0.000188468 19.4141

-0.00018847 19.4141
-0.000188595 19.4336

-0.000188595 19.4336
-0.000188702 19.4531

-0.000188699 19.4531
-0.000188884 19.4922

-0.000188865 19.4922
-0.000189058 19.5312

-0.000189076 19.5312
-0.000189277 19.5703

-0.000189274 19.5703
-0.000189364 19.5898

-0.000189363 19.5898
-0.000189452 19.6094

-0.000189452 19.6094
-0.00018954 19.6289

-0.000189542 19.6289
-0.000189625 19.6484

-0.000189619 19.6484
-0.000189792 19.6875

-0.000189801 19.6875
-0.00018997 19.7266

-0.000189991 19.7266
-0.000190059 19.7461

-0.000190063 19.7461
-0.000190066 19.7656

-0.000190018 19.7656
-0.000190067 19.8047

-0.000190103 19.8047
-0.000190183 19.8438

-0.000190185 19.8438
-0.000190208 19.8633

-0.000190206 19.8633
-0.000190214 19.8828

-0.000190217 19.8828
-0.00019021 19.9023

-0.00019021 19.9023
-0.000190181 19.9219

-0.00019018 19.9219
-0.00019013 19.9414

-0.000190135 19.9414
-0.000190054 19.9609

-0.000190013 19.9609
-0.000189938 20

0.0390625 0.306187
0.0270537 0.3125

0.0390625 0.306209
0.0585938 0.296329

0.078125 0.286818
0.0655077 0.292969

0.0585938 0.29654
0.0659194 0.292969

0.117188 0.268646
0.106606 0.273438

0.078125 0.286838
0.0976562 0.277616

0.0976562 0.277784
0.107256 0.273438

0.117188 0.268775
0.136719 0.260302

0.15625 0.251746
0.151132 0.253906

0.136719 0.2605
0.152342 0.253906

0.214844 0.229007
0.200579 0.234375

0.214844 0.229059
0.234375 0.221936

0.15625 0.252067
0.175781 0.244036

0.175781 0.244021
0.195312 0.236375

0.195312 0.236624
0.201289 0.234375

0.253906 0.214689
0.253465 0.214844

0.234375 0.221942
0.253906 0.215088

0.273438 0.208538
0.254465 0.214844

0.253906 0.215157
0.254849 0.214844

0.273438 0.208633
0.292969 0.202428

0.292969 0.202361
0.3125 0.196398

0 0.327145
0.0195312 0.316466

0.0195312 0.316686
0.027493 0.3125

0.332031 0.190731
0.316233 0.195312

0.332031 0.19077
0.351562 0.185334

0.3125 0.196588
0.3169 0.195312

0.351562 0.185324
0.371094 0.180141

0.390625 0.174754
0.386612 0.175781

0.371094 0.180265
0.388609 0.175781

0.390625 0.17511
0.410156 0.170356

0.410156 0.170425
0.429688 0.16593

0.429688 0.165916
0.449219 0.16157

0.449219 0.161547
0.46875 0.157423

0.488281 0.153479
0.474368 0.15625

0.488281 0.153559
0.507812 0.149851

0.507812 0.149839
0.527344 0.146315

0.527344 0.146316
0.546875 0.142996

0.546875 0.143021
0.566406 0.139855

0.585938 0.136687
0.585735 0.136719

0.566406 0.139851
0.585938 0.136794

0.605469 0.133887
0.586202 0.136719

0.585938 0.136818
0.586614 0.136719

0.605469 0.133932
0.625 0.131228

0.46875 0.157593
0.475494 0.15625

0.625 0.131224
0.644531 0.128605

0.644531 0.12861
0.664062 0.126077

0.664062 0.126067
0.683594 0.123631

0.683594 0.123641
0.703125 0.121302

0.742188 0.116624
0.737216 0.117188

0.703125 0.121302
0.722656 0.119038

0.722656 0.119102
0.739547 0.117188

0.742188 0.116783
0.761719 0.114703

0.761719 0.114752
0.78125 0.112818

0.78125 0.112818
0.800781 0.110931

0.800781 0.110938
0.820312 0.109084

0.820312 0.109089
0.839844 0.107241

0.839844 0.107239
0.859375 0.105393

0.859375 0.105395
0.878906 0.103549

0.878906 0.103548
0.898438 0.101699

0.898438 0.101702
0.917969 0.0998439

0.917969 0.0998208
0.9375 0.0979937

0.957031 0.0962449
0.940842 0.0976562

0.9375 0.0980574
0.942101 0.0976562

0.957031 0.0962891
0.976562 0.0947146

0.976562 0.0947134
0.996094 0.0932257

0.996094 0.0932179
1.01562 0.0918352

1.01562 0.0918357
1.03516 0.0905728

1.03516 0.0905754
1.05469 0.089426

1.05469 0.0894293
1.07422 0.0883815

1.07422 0.0883849
1.09375 0.0874255

1.09375 0.0874364
1.11328 0.0865368

1.11328 0.0865366
1.13281 0.0856753

1.13281 0.0856783
1.15234 0.0848498

1.15234 0.0848538
1.17188 0.0840442

1.17188 0.084048
1.19141 0.083242

1.19141 0.0832439
1.21094 0.0824301

1.21094 0.0824294
1.23047 0.0816052

1.23047 0.0816038
1.25 0.0807735

0 2.25694
0.00233359 2.26562

0.00235595 2.26562
0.00740205 2.28516

0.00740366 2.28516
0.0122446 2.30469

0.0122465 2.30469
0.0168754 2.32422

0.0168868 2.32422
0.0195312 2.33592

0.0195312 2.33605
0.0212712 2.34375

0.0212899 2.34375
0.0254861 2.36328

0.0254875 2.36328
0.0294615 2.38281

0.0294626 2.38281
0.0332094 2.40234

0.0332099 2.40234
0.0367262 2.42188

0.0367293 2.42188
0.0390625 2.43574

0.0390625 2.43582
0.0400027 2.44141

0.0400135 2.44141
0.043069 2.46094

0.0430699 2.46094
0.0458896 2.48047

0.0458907 2.48047
0.0484705 2.5

1.32812 0.0774561
1.31054 0.078125

1.25 0.0807755
1.26953 0.0799379

1.26953 0.0799378
1.28906 0.0790892

1.28906 0.0790787
1.30859 0.0782402

1.30859 0.0782617
1.31219 0.078125

1.32812 0.0774836
1.34766 0.0768638

1.34766 0.0768749
1.36719 0.0763188

1.36719 0.0763174
1.38672 0.0758059

1.38672 0.0758052
1.40625 0.0753423

1.40625 0.0753429
1.42578 0.0749286

1.42578 0.0749296
1.44531 0.0745605

1.44531 0.0745635
1.46484 0.0742316

1.46484 0.0742387
1.48438 0.0739236

1.48438 0.0739369
1.50391 0.0735979

1.50391 0.0736175
1.52344 0.0731891

1.52344 0.0732117
1.54297 0.0726098

1.54297 0.0726319
1.5625 0.0717669

1.5625 0.071782
1.58203 0.0705795

1.58203 0.0705731
1.60156 0.0690157

1.60156 0.0689671
1.62109 0.0671648

1.62109 0.0670914
1.64062 0.0652884

1.64062 0.0651197
1.66016 0.0638003

1.66016 0.0636243
1.67969 0.0634779

1.67969 0.0634703
1.69922 0.0648639

1.69922 0.0651735
1.71875 0.0675029

1.71875 0.067886
1.73828 0.0697659

1.73828 0.0699543
1.75781 0.0702418

1.75781 0.0701728
1.77734 0.068629

1.77734 0.068613
1.79688 0.0654077

1.79688 0.0653981
1.81641 0.0605824

1.83594 0.0540786
1.82164 0.0585938

1.81641 0.0609173
1.82376 0.0585938

1.83594 0.054241
1.85547 0.0470657

1.85547 0.0468827
1.875 0.0391742

1.875 0.0383899
1.89453 0.0320803

1.89453 0.0303557
1.91406 0.0304631

1.875 0.0391837
1.87538 0.0390625

1.91406 0.0327039
1.93359 0.0379151

1.92969 0.0390625
1.93359 0.0404809

1.94216 0.0390625
1.95312 0.0453674

1.95312 0.0611982
1.9444 0.078125

1.94603 0.078125
1.95087 0.0976562

1.9428 0.0976562
1.95312 0.110707

1.96816 0.0390625
1.97266 0.0490217

1.95312 0.0690812
1.95991 0.0585938

1.97496 0.0390625
1.97595 0.0585938

1.97266 0.0604861
1.97412 0.0585938

1.95312 0.0910813
1.9591 0.0976562

1.95312 0.103146
1.97266 0.108891

1.97266 0.0962109
1.99219 0.094014

1.97266 0.102059
1.99219 0.0985057

1.99219 0.0962298
2.00328 0.0976562

1.99219 0.0979647
2.01172 0.100442

2.01172 0.101368
2.03125 0.104016

2.03125 0.10416
2.05078 0.104031

2.05078 0.104046
2.07031 0.100819

2.08984 0.0938959
2.07899 0.0976562

2.07031 0.101389
2.08108 0.0976562

2.08984 0.0946919
2.10938 0.0830949

2.14844 0.0342023
2.14667 0.0390625

2.12891 0.0650103
2.11521 0.078125

2.14706 0.0390625
2.13454 0.0585938

2.12891 0.065461
2.13469 0.0585938

2.15612 0
2.15382 0.0195312

2.14844 0.0347717
2.15397 0.0195312

2.10938 0.0834673
2.1161 0.078125

