-0.000554875 10.3125
-0.000549538 10.3516

-0.000549548 10.3516
-0.000546907 10.3711

-0.000546903 10.3711
-0.000544277 10.3906

-0.000544273 10.3906
-0.000541679 10.4102

-0.000541674 10.4102
-0.00053913 10.4297

-0.000539127 10.4297
-0.000536649 10.4492

-0.00053665 10.4492
-0.000534241 10.4688

-0.000534248 10.4688
-0.000531894 10.4883

-0.000531907 10.4883
-0.000529565 10.5078

-0.00052952 10.5078
-0.000524991 10.5469

-0.000525062 10.5469
-0.000522865 10.5664

-0.000522855 10.5664
-0.000520606 10.5859

-0.000520608 10.5859
-0.000518323 10.6055

-0.000518324 10.6055
-0.000515996 10.625

-0.000515978 10.625
-0.000513638 10.6445

-0.000513634 10.6445
-0.000511325 10.6641

-0.000511331 10.6641
-0.00050905 10.6836

-0.000509055 10.6836
-0.000506781 10.7031

-0.000506776 10.7031
-0.000504509 10.7227

-0.000504508 10.7227
-0.00050226 10.7422

-0.000502262 10.7422
-0.00050003 10.7617

-0.00050003 10.7617
-0.00049781 10.7812

-0.000497795 10.7812
-0.000493438 10.8203

-0.000493413 10.8203
-0.000489227 10.8594

-0.000489247 10.8594
-0.000487235 10.8789

-0.000487247 10.8789
-0.000485254 10.8984

-0.000485248 10.8984
-0.000483264 10.918

-0.000483271 10.918
-0.000481296 10.9375

-0.000481297 10.9375
-0.000479316 10.957

-0.000479317 10.957
-0.000477322 10.9766

-0.000477314 10.9766
-0.000473325 11.0156

-0.000473304 11.0156
-0.000469365 11.0547

-0.000469422 11.0547
-0.000467466 11.0742

-0.000467465 11.0742
-0.000465413 11.0938

-0.000465335 11.0938
-0.000461356 11.1328

-0.000461313 11.1328
-0.000457653 11.1719

-0.000457719 11.1719
-0.000456024 11.1914

-0.000456023 11.1914
-0.000454335 11.2109

-0.000454349 11.2109
-0.000450933 11.25

-0.000450967 11.25
-0.000449219 11.2695

-0.00044919 11.2695
-0.000447393 11.2891

-0.000447375 11.2891
-0.000445621 11.3086

-0.000445617 11.3086
-0.000443952 11.3281

-0.00044395 11.3281
-0.00044082 11.3672

-0.000440872 11.3672
-0.000439387 11.3867

-0.000439383 11.3867
-0.00043788 11.4062

-0.000437869 11.4062
-0.00043489 11.4453

-0.000434908 11.4453
-0.000433429 11.4648

-0.000433428 11.4648
-0.000431926 11.4844

-0.00043193 11.4844
-0.000430401 11.5039

-0.0004304 11.5039
-0.000428841 11.5234

-0.000428845 11.5234
-0.000427251 11.543

-0.000427252 11.543
-0.000425617 11.5625

-0.000425614 11.5625
-0.000423939 11.582

-0.000423939 11.582
-0.000422231 11.6016

-0.000422229 11.6016
-0.000420492 11.6211

-0.000420488 11.6211
-0.000418736 11.6406

-0.000418736 11.6406
-0.000416974 11.6602

-0.000416972 11.6602
-0.000415205 11.6797

-0.000415199 11.6797
-0.000413442 11.6992

-0.000413444 11.6992
-0.000411706 11.7188

-0.000411713 11.7188
-0.000409973 11.7383

-0.000409972 11.7383
-0.000408222 11.7578

-0.000408225 11.7578
-0.000406459 11.7773

-0.000406462 11.7773
-0.000404665 11.7969

-0.000404655 11.7969
-0.000402841 11.8164

-0.000402831 11.8164
-0.000401038 11.8359

-0.00040099 11.8359
-0.000397678 11.875

-0.000397752 11.875
-0.000396222 11.8945

-0.000396217 11.8945
-0.000394676 11.9141

-0.000394673 11.9141
-0.000393136 11.9336

-0.000393137 11.9336
-0.000391608 11.9531

-0.000391626 11.9531
-0.000390067 11.9727

-0.000390063 11.9727
-0.000388445 11.9922

-0.000388425 11.9922
-0.000386795 12.0117

-0.000386797 12.0117
-0.00038519 12.0312

-0.000385127 12.0312
-0.000382209 12.0703

-0.000382308 12.0703
-0.000380983 12.0898

-0.00038098 12.0898
-0.000379599 12.1094

-0.000379576 12.1094
-0.000378189 12.1289

-0.000378178 12.1289
-0.000376854 12.1484

-0.000376875 12.1484
-0.000375594 12.168

-0.000375609 12.168
-0.000374299 12.1875

-0.000374298 12.1875
-0.00037293 12.207

-0.000372932 12.207
-0.000371502 12.2266

-0.000371496 12.2266
-0.000370013 12.2461

-0.000369999 12.2461
-0.000368505 12.2656

-0.000368521 12.2656
-0.000367011 12.2852

-0.000366995 12.2852
-0.000365467 12.3047

-0.000365429 12.3047
-0.000362555 12.3438

-0.000362594 12.3438
-0.000359906 12.3828

-0.000359937 12.3828
-0.000358624 12.4023

-0.000358627 12.4023
-0.000357278 12.4219

-0.000357269 12.4219
-0.000355897 12.4414

-0.000355888 12.4414
-0.000354526 12.4609

-0.000354511 12.4609
-0.000351902 12.5

-0.00035185 12.5
-0.000349503 12.5391

-0.000349594 12.5391
-0.000347432 12.5781

-0.000347436 12.5781
-0.000346355 12.5977

-0.000346362 12.5977
-0.000345259 12.6172

-0.000345257 12.6172
-0.00034412 12.6367

-0.00034412 12.6367
-0.000342953 12.6562

-0.000342954 12.6562
-0.000341759 12.6758

-0.000341754 12.6758
-0.000340539 12.6953

-0.000340555 12.6953
-0.000339299 12.7148

-0.000339286 12.7148
-0.000337985 12.7344

-0.000337946 12.7344
-0.000335459 12.7734

-0.000335492 12.7734
-0.000334308 12.793

-0.000334307 12.793
-0.000333119 12.8125

-0.000333118 12.8125
-0.000331929 12.832

-0.000331927 12.832
-0.00033074 12.8516

-0.000330742 12.8516
-0.000329555 12.8711

-0.000329552 12.8711
-0.000328366 12.8906

-0.000328358 12.8906
-0.000327194 12.9102

-0.000327199 12.9102
-0.000326065 12.9297

-0.000326053 12.9297
-0.000324961 12.9492

-0.000324967 12.9492
-0.000323929 12.9688

-0.000323937 12.9688
-0.000322927 12.9883

-0.000322927 12.9883
-0.000321931 13.0078

-0.000321936 13.0078
-0.000320944 13.0273

-0.000320946 13.0273
-0.000319941 13.0469

-0.000319945 13.0469
-0.000318916 13.0664

-0.000318915 13.0664
-0.000317856 13.0859

-0.000317849 13.0859
-0.000316779 13.1055

-0.00031678 13.1055
-0.000315713 13.125

-0.000315712 13.125
-0.000314645 13.1445

-0.000314646 13.1445
-0.000313576 13.1641

-0.000313545 13.1641
-0.000311518 13.2031

-0.000311546 13.2031
-0.00031059 13.2227

-0.000310592 13.2227
-0.000309635 13.2422

-0.000309646 13.2422
-0.000308662 13.2617

-0.000308659 13.2617
-0.000307632 13.2812

-0.000307615 13.2812
-0.000306586 13.3008

-0.000306581 13.3008
-0.000305593 13.3203

-0.000305593 13.3203
-0.000304656 13.3398

-0.000304667 13.3398
-0.000303762 13.3594

-0.000303768 13.3594
-0.00030286 13.3789

-0.000302858 13.3789
-0.00030194 13.3984

-0.000301939 13.3984
-0.000301017 13.418

-0.000301023 13.418
-0.000300088 13.4375

-0.000300086 13.4375
-0.000299131 13.457

-0.000299134 13.457
-0.000298158 13.4766

-0.000298143 13.4766
-0.000297168 13.4961

-0.00029717 13.4961
-0.000296222 13.5156

-0.000296225 13.5156
-0.000295293 13.5352

-0.000295302 13.5352
-0.00029436 13.5547

-0.000294352 13.5547
-0.000293396 13.5742

-0.0002934 13.5742
-0.000292437 13.5938

-0.000292448 13.5938
-0.00029145 13.6133

-0.000291449 13.6133
-0.000290394 13.6328

-0.000290386 13.6328
-0.000289292 13.6523

-0.00028928 13.6523
-0.000288187 13.6719

-0.000288193 13.6719
-0.000287112 13.6914

-0.000287113 13.6914
-0.000286031 13.7109

-0.000286012 13.7109
-0.000284964 13.7305

-0.000284976 13.7305
-0.000283975 13.75

-0.000283984 13.75
-0.000282988 13.7695

-0.000282969 13.7695
-0.000281998 13.7891

-0.000281985 13.7891
-0.000281101 13.8086

-0.000281111 13.8086
-0.000280318 13.8281

-0.000280327 13.8281
-0.000279588 13.8477

-0.000279596 13.8477
-0.000278878 13.8672

-0.000278896 13.8672
-0.000278144 13.8867

-0.000278142 13.8867
-0.000277323 13.9062

-0.000277311 13.9062
-0.000276453 13.9258

-0.000276453 13.9258
-0.000275581 13.9453

-0.000275577 13.9453
-0.000274701 13.9648

-1.80747 0
-1.79942 0.0195312

-1.79824 0.0195312
-1.79688 0.0211725

-1.79688 0.0214839
-1.77734 0.0374399

-1.75781 0.0371898
-1.77576 0.0390625

-1.77787 0.0390625
-1.77734 0.0393274

-1.77734 0.0401744
-1.76554 0.0390625

-1.73828 0.0133899
-1.74078 0.0195312

-1.75781 0.03437
-1.74205 0.0195312

-1.73828 0.0137552
-1.733 0

-1.75781 0.0416313
-1.75374 0.0390625

-0.000274707 13.9648
-0.000273825 13.9844

-0.00027381 13.9844
-0.000272065 14.0234

-0.000272032 14.0234
-0.000270392 14.0625

-0.000270378 14.0625
-0.000268937 14.1016

-0.000268976 14.1016
-0.000267682 14.1406

-0.000267701 14.1406
-0.000267075 14.1602

-0.000267069 14.1602
-0.000266435 14.1797

-0.000266434 14.1797
-0.000265802 14.1992

-0.000265801 14.1992
-0.000265176 14.2188

-0.000265182 14.2188
-0.000264553 14.2383

-0.000264552 14.2383
-0.000263909 14.2578

-0.000263908 14.2578
-0.000263258 14.2773

-0.000263259 14.2773
-0.0002626 14.2969

-0.000262615 14.2969
-0.000261915 14.3164

-0.000261915 14.3164
-0.000261145 14.3359

-0.00026116 14.3359
-0.000259415 14.375

-0.000259264 14.375
-0.000257548 14.4141

-0.000257617 14.4141
-0.000256093 14.4531

-0.000256095 14.4531
-0.000255354 14.4727

-0.000255359 14.4727
-0.000254625 14.4922

-0.000254624 14.4922
-0.000253888 14.5117

-0.000253891 14.5117
-0.000253145 14.5312

-0.000253144 14.5312
-0.000251627 14.5703

-0.000251619 14.5703
-0.000250852 14.5898

-0.000250851 14.5898
-0.000250091 14.6094

-0.000250082 14.6094
-0.000248619 14.6484

-0.000248683 14.6484
-0.000247957 14.668

-0.000247955 14.668
-0.000247109 14.6875

-0.00024696 14.6875
-0.000245625 14.7266

-0.000245746 14.7266
-0.000244764 14.7656

-0.000244782 14.7656
-0.000243878 14.8047

-0.000243892 14.8047
-0.00024345 14.8242

-0.000243455 14.8242
-0.000242985 14.8438

-0.000242973 14.8438
-0.000242488 14.8633

-0.000242494 14.8633
-0.000242005 14.8828

-0.000242013 14.8828
-0.000241493 14.9023

-0.000241485 14.9023
-0.000240937 14.9219

-0.000240944 14.9219
-0.000240371 14.9414

-0.000240368 14.9414
-0.000239761 14.9609

-0.000239719 14.9609
-0.000238616 15

-1.53538 0
-1.52344 0.0128353

-1.52344 0.0065797
-1.50391 0.00218292

-1.49453 0
-1.48438 0.0106322

-1.48438 0.0106433
-1.46484 0.0134382

-1.46484 0.0170839
-1.45513 0

-1.34771 0
-1.34766 0.000202786

-1.34743 0
-1.34168 0.0195312

-1.3418 0.0195312
-1.32812 0.035187

-1.32818 0.0390625
-1.32812 0.0391005

-1.32812 0.0356877
-1.32176 0.0390625

-1.32122 0.0390625
-1.30859 0.0447515

-1.30859 0.0425039
-1.28906 0.0427177

-1.25 0.0365881
-1.26555 0.0390625

-1.28906 0.0419035
-1.26953 0.0396546

-1.26953 0.0395312
-1.26659 0.0390625

-1.25 0.0362599
-1.23047 0.0328639

-1.23047 0.0328384
-1.21094 0.0298038

-1.21094 0.0298856
-1.19141 0.0271

-1.19141 0.0297854
-1.17188 0.0217144

-1.15364 0
-1.16612 0.0195312

-1.17188 0.0227167
-1.16754 0.0195312

-1.13281 0.152537
-1.13492 0.15625

-1.09375 0.116996
-1.09408 0.117188

-1.11328 0.130234
-1.12047 0.136719

-1.13281 0.152036
-1.1215 0.136719

-1.11328 0.130567
-1.09382 0.117188

-1.13474 0.15625
-1.13856 0.175781

-1.13797 0.175781
-1.13448 0.195312

-1.13417 0.195312
-1.13281 0.198557

-1.13281 0.197412
-1.12552 0.214844

-1.12512 0.214844
-1.11464 0.234375

-1.11467 0.234375
-1.11328 0.236803

-1.11328 0.236188
-1.10302 0.253906

-1.10306 0.253906
-1.09375 0.269603

-1.07422 0.108407
-1.09239 0.117188

-1.07422 0.1088
-1.05469 0.101158

-1.09375 0.117534
-1.09303 0.117188

-1.03516 0.0942505
-1.0447 0.0976562

-1.05469 0.10139
-1.04422 0.0976562

-1.03516 0.0942453
-1.01562 0.0878359

-1.0135 0
-0.999211 0.0195312

-0.996094 0.0157655
-0.983439 0.0195312

-0.976562 0.0760249
-0.983532 0.078125

-0.976562 0.0170104
-0.957031 0.0151349

-0.957031 0.0148336
-0.9375 0.0180381

-0.976562 0.0759578
-0.957031 0.0705109

-0.957031 0.0705083
-0.9375 0.0660512

-1.01562 0.0879724
-0.996094 0.0820389

-0.996094 0.0822182
-0.982511 0.078125

-1.09375 0.269539
-1.09145 0.273438

-1.09153 0.273438
-1.07956 0.292969

-0.00023866 15
-0.000238163 15.0195

-0.000238164 15.0195
-0.000237632 15.0391

-0.00023763 15.0391
-0.000236504 15.0781

-0.000236498 15.0781
-0.000235907 15.0977

-0.000235909 15.0977
-0.000235297 15.1172

-0.000235254 15.1172
-0.000234148 15.1562

-0.000234171 15.1562
-0.000233685 15.1758

-0.000233678 15.1758
-0.000233227 15.1953

-0.000233252 15.1953
-0.0002328 15.2148

-0.000232801 15.2148
-0.000232296 15.2344

-0.000232278 15.2344
-0.000231757 15.2539

-0.000231758 15.2539
-0.000231256 15.2734

-0.000231262 15.2734
-0.000230766 15.293

-0.000230759 15.293
-0.000230271 15.3125

-0.000230279 15.3125
-0.000229798 15.332

-0.0002298 15.332
-0.000229307 15.3516

-0.000229305 15.3516
-0.000228801 15.3711

-0.000228804 15.3711
-0.000228284 15.3906

-0.000228283 15.3906
-0.000227743 15.4102

-0.000227743 15.4102
-0.000227185 15.4297

-0.000227175 15.4297
-0.000226069 15.4688

-0.000226045 15.4688
-0.00022501 15.5078

-0.000225045 15.5078
-0.000224562 15.5273

-0.000224566 15.5273
-0.000224041 15.5469

-0.000224037 15.5469
-0.000223471 15.5664

-0.000223474 15.5664
-0.000222867 15.5859

-0.000222828 15.5859
-0.000221668 15.625

-0.000221705 15.625
-0.000221154 15.6445

-0.000221153 15.6445
-0.000220557 15.6641

-0.000220542 15.6641
-0.000219933 15.6836

-0.000219928 15.6836
-0.000219344 15.7031

-0.00021937 15.7031
-0.000218769 15.7227

-0.000218757 15.7227
-0.00021811 15.7422

-0.000218065 15.7422
-0.000216908 15.7812

-0.000216938 15.7812
-0.000216434 15.8008

-0.00021644 15.8008
-0.000215938 15.8203

-0.000215876 15.8203
-0.0002151 15.8594

-0.000215142 15.8594
-0.000214877 15.8789

-0.000214872 15.8789
-0.000214657 15.8984

-0.000214667 15.8984
-0.000214494 15.918

-0.000214513 15.918
-0.000214323 15.9375

-0.000214323 15.9375
-0.000214077 15.957

-0.000214073 15.957
-0.000213779 15.9766

-0.000213777 15.9766
-0.000213446 15.9961

-0.000213451 15.9961
-0.000213077 16.0156

-0.000213059 16.0156
-0.000212274 16.0547

-0.000212228 16.0547
-0.000211506 16.0938

-0.000211548 16.0938
-0.000211233 16.1133

-0.000211241 16.1133
-0.000210871 16.1328

-0.000210815 16.1328
-0.000210159 16.1719

-0.000210208 16.1719
-0.000209924 16.1914

-0.00020993 16.1914
-0.000209579 16.2109

-0.000209569 16.2109
-0.000209161 16.2305

-0.000209164 16.2305
-0.000208712 16.25

-0.000208718 16.25
-0.000208204 16.2695

-0.000208202 16.2695
-0.000207617 16.2891

-0.00020761 16.2891
-0.000206973 16.3086

-0.000206965 16.3086
-0.000206306 16.3281

-0.000206291 16.3281
-0.000205018 16.3672

-0.000205026 16.3672
-0.000204415 16.3867

-0.000204413 16.3867
-0.000203816 16.4062

-0.000203814 16.4062
-0.000202662 16.4453

-0.000202639 16.4453
-0.000201587 16.4844

-0.000201611 16.4844
-0.000201133 16.5039

-0.000201134 16.5039
-0.000200657 16.5234

-0.000200659 16.5234
-0.000200178 16.543

-0.000200178 16.543
-0.000199691 16.5625

-0.000199685 16.5625
-0.000199203 16.582

-0.000199196 16.582
-0.000198743 16.6016

-0.000198743 16.6016
-0.000198332 16.6211

-0.000198321 16.6211
-0.000197975 16.6406

-0.00019798 16.6406
-0.000197709 16.6602

-0.000197724 16.6602
-0.000197485 16.6797

-0.000197496 16.6797
-0.000197237 16.6992

-0.000197234 16.6992
-0.000196938 16.7188

-0.00019693 16.7188
-0.00019662 16.7383

-0.00019661 16.7383
-0.000196323 16.7578

-0.000196337 16.7578
-0.000196063 16.7773

-0.000196067 16.7773
-0.000195771 16.7969

-0.000195758 16.7969
-0.000195456 16.8164

-0.000195456 16.8164
-0.000195175 16.8359

-0.000195173 16.8359
-0.000194917 16.8555

-0.000194935 16.8555
-0.000194672 16.875

-0.000194666 16.875
-0.000194372 16.8945

-0.000194371 16.8945
-0.000194059 16.9141

-0.000194008 16.9141
-0.000193559 16.9531

-0.000193611 16.9531
-0.000193327 16.9922

-0.000193348 16.9922
-0.000193221 17.0117

-0.00019322 17.0117
-0.000193069 17.0312

-0.000193061 17.0312
-0.000192747 17.0703

-0.000192761 17.0703
-0.000192596 17.0898

-0.000192594 17.0898
-0.000192397 17.1094

-0.000192373 17.1094
-0.00019202 17.1484

-0.000192037 17.1484
-0.000191884 17.168

-0.000191882 17.168
-0.000191721 17.1875

-0.000191722 17.1875
-0.000191554 17.207

-0.000191558 17.207
-0.000191375 17.2266

-0.000191376 17.2266
-0.000191166 17.2461

-0.000191168 17.2461
-0.000190923 17.2656

-0.000190912 17.2656
-0.000190387 17.3047

-0.000190381 17.3047
-0.000189833 17.3438

-0.000189837 17.3438
-0.000189271 17.3828

-0.00018931 17.3828
-0.000188999 17.4023

-0.00018899 17.4023
-0.000188594 17.4219

-0.000188591 17.4219
-0.000188133 17.4414

-0.000188137 17.4414
-0.000187617 17.4609

-0.000187497 17.4609
-0.000186795 17.5

-0.000187032 17.5
-0.000186399 17.5391

-0.00018613 17.5391
-0.000185628 17.5781

-0.000185758 17.5781
-0.000185723 17.5977

-0.000185721 17.5977
-0.000185647 17.6172

-0.000185576 17.6172
-0.000185643 17.6562

-0.000185706 17.6562
-0.00018585 17.6758

-0.000185869 17.6758
-0.000185956 17.6953

-0.000185939 17.6953
-0.000185962 17.7148

-0.00018597 17.7148
-0.00018595 17.7344

-0.000185957 17.7344
-0.000185863 17.7539

-0.000185863 17.7539
-0.00018568 17.7734

-0.000185682 17.7734
-0.000185404 17.793

-0.000185399 17.793
-0.00018503 17.8125

-0.000185012 17.8125
-0.000184599 17.832

-0.000184593 17.832
-0.000184182 17.8516

-0.000184139 17.8516
-0.000183517 17.8906

-0.000183582 17.8906
-0.000183362 17.9102

-0.000183362 17.9102
-0.000183103 17.9297

-1.07972 0.292969
-1.07422 0.301449

-1.07422 0.301302
-1.06693 0.3125

-1.06701 0.3125
-1.05469 0.329981

-1.05469 0.329847
-1.05314 0.332031

-1.05313 0.332031
-1.03847 0.351562

-1.03855 0.351562
-1.03516 0.355999

-1.03516 0.355675
-1.02312 0.371094

-1.02311 0.371094
-1.01562 0.380638

-1.01562 0.380322
-1.00746 0.390625

-1.00742 0.390625
-0.996094 0.404587

-0.996094 0.40441
-0.991471 0.410156

-0.991519 0.410156
-0.976562 0.428598

-0.976562 0.428678
-0.975748 0.429688

-0.975775 0.429688
-0.959787 0.449219

-0.959952 0.449219
-0.957031 0.452738

-0.957031 0.452611
-0.943308 0.46875

-0.943319 0.46875
-0.9375 0.475394

-0.9375 0.0185603
-0.926354 0.0195312

-0.924334 0.0195312
-0.917969 0.0198134

-0.898438 0.0159441
-0.913684 0.0195312

-0.917969 0.0196675
-0.914437 0.0195312

-0.9375 0.0662561
-0.917969 0.0623842

-0.898438 0.0581316
-0.900491 0.0585938

-0.917969 0.0627625
-0.899543 0.0585938

-0.898438 0.0159858
-0.878906 0.0133782

-0.878906 0.013823
-0.859375 0.0172362

-0.859493 0.0195312
-0.859375 0.0195734

-0.898438 0.0579517
-0.878906 0.0530133

-0.878906 0.0527699
-0.859375 0.0485237

-0.839844 0.0141714
-0.85031 0.0195312

-0.859375 0.0195722
-0.859263 0.0195312

-0.839844 0.0191487
-0.828168 0

-0.859375 0.0482156
-0.839844 0.0457649

-0.839844 0.0457659
-0.820312 0.0457249

-0.820312 0.046315
-0.800781 0.0475014

-0.800781 0.0485475
-0.78125 0.0476889

-0.765257 0
-0.761719 0.0112219

-0.761719 0.014745
-0.755211 0.0195312

-0.761719 0.0378443
-0.742188 0.0254153

-0.78125 0.0489093
-0.761719 0.0414729

-0.761719 0.041544
-0.742188 0.039812

-0.729436 0
-0.738612 0.0195312

-0.742188 0.0308978
-0.736857 0.0390625

-0.742188 0.0396167
-0.722656 0.0463688

-0.722656 0.0456778
-0.703125 0.0478209

-0.664062 0.0380742
-0.666713 0.0390625

-0.703125 0.0471955
-0.683594 0.0451339

-0.683594 0.0463342
-0.66409 0.0390625

-0.644531 0.0230216
-0.662703 0.0390625

-0.633043 0
-0.640475 0.0195312

-0.644531 0.0237825
-0.641117 0.0195312

-0.9375 0.475108
-0.925862 0.488281

-0.92588 0.488281
-0.917969 0.496974

-0.917969 0.496757
-0.907795 0.507812

-0.907798 0.507812
-0.898438 0.51775

-0.898438 0.517686
-0.889202 0.527344

-0.889172 0.527344
-0.878906 0.537862

-0.878906 0.53786
-0.869955 0.546875

-0.869933 0.546875
-0.859375 0.557318

-0.859375 0.557363
-0.85007 0.566406

-0.850053 0.566406
-0.839844 0.576178

-0.839844 0.576237
-0.829549 0.585938

-0.82956 0.585938
-0.820312 0.594578

-0.820312 0.594646
-0.808586 0.605469

-0.808626 0.605469
-0.800781 0.612704

-0.800781 0.612817
-0.787402 0.625

-0.787448 0.625
-0.78125 0.630677

-0.78125 0.630741
-0.766154 0.644531

-0.766137 0.644531
-0.761719 0.648577

-0.761719 0.648626
-0.744889 0.664062

-0.744887 0.664062
-0.742188 0.666538

-0.742188 0.666542
-0.723615 0.683594

-0.723625 0.683594
-0.722656 0.684483

-0.722656 0.684497
-0.703125 0.702396

-0.703125 0.702442
-0.702378 0.703125

-0.702352 0.703125
-0.683594 0.720193

-0.683594 0.720228
-0.680907 0.722656

-0.680852 0.722656
-0.664062 0.73778

-0.664062 0.737865
-0.659223 0.742188

-0.659127 0.742188
-0.644531 0.755179

-0.644531 0.755313
-0.637302 0.761719

-0.637284 0.761719
-0.625 0.772512

-0.625 0.772705
-0.615332 0.78125

-0.615356 0.78125
-0.605469 0.789994

-0.605469 0.790166
-0.593427 0.800781

-0.593452 0.800781
-0.585938 0.807459

-0.585938 0.807596
-0.571639 0.820312

-0.571569 0.820312
-0.566406 0.824912

-0.566406 0.825013
-0.549789 0.839844

-0.549741 0.839844
-0.546875 0.842397

-0.546875 0.84242
-0.527873 0.859375

-0.527894 0.859375
-0.527344 0.859866

-0.527344 0.859868
-0.507812 0.877284

-0.507812 0.877276
-0.505977 0.878906

-0.505942 0.878906
-0.488281 0.894694

-0.488281 0.894516
-0.483899 0.898438

-0.484197 0.898438
-0.46875 0.91234

-0.46875 0.912074
-0.462228 0.917969

-0.462743 0.917969
-0.449219 0.930142

-0.449219 0.929876
-0.440888 0.9375

-0.441351 0.9375
-0.429688 0.948203

-0.429688 0.947998
-0.420029 0.957031

-0.420288 0.957031
-0.410156 0.966557

-0.410156 0.966596
-0.399684 0.976562

-0.399631 0.976562
-0.390625 0.985138

-0.390625 0.985383
-0.379389 0.996094

-0.379146 0.996094
-0.371094 1.00378

-0.371094 1.00402
-0.35899 1.01562

-0.35879 1.01562
-0.351562 1.02264

-0.351562 1.0228
-0.339038 1.03516

-0.338871 1.03516
-0.332031 1.04203

-0.332031 1.04222
-0.319864 1.05469

-0.319652 1.05469
-0.3125 1.06213

-0.000183077 17.9297
-0.000182834 17.9492

-0.000182831 17.9492
-0.000182663 17.9688

-0.000182714 17.9688
-0.000182336 18.0078

-0.00018235 18.0078
-0.000182113 18.0273

-0.000182118 18.0273
-0.000181797 18.0469

-0.00018177 18.0469
-0.000181409 18.0664

-0.000181416 18.0664
-0.000181054 18.0859

-0.000181053 18.0859
-0.000180678 18.1055

-0.000180677 18.1055
-0.000180295 18.125

-0.000180294 18.125
-0.000179907 18.1445

-0.000179909 18.1445
-0.000179514 18.1641

-0.00017951 18.1641
-0.000179113 18.1836

-0.000179112 18.1836
-0.000178724 18.2031

-0.000178706 18.2031
-0.000178027 18.2422

-0.000178038 18.2422
-0.00017775 18.2617

-0.000177744 18.2617
-0.000177496 18.2812

-0.000177496 18.2812
-0.000177297 18.3008

-0.000177305 18.3008
-0.000177138 18.3203

-0.000177145 18.3203
-0.000176981 18.3398

-0.000176982 18.3398
-0.000176802 18.3594

-0.000176782 18.3594
-0.000176625 18.3789

-0.000176633 18.3789
-0.000176521 18.3984

-0.000176539 18.3984
-0.000176419 18.418

-0.000176423 18.418
-0.000176248 18.4375

-0.000176168 18.4375
-0.000176004 18.4766

-0.000176069 18.4766
-0.000176086 18.4961

-0.000176085 18.4961
-0.000176072 18.5156

-0.000176033 18.5156
-0.00017607 18.5352

-0.000176091 18.5352
-0.000176213 18.5547

-0.000176216 18.5547
-0.000176378 18.5742

-0.000176379 18.5742
-0.000176571 18.5938

-0.000176587 18.5938
-0.000176775 18.6133

-0.000176778 18.6133
-0.000176924 18.6328

-0.000176916 18.6328
-0.000177144 18.6719

-0.000177175 18.6719
-0.000177248 18.6914

-0.000177244 18.6914
-0.000177223 18.7109

-0.000177201 18.7109
-0.000177077 18.75

-0.000177077 18.75
-0.000176872 18.7891

-0.000176897 18.7891
-0.000176752 18.8086

-0.000176754 18.8086
-0.000176513 18.8281

-0.000176488 18.8281
-0.000175911 18.8672

-0.00017592 18.8672
-0.00017559 18.8867

-0.000175583 18.8867
-0.000175206 18.9062

-0.000175201 18.9062
-0.000174804 18.9258

-0.000174799 18.9258
-0.000174404 18.9453

-0.00017435 18.9453
-0.000173806 18.9844

-0.000173834 18.9844
-0.000173594 19.0234

-0.000173637 19.0234
-0.000173599 19.043

-0.000173601 19.043
-0.000173553 19.0625

-0.00017352 19.0625
-0.00017353 19.1016

-0.00017356 19.1016
-0.00017362 19.1211

-0.000173619 19.1211
-0.000173678 19.1406

-0.000173683 19.1406
-0.000173734 19.1602

-0.000173737 19.1602
-0.000173761 19.1797

-0.000173757 19.1797
-0.000173757 19.1992

-0.000173757 19.1992
-0.000173739 19.2188

-0.000173732 19.2188
-0.000173708 19.2383

-0.000173713 19.2383
-0.000173685 19.2578

-0.000173665 19.2578
-0.000173665 19.2969

-0.000173659 19.2969
-0.000173759 19.3359

-0.000173791 19.3359
-0.000173872 19.3555

-0.000173867 19.3555
-0.000173924 19.375

-0.00017389 19.375
-0.000174106 19.4141

-0.3125 1.06229
-0.301238 1.07422

-0.300971 1.07422
-0.292969 1.08286

-0.292969 1.08298
-0.283207 1.09375

-0.282957 1.09375
-0.273438 1.10457

-0.273438 1.10469
-0.265968 1.11328

-0.265762 1.11328
-0.253906 1.12712

-0.253906 1.12733
-0.249271 1.13281

-0.248991 1.13281
-0.234375 1.15047

-0.234375 1.15076
-0.23309 1.15234

-0.232879 1.15234
-0.217354 1.17188

-0.217329 1.17188
-0.214844 1.17509

-0.214844 1.17525
-0.202345 1.19141

-0.202134 1.19141
-0.195312 1.20052

-0.195312 1.20069
-0.18766 1.21094

-0.187461 1.21094
-0.175781 1.22719

-0.175781 1.22772
-0.173865 1.23047

-0.173648 1.23047
-0.159995 1.25

-0.000174129 19.4141
-0.000174293 19.4336

-0.159805 1.25
-0.15625 1.25525

-0.15625 1.25536
-0.146525 1.26953

-0.146384 1.26953
-0.136719 1.28418

-0.136719 1.2846
-0.133833 1.28906

-0.133664 1.28906
-0.121198 1.30859

-0.121043 1.30859
-0.117188 1.31484

-0.117188 1.31501
-0.109086 1.32812

-0.109053 1.32812
-0.0976562 1.3475

-0.0976043 1.34766
-0.0866057 1.36719

-0.0865281 1.36719
-0.078125 1.38283

-0.078125 1.38312
-0.0761902 1.38672

-0.0760982 1.38672
-0.0661489 1.40625

-0.0661128 1.40625
-0.0585938 1.42181

-0.0585938 1.42202
-0.0567756 1.42578

-0.0567036 1.42578
-0.0477859 1.44531

-0.0477905 1.44531
-0.0393655 1.46484

-0.0393628 1.46484
-0.0390625 1.46558

-0.0390625 1.46559
-0.0314239 1.48438

-0.0314242 1.48438
-0.0239643 1.50391

-0.0239699 1.50391
-0.0195312 1.51629

-0.0195312 1.51634
-0.0169849 1.52344

-0.0169663 1.52344
-0.0104098 1.54297

-0.0104046 1.54297
-0.00431914 1.5625

-0.000174293 19.4336
-0.000174466 19.4531

-0.000174474 19.4531
-0.000174807 19.4922

-0.00017477 19.4922
-0.000175152 19.5312

-0.000175165 19.5312
-0.000175642 19.5703

-0.00017567 19.5703
-0.000175925 19.5898

-0.000175925 19.5898
-0.000176141 19.6094

-0.000176136 19.6094
-0.000176321 19.6289

-0.000176347 19.6289
-0.000176459 19.6484

-0.000176362 19.6484
-0.000176722 19.6875

-0.000176831 19.6875
-0.000177075 19.707

-0.000177062 19.707
-0.000177179 19.7266

-0.000177176 19.7266
-0.000177197 19.7461

-0.000177212 19.7461
-0.000177111 19.7656

-0.000176987 19.7656
-0.000176977 19.8047

-0.000177053 19.8047
-0.000177256 19.8438

-0.00017727 19.8438
-0.000177505 19.8828

-0.000177519 19.8828
-0.000177632 19.9023

-0.000177635 19.9023
-0.000177708 19.9219

-0.000177704 19.9219
-0.000177774 19.9609

-0.000177757 19.9609
-0.000177769 20

-0.00433355 1.5625
0 1.57752

0 2.04103
-0.00245635 2.05078

-0.00246552 2.05078
-0.0075797 2.07031

-0.00759141 2.07031
-0.0128826 2.08984

-0.0129393 2.08984
-0.0182708 2.10938

-0.0195312 2.11402
-0.0235068 2.12891

-0.0235457 2.12891
-0.028534 2.14844

-0.0195312 2.11399
-0.0182973 2.10938

-0.0285638 2.14844
-0.0331895 2.16797

-0.0332075 2.16797
-0.0373751 2.1875

-0.0390625 2.19643
-0.0410566 2.20703

-0.0410735 2.20703
-0.0442072 2.22656

-0.0442247 2.22656
-0.0467337 2.24609

-0.046762 2.24609
-0.0485547 2.26562

-0.0390625 2.19652
-0.0373657 2.1875

-0.0485942 2.26562
-0.0495348 2.28516

-0.0495757 2.28516
-0.0495035 2.30469

-0.0494966 2.30469
-0.0483438 2.32422

-0.0483035 2.32422
-0.0461646 2.34375

-0.046124 2.34375
-0.0431612 2.36328

-0.0430485 2.36328
-0.0395681 2.38281

-0.0395524 2.38281
-0.0390625 2.38535

-0.0390625 2.38545
-0.035797 2.40234

-0.0357591 2.40234
-0.0317602 2.42188

-0.0317189 2.42188
-0.027649 2.44141

-0.0276036 2.44141
-0.0236361 2.46094

-0.0236038 2.46094
-0.0198943 2.48047

0 1.57754
0.00129562 1.58203

0.00131437 1.58203
0.00650529 1.60156

0.00650633 1.60156
0.011223 1.62109

0.0112199 1.62109
0.0154664 1.64062

0.0154566 1.64062
0.0192589 1.66016

0.0192661 1.66016
0.0195312 1.6617

0.0195312 1.66166
0.0226234 1.67969

0.0226164 1.67969
0.0254999 1.69922

0.0255047 1.69922
0.0279249 1.71875

0.0279259 1.71875
0.0298713 1.73828

0.0298729 1.73828
0.0313382 1.75781

0.0313402 1.75781
0.0323182 1.77734

0.0323192 1.77734
0.0328039 1.79688

0.0328036 1.79688
0.0327934 1.81641

0.0327969 1.81641
0.0322854 1.83594

0.0322797 1.83594
0.0312713 1.85547

0.0312735 1.85547
0.0297756 1.875

-0.0198646 2.48047
-0.0195312 2.48241

-0.0195312 2.48249
-0.0165266 2.5

0.0297739 1.875
0.0277853 1.89453

0.0277681 1.89453
0.0253267 1.91406

0.0195312 1.95087
0.0191507 1.95312

0.025345 1.91406
0.0224487 1.93359

0.0195312 1.95059
0.0223949 1.93359

0.0191253 1.95312
0.0155018 1.97266

0.0155051 1.97266
0.0115107 1.99219

0.0114973 1.99219
0.00715229 2.01172

0.00715115 2.01172
0.00248441 2.03125

0 2.04093
0.00243892 2.03125

-0.016502 2.5
-0.0135915 2.51953

-0.0135761 2.51953
-0.0111838 2.53906

-0.0111777 2.53906
-0.0093467 2.55859

-0.00934604 2.55859
-0.00808977 2.57812

-0.00809549 2.57812
-0.00740382 2.59766

-0.00741231 2.59766
-0.00725682 2.61719

-0.00726668 2.61719
-0.00761068 2.63672

-0.00762614 2.63672
-0.00841898 2.65625

-0.00843103 2.65625
-0.0096177 2.67578

-0.00963486 2.67578
-0.011157 2.69531

-0.0111809 2.69531
-0.0129562 2.71484

-0.0129763 2.71484
-0.0149168 2.73438

-0.0149617 2.73438
-0.0169373 2.75391

-0.0169697 2.75391
-0.0188261 2.77344

-0.0195312 2.7817
-0.020463 2.79297

-0.0205193 2.79297
-0.021734 2.8125

-0.0195312 2.78151
-0.0188638 2.77344

-0.0217734 2.8125
-0.0224094 2.83203

-0.0224237 2.83203
-0.0223734 2.85156

-0.022369 2.85156
-0.0216128 2.87109

-0.0215525 2.87109
-0.0202196 2.89062

-0.0201807 2.89062
-0.0195312 2.89806

-0.0195312 2.89801
-0.0184708 2.91016

-0.0184315 2.91016
-0.0165191 2.92969

-0.0164687 2.92969
-0.0145319 2.94922

-0.0144892 2.94922
-0.0127144 2.96875

-0.0126835 2.96875
-0.0112177 2.98828

-0.011199 2.98828
-0.0101416 3.00781

-0.0101341 3.00781
-0.00953748 3.02734

-0.00953915 3.02734
-0.00941491 3.04688

-0.00942723 3.04688
-0.00974742 3.06641

-0.00977305 3.06641
-0.0104618 3.08594

-0.010498 3.08594
-0.0114316 3.10547

-0.0114774 3.10547
-0.0124917 3.125

-0.0125446 3.125
-0.0134425 3.14453

-0.0134879 3.14453
-0.0140731 3.16406

-0.0140951 3.16406
-0.0142326 3.18359

-0.0142232 3.18359
-0.0138879 3.20312

-0.0138518 3.20312
-0.0131348 3.22266

-0.0130852 3.22266
-0.0121582 3.24219

-0.0121097 3.24219
-0.0111688 3.26172

-0.0111336 3.26172
-0.010346 3.28125

-0.0103285 3.28125
-0.00979939 3.30078

-0.00979762 3.30078
-0.00956554 3.32031

-0.00957804 3.32031
-0.00962157 3.33984

-0.00965099 3.33984
-0.0098863 3.35938

-0.00992804 3.35938
-0.0102128 3.37891

-0.0102467 3.37891
-0.0104297 3.39844

-0.010439 3.39844
-0.0104338 3.41797

-0.0104202 3.41797
-0.0102355 3.4375

-0.0102119 3.4375
-0.00992204 3.45703

-0.00990124 3.45703
-0.0095949 3.47656

-0.00958365 3.47656
-0.00932493 3.49609

-0.00932393 3.49609
-0.00913734 3.51562

-0.00914327 3.51562
-0.00901895 3.53516

-0.00902693 3.53516
-0.00893703 3.55469

-0.0089431 3.55469
-0.00885949 3.57422

-0.00886205 3.57422
-0.00876748 3.59375

-0.00876709 3.59375
-0.00865719 3.61328

-0.00865542 3.61328
-0.00853452 3.63281

-0.00853275 3.63281
-0.00840793 3.65234

-0.00840685 3.65234
-0.00828382 3.67188

-0.00828347 3.67188
-0.00816509 3.69141

-0.00816522 3.69141
-0.00805194 3.71094

-0.00805228 3.71094
-0.00794315 3.73047

-0.00794346 3.73047
-0.00783721 3.75

-0.00783737 3.75
-0.00773304 3.76953

-0.00773308 3.76953
-0.00763028 3.78906

-0.00763026 3.78906
-0.00752893 3.80859

-0.00752889 3.80859
-0.00742918 3.82812

-0.00742917 3.82812
-0.00733116 3.84766

-0.00733117 3.84766
-0.00723483 3.86719

-0.00723484 3.86719
-0.00714015 3.88672

-0.00714015 3.88672
-0.0070471 3.90625

-0.00704711 3.90625
-0.00695569 3.92578

-0.00695571 3.92578
-0.00686585 3.94531

-0.00686586 3.94531
-0.0067775 3.96484

-0.00677752 3.96484
-0.00669062 3.98438

-0.00669063 3.98438
-0.00660516 4.00391

-0.00660516 4.00391
-0.00652108 4.02344

-0.00652108 4.02344
-0.0064384 4.04297

-0.00643841 4.04297
-0.00635713 4.0625

-0.00635713 4.0625
-0.00627725 4.08203

-0.00627726 4.08203
-0.00619877 4.10156

-0.00619878 4.10156
-0.00612164 4.12109

-0.00612164 4.12109
-0.00604584 4.14062

-0.00604586 4.14062
-0.00597135 4.16016

-0.00597136 4.16016
-0.00589808 4.17969

-0.00589809 4.17969
-0.00582598 4.19922

-0.00582598 4.19922
-0.00575502 4.21875

-0.00575502 4.21875
-0.0056852 4.23828

-0.0056852 4.23828
-0.00561654 4.25781

-0.00561654 4.25781
-0.00554901 4.27734

-0.00554901 4.27734
-0.00548259 4.29688

-0.0054826 4.29688
-0.00541726 4.31641

-0.00541727 4.31641
-0.005353 4.33594

-0.005353 4.33594
-0.00528976 4.35547

-0.00528977 4.35547
-0.00522755 4.375

-0.00522756 4.375
-0.00516631 4.39453

-0.00516632 4.39453
-0.005106 4.41406

-0.005106 4.41406
-0.0050466 4.43359

-0.0050466 4.43359
-0.00498812 4.45312

-0.00498813 4.45312
-0.00493054 4.47266

-0.00493056 4.47266
-0.00487382 4.49219

-0.00487381 4.49219
-0.0048179 4.51172

-0.0048179 4.51172
-0.00476287 4.53125

-0.00476287 4.53125
-0.00470872 4.55078

-0.00470874 4.55078
-0.00465543 4.57031

-0.00465544 4.57031
-0.00460292 4.58984

-0.00460292 4.58984
-0.00455117 4.60938

-0.00455117 4.60938
-0.00450019 4.62891

-0.00450019 4.62891
-0.00445 4.64844

-0.00445 4.64844
-0.00440057 4.66797

-0.00440058 4.66797
-0.00435191 4.6875

-0.00435192 4.6875
-0.00430399 4.70703

-0.00430399 4.70703
-0.00425678 4.72656

-0.00425679 4.72656
-0.00421028 4.74609

-0.00421028 4.74609
-0.00416446 4.76562

-0.00416445 4.76562
-0.00411932 4.78516

-0.00411932 4.78516
-0.00407486 4.80469

-0.00407487 4.80469
-0.00403106 4.82422

-0.00403107 4.82422
-0.00398788 4.84375

-0.00398788 4.84375
-0.00394529 4.86328

-0.00394528 4.86328
-0.00390329 4.88281

-0.00390329 4.88281
-0.00386191 4.90234

-0.00386191 4.90234
-0.00382114 4.92188

-0.00382114 4.92188
-0.00378097 4.94141

-0.00378098 4.94141
-0.00374139 4.96094

-0.00374139 4.96094
-0.00370236 4.98047

-0.00370236 4.98047
-0.00366388 5

-0.00366388 5
-0.00362596 5.01953

-0.00362596 5.01953
-0.00358859 5.03906

-0.00358859 5.03906
-0.00355175 5.05859

-0.00355175 5.05859
-0.00351544 5.07812

-0.00351544 5.07812
-0.00347965 5.09766

-0.00347966 5.09766
-0.00344438 5.11719

-0.00344438 5.11719
-0.00340959 5.13672

-0.00340959 5.13672
-0.00337527 5.15625

-0.00337527 5.15625
-0.00334142 5.17578

-0.00334142 5.17578
-0.00330804 5.19531

-0.00330803 5.19531
-0.00327513 5.21484

-0.00327512 5.21484
-0.00324271 5.23438

-0.00324272 5.23438
-0.00321079 5.25391

-0.0032108 5.25391
-0.00317929 5.27344

-0.00317929 5.27344
-0.00314818 5.29297

-0.00314818 5.29297
-0.00311746 5.3125

-0.00311746 5.3125
-0.00308714 5.33203

-0.00308714 5.33203
-0.00305721 5.35156

-0.00305721 5.35156
-0.00302767 5.37109

-0.00302767 5.37109
-0.00299851 5.39062

-0.00299851 5.39062
-0.00296974 5.41016

-0.00296974 5.41016
-0.00294138 5.42969

-0.00294137 5.42969
-0.00291342 5.44922

-0.00291343 5.44922
-0.00288587 5.46875

-0.00288587 5.46875
-0.00285867 5.48828

-0.00285867 5.48828
-0.00283184 5.50781

-0.00283185 5.50781
-0.00280539 5.52734

-0.00280541 5.52734
-0.00277924 5.54688

-0.00277923 5.54688
-0.00275333 5.56641

-0.00275333 5.56641
-0.00272772 5.58594

-0.00272772 5.58594
-0.00270241 5.60547

-0.00270241 5.60547
-0.00267738 5.625

-0.00267737 5.625
-0.00265263 5.64453

-0.00265263 5.64453
-0.00262817 5.66406

-0.00262817 5.66406
-0.00260399 5.68359

-0.00260398 5.68359
-0.00258008 5.70312

-0.00258007 5.70312
-0.00255646 5.72266

-0.00255646 5.72266
-0.00253315 5.74219

-0.00253315 5.74219
-0.00251016 5.76172

-0.00251017 5.76172
-0.00248748 5.78125

-0.00248748 5.78125
-0.0024651 5.80078

-0.0024651 5.80078
-0.00244303 5.82031

-0.00244303 5.82031
-0.00242126 5.83984

-0.00242126 5.83984
-0.00239978 5.85938

-0.00239967 5.85938
-0.00235774 5.89844

-0.0023579 5.89844
-0.00233743 5.91797

-0.00233742 5.91797
-0.00231716 5.9375

-0.00231717 5.9375
-0.00229711 5.95703

-0.00229711 5.95703
-0.00227723 5.97656

-0.00227722 5.97656
-0.00225752 5.99609

-0.00225752 5.99609
-0.00223803 6.01562

-0.00223804 6.01562
-0.00221876 6.03516

-0.00221876 6.03516
-0.00219969 6.05469

-0.00219968 6.05469
-0.00218083 6.07422

-0.00218083 6.07422
-0.00216221 6.09375

-0.00216221 6.09375
-0.00214383 6.11328

-0.00214384 6.11328
-0.0021257 6.13281

-0.00212571 6.13281
-0.00210775 6.15234

-0.00210775 6.15234
-0.00208996 6.17188

-0.00208995 6.17188
-0.00207234 6.19141

-0.00207234 6.19141
-0.00205491 6.21094

-0.0020549 6.21094
-0.00203767 6.23047

-0.00203767 6.23047
-0.00202066 6.25

-0.00202066 6.25
-0.00200389 6.26953

-0.0020039 6.26953
-0.00198736 6.28906

-0.00198736 6.28906
-0.00197104 6.30859

-0.00197105 6.30859
-0.00195491 6.32812

-0.00195491 6.32812
-0.00193893 6.34766

-0.00193893 6.34766
-0.00192311 6.36719

-0.00192311 6.36719
-0.00190747 6.38672

-0.00190747 6.38672
-0.00189201 6.40625

-0.00189202 6.40625
-0.00187672 6.42578

-0.00187672 6.42578
-0.00186158 6.44531

-0.00186158 6.44531
-0.00184658 6.46484

-0.00184658 6.46484
-0.00183173 6.48438

-0.00183173 6.48438
-0.00181699 6.50391

-0.00181699 6.50391
-0.0018024 6.52344

-0.00180239 6.52344
-0.00178794 6.54297

-0.00178793 6.54297
-0.00177363 6.5625

-0.00177362 6.5625
-0.0017595 6.58203

-0.00175951 6.58203
-0.00174556 6.60156

-0.00174555 6.60156
-0.00173177 6.62109

-0.00173176 6.62109
-0.00171816 6.64062

-0.00171816 6.64062
-0.00170475 6.66016

-0.00170476 6.66016
-0.00169154 6.67969

-0.00169154 6.67969
-0.00167848 6.69922

-0.00167848 6.69922
-0.00166557 6.71875

-0.00166559 6.71875
-0.00165279 6.73828

-0.00165279 6.73828
-0.00164008 6.75781

-0.00164007 6.75781
-0.00162749 6.77734

-0.0016275 6.77734
-0.00161507 6.79688

-0.00161506 6.79688
-0.00160276 6.81641

-0.00160277 6.81641
-0.00159061 6.83594

-0.00159062 6.83594
-0.00157858 6.85547

-0.00157858 6.85547
-0.00156662 6.875

-0.00156662 6.875
-0.00155474 6.89453

-0.00155473 6.89453
-0.00154293 6.91406

-0.00154292 6.91406
-0.00153121 6.93359

-0.00153121 6.93359
-0.00151961 6.95312

-0.00151963 6.95312
-0.00150812 6.97266

-0.00150812 6.97266
-0.00149666 6.99219

-0.00149665 6.99219
-0.00148528 7.01172

-0.00148528 7.01172
-0.00147404 7.03125

-0.00147404 7.03125
-0.00146293 7.05078

-0.00146294 7.05078
-0.00145192 7.07031

-0.00145192 7.07031
-0.00144098 7.08984

-0.00144097 7.08984
-0.00143011 7.10938

-0.0014301 7.10938
-0.00141936 7.12891

-0.00141936 7.12891
-0.00140877 7.14844

-0.00140877 7.14844
-0.00139832 7.16797

-0.00139831 7.16797
-0.00138802 7.1875

-0.00138802 7.1875
-0.00137791 7.20703

-0.00137792 7.20703
-0.00136798 7.22656

-0.00136799 7.22656
-0.00135819 7.24609

-0.0013582 7.24609
-0.00134851 7.26562

-0.00134851 7.26562
-0.00133892 7.28516

-0.00133892 7.28516
-0.00132943 7.30469

-0.00132945 7.30469
-0.00132002 7.32422

-0.00132002 7.32422
-0.0013106 7.34375

-0.00131059 7.34375
-0.00130121 7.36328

-0.00130121 7.36328
-0.0012919 7.38281

-0.00129189 7.38281
-0.0012827 7.40234

-0.0012827 7.40234
-0.00127366 7.42188

-0.00127367 7.42188
-0.00126476 7.44141

-0.00126476 7.44141
-0.00125599 7.46094

-0.00125599 7.46094
-0.00124735 7.48047

-0.00124735 7.48047
-0.00123884 7.5

-0.00123884 7.5
-0.00123044 7.51953

-0.00123044 7.51953
-0.00122214 7.53906

-0.00122214 7.53906
-0.00121394 7.55859

-0.00121396 7.55859
-0.00120582 7.57812

-0.0012058 7.57812
-0.00119773 7.59766

-0.00119773 7.59766
-0.00118973 7.61719

-0.00118973 7.61719
-0.00118178 7.63672

-0.00118178 7.63672
-0.00117388 7.65625

-0.00117388 7.65625
-0.00116604 7.67578

-0.00116604 7.67578
-0.00115828 7.69531

-0.00115828 7.69531
-0.0011506 7.71484

-0.0011506 7.71484
-0.00114301 7.73438

-0.00114301 7.73438
-0.00113552 7.75391

-0.00113553 7.75391
-0.00112811 7.77344

-0.00112811 7.77344
-0.00112074 7.79297

-0.00112073 7.79297
-0.00111343 7.8125

-0.00111338 7.8125
-0.00109915 7.85156

-0.00109922 7.85156
-0.00109229 7.87109

-0.0010923 7.87109
-0.00108538 7.89062

-0.00108537 7.89062
-0.00107846 7.91016

-0.00107847 7.91016
-0.00107158 7.92969

-0.00107158 7.92969
-0.0010647 7.94922

-0.0010647 7.94922
-0.00105785 7.96875

-0.00105785 7.96875
-0.00105106 7.98828

-0.00105106 7.98828
-0.00104434 8.00781

-0.00104434 8.00781
-0.00103768 8.02734

-0.00103769 8.02734
-0.00103109 8.04688

-0.00103104 8.04688
-0.00101809 8.08594

-0.00101812 8.08594
-0.00101178 8.10547

-0.00101178 8.10547
-0.00100552 8.125

-0.00100551 8.125
-0.000993191 8.16406

-0.000993219 8.16406
-0.00098716 8.18359

-0.000987154 8.18359
-0.000981151 8.20312

-0.000981131 8.20312
-0.000975235 8.22266

-0.000975239 8.22266
-0.000969479 8.24219

-0.000969487 8.24219
-0.000963838 8.26172

-0.000963833 8.26172
-0.00095829 8.28125

-0.000958308 8.28125
-0.000952846 8.30078

-0.000952834 8.30078
-0.00094744 8.32031

-0.000947441 8.32031
-0.000942137 8.33984

-0.000942156 8.33984
-0.000936899 8.35938

-0.000936894 8.35938
-0.000931658 8.37891

-0.000931659 8.37891
-0.000926455 8.39844

-0.000926455 8.39844
-0.000921282 8.41797

-0.000921291 8.41797
-0.00091613 8.4375

-0.000916119 8.4375
-0.000910972 8.45703

-0.00091097 8.45703
-0.000905862 8.47656

-0.00090588 8.47656
-0.000900775 8.49609

-0.000900769 8.49609
-0.000895646 8.51562

-0.000895607 8.51562
-0.00088551 8.55469

-0.000885548 8.55469
-0.000880573 8.57422

-0.000880568 8.57422
-0.000875602 8.59375

-0.000875605 8.59375
-0.000870653 8.61328

-0.000870642 8.61328
-0.000865721 8.63281

-0.000865723 8.63281
-0.000860852 8.65234

-0.000860851 8.65234
-0.000856029 8.67188

-0.00085602 8.67188
-0.000846511 8.71094

-0.000846548 8.71094
-0.000841851 8.73047

-0.000841843 8.73047
-0.000837146 8.75

-0.000837132 8.75
-0.000832483 8.76953

-0.000832483 8.76953
-0.000827909 8.78906

-0.000827921 8.78906
-0.000823398 8.80859

-0.0008234 8.80859
-0.0008189 8.82812

-0.000818902 8.82812
-0.00081442 8.84766

-0.000814419 8.84766
-0.000809953 8.86719

-0.000809951 8.86719
-0.000805508 8.88672

-0.000805501 8.88672
-0.000801099 8.90625

-0.000801101 8.90625
-0.000796748 8.92578

-0.000796752 8.92578
-0.000792437 8.94531

-0.000792433 8.94531
-0.000788157 8.96484

-0.000788153 8.96484
-0.000783933 8.98438

-0.000783934 8.98438
-0.000775623 9.02344

-0.000775646 9.02344
-0.000771546 9.04297

-0.000771558 9.04297
-0.000767442 9.0625

-0.000767393 9.0625
-0.000759273 9.10156

-0.000759305 9.10156
-0.00075131 9.14062

-0.000751327 9.14062
-0.000747347 9.16016

-0.000747341 9.16016
-0.000743358 9.17969

-0.000743317 9.17969
-0.000735531 9.21875

-0.000735573 9.21875
-0.000731771 9.23828

-0.000731771 9.23828
-0.000727975 9.25781

-0.000727974 9.25781
-0.000724186 9.27734

-0.000724183 9.27734
-0.000720413 9.29688

-0.000720416 9.29688
-0.000716665 9.31641

-0.000716667 9.31641
-0.000712924 9.33594

-0.00071288 9.33594
-0.00070558 9.375

-0.000705632 9.375
-0.000698504 9.41406

-0.000698522 9.41406
-0.000694977 9.43359

-0.000694977 9.43359
-0.000691413 9.45312

-0.0006914 9.45312
-0.000684286 9.49219

-0.000684211 9.49219
-0.000677279 9.53125

-0.000677353 9.53125
-0.000670608 9.57031

-0.000670656 9.57031
-0.00066728 9.58984

-0.000667265 9.58984
-0.000663819 9.60938

-0.000663813 9.60938
-0.000660338 9.62891

-0.000660344 9.62891
-0.000656841 9.64844

-0.000656829 9.64844
-0.000653313 9.66797

-0.000653311 9.66797
-0.00064981 9.6875

-0.000649811 9.6875
-0.000646328 9.70703

-0.000646312 9.70703
-0.000642875 9.72656

-0.000642862 9.72656
-0.000636197 9.76562

-0.00063624 9.76562
-0.000633 9.78516

-0.000632999 9.78516
-0.00062977 9.80469

-0.000629766 9.80469
-0.000626555 9.82422

-0.000626561 9.82422
-0.000623361 9.84375

-0.000623319 9.84375
-0.000617089 9.88281

-0.000617126 9.88281
-0.000614099 9.90234

-0.0006141 9.90234
-0.000611082 9.92188

-0.000611085 9.92188
-0.000608066 9.94141

-0.000608071 9.94141
-0.000605036 9.96094

-0.000605009 9.96094
-0.000598997 10

-0.000598962 10
-0.000593118 10.0391

-0.000593157 10.0391
-0.000590315 10.0586

-0.000590313 10.0586
-0.000587477 10.0781

-0.00058743 10.0781
-0.000581962 10.1172

-0.00058204 10.1172
-0.000579397 10.1367

-0.000579405 10.1367
-0.000576682 10.1562

-0.000576658 10.1562
-0.000573887 10.1758

-0.000573896 10.1758
-0.000571105 10.1953

-0.000571057 10.1953
-0.000565586 10.2344

-0.000565619 10.2344
-0.000562946 10.2539

-0.000562947 10.2539
-0.00056027 10.2734

-0.000560271 10.2734
-0.000557586 10.293

-0.000557585 10.293
-0.000554891 10.3125

