0 3.87298
0.00261101 3.88672

0.00260413 3.88672
0.00637679 3.90625

-6.16915 0
-6.16148 0.0195312

-6.15917 0.0195312
-6.15234 0.0272341

-6.15234 0.0305533
-6.13531 0.0390625

-6.13598 0.0390625
-6.13281 0.040114

-6.13281 0.0374673
-6.11328 0.0301894

-6.09556 0
-6.10206 0.0195312

-6.11328 0.0351642
-6.09727 0.0195312

-6.13281 0.0391725
-6.13236 0.0390625

-6.11328 0.0391013
-6.1132 0.0390625

-6.09375 0.00317588
-6.09312 0

-6.09375 0.0246204
-6.09103 0.0195312

0.00637247 3.90625
0.0102257 3.92578

0.0102236 3.92578
0.0141702 3.94531

0.0141703 3.94531
0.0182143 3.96484

0.0182318 3.96484
0.0195312 3.971

0.0195312 3.97106
0.0223427 3.98438

0.0223447 3.98438
0.0265329 4.00391

0.0265426 4.00391
0.0307802 4.02344

0.0307931 4.02344
0.0350347 4.04297

0.0350529 4.04297
0.0390625 4.06166

0.0390625 4.06209
0.0391512 4.0625

0.0392441 4.0625
0.0433416 4.08203

0.0433546 4.08203
0.0473251 4.10156

0.0473335 4.10156
0.051134 4.12109

0.0511397 4.12109
0.054742 4.14062

0.0547436 4.14062
0.0581333 4.16016

0.0581464 4.16016
0.0585938 4.16291

0.0585938 4.16299
0.0613037 4.17969

0.061305 4.17969
0.0642549 4.19922

0.0642543 4.19922
0.0669854 4.21875

0.066985 4.21875
0.0694993 4.23828

0.0694995 4.23828
0.0717978 4.25781

0.071799 4.25781
0.0738786 4.27734

0.0738802 4.27734
0.0757356 4.29688

0.0757367 4.29688
0.0773624 4.31641

0.0773833 4.31641
0.078125 4.3268

0.078125 4.32746
0.0787303 4.33594

0.0787563 4.33594
0.0799196 4.35547

0.0799168 4.35547
0.0808546 4.375

0.0808499 4.375
0.0815771 4.39453

0.0815706 4.39453
0.0821095 4.41406

0.0821019 4.41406
0.0824808 4.43359

0.082473 4.43359
0.0827225 4.45312

0.0827156 4.45312
0.0828651 4.47266

0.0828593 4.47266
0.0829344 4.49219

0.0829298 4.49219
0.0829509 4.51172

0.0829476 4.51172
0.0829304 4.53125

0.0829282 4.53125
0.0828838 4.55078

0.0828823 4.55078
0.0828182 4.57031

0.0828173 4.57031
0.0827382 4.58984

0.0827382 4.58984
0.0826459 4.60938

0.0826469 4.60938
0.0825397 4.62891

0.0825415 4.62891
0.0824136 4.64844

0.0824167 4.64844
0.0822582 4.66797

0.0822626 4.66797
0.0820585 4.6875

0.078125 4.81817
0.0778097 4.82422

0.0778244 4.82422
0.0766532 4.84375

0.0820635 4.6875
0.0817948 4.70703

0.0817997 4.70703
0.0814465 4.72656

0.0814512 4.72656
0.0809945 4.74609

0.080999 4.74609
0.0804205 4.76562

0.0804243 4.76562
0.0797075 4.78516

0.0797093 4.78516
0.0788429 4.80469

0.078125 4.81856
0.0788485 4.80469

0.0766524 4.84375
0.0753288 4.86328

0.0753268 4.86328
0.0738565 4.88281

0.0738531 4.88281
0.0722468 4.90234

0.0722425 4.90234
0.0705154 4.92188

0.0705105 4.92188
0.0686808 4.94141

0.0686753 4.94141
0.0667636 4.96094

0.0667578 4.96094
0.0647866 4.98047

0.0647812 4.98047
0.0627725 5

2.5 0.144026
2.51953 0.144484

2.51953 0.144492
2.53906 0.143435

2.53906 0.143479
2.55859 0.140804

2.57812 0.13564
2.57352 0.136719

2.55859 0.141021
2.57694 0.136719

2.57812 0.136384
2.59766 0.12958

2.59766 0.129732
2.61719 0.120275

2.63672 0.10762
2.62232 0.117188

2.65625 0.0896337
2.64828 0.0976562

2.63672 0.107655
2.64857 0.0976562

2.61719 0.120332
2.62224 0.117188

2.69292 0
2.69136 0.0195312

2.69142 0.0195312
2.68663 0.0390625

2.67578 0.0630131
2.66615 0.078125

2.68672 0.0390625
2.67839 0.0585938

2.67578 0.0631741
2.67851 0.0585938

2.65625 0.0900684
2.66622 0.078125

-2.22679 0
-2.22656 0.000686298

-2.2222 0
-2.20703 0.00513528

-2.20703 0.00629784
-2.20385 0

-2.12921 0
-2.12891 0.000908256

-2.12891 0.002624
-2.10938 0.00254386

-1.89993 0
-1.89453 0.00778397

-1.89453 0.0023457
-1.875 0.00163369

-1.875 0.00765027
-1.86988 0

-1.73875 0
-1.73828 0.00137498

-1.73828 0.00206773
-1.71875 0.00182162

-1.54334 0
-1.54297 0.0011219

-1.53587 0
-1.52344 0.0123994

-1.52344 0.0123925
-1.51098 0

-1.50391 0.00119685
-1.5035 0

-1.09975 0
-1.09604 0.0195312

-1.09789 0.0195312
-1.09375 0.0272627

-1.09375 0.0242222
-1.08296 0.0390625

-1.08557 0.0390625
-1.07422 0.0485483

-1.07422 0.0468549
-1.05469 0.0553398

-1.05469 0.0547805
-1.03516 0.0545978

-1.03516 0.0553245
-1.01562 0.0461392

-0.996094 0.0250248
-1.00683 0.0390625

-0.990684 0
-0.994304 0.0195312

-0.996094 0.0234186
-0.993903 0.0195312

-1.01562 0.045091
-1.0084 0.0390625

0 1.21637
-0.00115019 1.23047

-0.00114531 1.23047
-0.00279981 1.25

0.0627682 5
0.0607411 5.01953

0.0607377 5.01953
0.0587076 5.03906

0.0585938 5.04015
0.0566831 5.05859

0.0566823 5.05859
0.0546689 5.07812

0.0585938 5.0401
0.058701 5.03906

-0.00280153 1.25
-0.00451404 1.26953

0.0546698 5.07812
0.0526659 5.09766

0.0526679 5.09766
0.0506677 5.11719

0.0506701 5.11719
0.0486647 5.13672

0.0486678 5.13672
0.0466463 5.15625

0.0390625 5.22643
0.0381663 5.23438

0.0466497 5.15625
0.0445989 5.17578

0.0446025 5.17578
0.0425086 5.19531

0.0425104 5.19531
0.040363 5.21484

0.0390625 5.22633
0.0403574 5.21484

0.0381612 5.23438
0.0359015 5.25391

0.0359013 5.25391
0.0335819 5.27344

0.03358 5.27344
0.0312049 5.29297

0.0312018 5.29297
0.028781 5.3125

0.0287774 5.3125
0.0263241 5.33203

0.02632 5.33203
0.0238497 5.35156

0.0195312 5.38591
0.0189388 5.39062

0.0238454 5.35156
0.0213748 5.37109

0.0195312 5.38568
0.0213632 5.37109

0.0189157 5.39062
0.0164915 5.41016

0.0164898 5.41016
0.0141012 5.42969

0.0141007 5.42969
0.0117522 5.44922

0.0117527 5.44922
0.00944438 5.46875

0.00944552 5.46875
0.00717419 5.48828

0.00717561 5.48828
0.00493614 5.50781

0.00493764 5.50781
0.00272418 5.52734

0.00272514 5.52734
0.000532762 5.54688

0 5.55162
0.000528002 5.54688

-0.00451665 1.26953
-0.00627849 1.28906

-0.00628033 1.28906
-0.00808259 1.30859

-0.00808263 1.30859
-0.00992156 1.32812

-0.0099201 1.32812
-0.0117985 1.34766

-0.0117967 1.34766
-0.0137212 1.36719

-0.0137202 1.36719
-0.0156964 1.38672

-0.0156963 1.38672
-0.0177264 1.40625

-0.0195312 1.42286
-0.0198426 1.42578

-0.0198108 1.42578
-0.0219473 1.44531

-0.0195312 1.42321
-0.0177212 1.40625

-0.021947 1.44531
-0.0241355 1.46484

-0.0241356 1.46484
-0.0263765 1.48438

-0.0263767 1.48438
-0.0286696 1.50391

-0.0286697 1.50391
-0.031014 1.52344

-0.0310136 1.52344
-0.0334102 1.54297

-0.0334097 1.54297
-0.0358606 1.5625

-0.0390625 1.5873
-0.0409359 1.60156

-0.0409334 1.60156
-0.0435556 1.62109

-0.0435553 1.62109
-0.0462351 1.64062

-0.0358599 1.5625
-0.0383678 1.58203

-0.0390625 1.58737
-0.0383617 1.58203

-0.0462346 1.64062
-0.0489735 1.66016

-0.0489732 1.66016
-0.0517728 1.67969

-0.0517729 1.67969
-0.0546337 1.69922

-0.0546337 1.69922
-0.0575555 1.71875

-0.078125 1.84532
-0.0798942 1.85547

-0.0798956 1.85547
-0.0833782 1.875

-0.0585938 1.72554
-0.0605406 1.73828

-0.0605374 1.73828
-0.0635872 1.75781

-0.0585938 1.72557
-0.057552 1.71875

-0.0635864 1.75781
-0.0667067 1.77734

-0.066707 1.77734
-0.0698989 1.79688

-0.0698993 1.79688
-0.0731613 1.81641

-0.0731608 1.81641
-0.0764932 1.83594

-0.078125 1.84528
-0.0764959 1.83594

-0.083378 1.875
-0.086942 1.89453

-0.0869415 1.89453
-0.090588 1.91406

-0.0976562 1.95078
-0.0981142 1.95312

-0.0905864 1.91406
-0.0943198 1.93359

-0.0976562 1.95062
-0.0943246 1.93359

-0.09814 1.95312
-0.102053 1.97266

-0.102054 1.97266
-0.106062 1.99219

-0.106061 1.99219
-0.110161 2.01172

-0.110161 2.01172
-0.114355 2.03125

-0.117188 2.04425
-0.11862 2.05078

-0.118639 2.05078
-0.123013 2.07031

-0.123017 2.07031
-0.127474 2.08984

-0.127475 2.08984
-0.132008 2.10938

-0.117188 2.04411
-0.114367 2.03125

-0.136719 2.12935
-0.141275 2.14844

-0.132012 2.10938
-0.136613 2.12891

-0.136719 2.12932
-0.13662 2.12891

-0.141278 2.14844
-0.146001 2.16797

-0.146003 2.16797
-0.150775 2.1875

0 6.5491
0.00112584 6.5625

-0.15625 2.20968
-0.160462 2.22656

-0.160459 2.22656
-0.165401 2.24609

-0.1654 2.24609
-0.17042 2.26562

-0.175781 2.28619
-0.180654 2.30469

0.00112987 6.5625
0.00272128 6.58203

0.00272307 6.58203
0.0042586 6.60156

0.00426023 6.60156
0.00573303 6.62109

0.00573456 6.62109
0.00713831 6.64062

0.00713971 6.64062
0.00846857 6.66016

0.00846985 6.66016
0.00971845 6.67969

0.00971957 6.67969
0.0108831 6.69922

0.0108841 6.69922
0.0119584 6.71875

0.0119592 6.71875
0.0129407 6.73828

0.0129414 6.73828
0.0138272 6.75781

0.0138277 6.75781
0.0146154 6.77734

0.0146158 6.77734
0.0153035 6.79688

0.0153038 6.79688
0.0158903 6.81641

0.0158905 6.81641
0.016375 6.83594

0.0163751 6.83594
0.0167574 6.85547

0.0167573 6.85547
0.0170374 6.875

-0.170427 2.26562
-0.175513 2.28516

-0.175781 2.28613
-0.175524 2.28516

-0.180658 2.30469
-0.185859 2.32422

-0.185862 2.32422
-0.191105 2.34375

-0.195312 2.35956
-0.196314 2.36328

-0.196373 2.36328
-0.201633 2.38281

-0.201635 2.38281
-0.206894 2.40234

-0.206891 2.40234
-0.212149 2.42188

-0.195312 2.35928
-0.19113 2.34375

-0.214844 2.43197
-0.217374 2.44141

-0.217392 2.44141
-0.222595 2.46094

-0.214844 2.43178
-0.212187 2.42188

-0.2226 2.46094
-0.227777 2.48047

-0.227783 2.48047
-0.23291 2.5

-0.150774 2.1875
-0.155593 2.20703

-0.15625 2.20964
-0.1556 2.20703

0.0170372 6.875
0.0172158 6.89453

0.0172155 6.89453
0.0172936 6.91406

0.0172932 6.91406
0.0172721 6.93359

0.0172716 6.93359
0.0171529 6.95312

0.0171524 6.95312
0.0169384 6.97266

0.0169377 6.97266
0.0166308 6.99219

0.0166301 6.99219
0.0162331 7.01172

0.0162323 7.01172
0.0157481 7.03125

0.0157472 7.03125
0.0151793 7.05078

0.0151784 7.05078
0.0145304 7.07031

0.0145294 7.07031
0.0138052 7.08984

0.0138041 7.08984
0.0130081 7.10938

0.0130068 7.10938
0.0121439 7.12891

0.0121425 7.12891
0.0112179 7.14844

0.0112164 7.14844
0.0102355 7.16797

0.0102338 7.16797
0.00920276 7.1875

0.00920106 7.1875
0.00812668 7.20703

0.00812497 7.20703
0.00701408 7.22656

0.00701215 7.22656
0.005872 7.24609

0.00586992 7.24609
0.00470852 7.26562

0.00470653 7.26562
0.00353202 7.28516

0.00353005 7.28516
0.00235033 7.30469

0.00234816 7.30469
0.00117153 7.32422

0.00116896 7.32422
4.88218e-06 7.34375

0 7.99675
0.000484435 8.00781

0.000488644 8.00781
0.0013097 8.02734

0.00131162 8.02734
0.00209084 8.04688

0.00209261 8.04688
0.00282263 8.06641

0.00282424 8.06641
0.00349829 8.08594

0.00349972 8.08594
0.00411171 8.10547

0.00411296 8.10547
0.00465752 8.125

0.00465857 8.125
0.0051311 8.14453

0.00513194 8.14453
0.00552866 8.16406

0.00552929 8.16406
0.00584727 8.18359

0.00584768 8.18359
0.00608481 8.20312

0.006085 8.20312
0.00624007 8.22266

0.00624005 8.22266
0.00631276 8.24219

0.00631253 8.24219
0.00630339 8.26172

0.00630292 8.26172
0.00621333 8.28125

0.00621265 8.28125
0.00604492 8.30078

0.00604406 8.30078
0.00580127 8.32031

0.00580019 8.32031
0.00548622 8.33984

0.00548495 8.33984
0.00510448 8.35938

0.00510308 8.35938
0.00466145 8.37891

0.00465986 8.37891
0.00416304 8.39844

0.00416125 8.39844
0.00361599 8.41797

0.00361412 8.41797
0.00302775 8.4375

0.00302576 8.4375
0.00240597 8.45703

0.00240376 8.45703
0.00175893 8.47656

0.00175671 8.47656
0.0010957 8.49609

0.00109354 8.49609
0.000425118 8.51562

0 8.52798
0.000421769 8.51562

0 9.04688
0.000397196 9.0625

-0.234375 2.50566
-0.237959 2.51953

0.000399628 9.0625
0.000866422 9.08203

-0.237963 2.51953
-0.242916 2.53906

-0.242923 2.53906
-0.247775 2.55859

-0.247786 2.55859
-0.252503 2.57812

-0.253906 2.58415
-0.257045 2.59766

-0.257054 2.59766
-0.261387 2.61719

-0.253906 2.58404
-0.252531 2.57812

-0.261392 2.61719
-0.265509 2.63672

-0.265517 2.63672
-0.269392 2.65625

-0.234375 2.50557
-0.232937 2.5

-0.273438 2.67838
-0.276271 2.69531

-0.27628 2.69531
-0.279196 2.71484

-0.2792 2.71484
-0.281738 2.73438

-0.269404 2.65625
-0.272996 2.67578

-0.273438 2.67833
-0.273012 2.67578

-0.281745 2.73438
-0.283882 2.75391

-0.283889 2.75391
-0.285595 2.77344

-0.285603 2.77344
-0.286851 2.79297

-0.286856 2.79297
-0.28762 2.8125

-0.287621 2.8125
-0.287891 2.83203

-0.28789 2.83203
-0.287668 2.85156

-0.287668 2.85156
-0.286954 2.87109

-0.286958 2.87109
-0.285743 2.89062

-0.285748 2.89062
-0.284013 2.91016

-0.284016 2.91016
-0.281743 2.92969

-0.281743 2.92969
-0.278929 2.94922

-0.278927 2.94922
-0.275577 2.96875

0.000868242 9.08203
0.00129748 9.10156

0.0012991 9.10156
0.00168388 9.12109

0.00168528 9.12109
0.00201953 9.14062

0.00202067 9.14062
0.00229933 9.16016

0.00230019 9.16016
0.00251928 9.17969

0.00251985 9.17969
0.0026765 9.19922

0.00267676 9.19922
0.00276933 9.21875

0.0027693 9.21875
0.00279732 9.23828

0.002797 9.23828
0.00276119 9.25781

0.00276056 9.25781
0.00266283 9.27734

0.00266191 9.27734
0.00250536 9.29688

0.00250419 9.29688
0.002293 9.31641

0.00229156 9.31641
0.00203097 9.33594

0.0020293 9.33594
0.00172553 9.35547

0.00172372 9.35547
0.00138373 9.375

-0.27554 2.96875
-0.273438 2.97936

-0.273438 2.97972
-0.271741 2.98828

-0.271715 2.98828
-0.267307 3.00781

-0.267311 3.00781
-0.262329 3.02734

-0.262317 3.02734
-0.25678 3.04688

-0.256688 3.04688
-0.253906 3.0559

-0.253906 3.05631
-0.250796 3.06641

-0.25075 3.06641
-0.244275 3.08594

-0.244268 3.08594
-0.237325 3.10547

-0.237211 3.10547
-0.234375 3.11303

-0.234375 3.11338
-0.230015 3.125

-0.229981 3.125
-0.222297 3.14453

-0.222233 3.14453
-0.214844 3.1626

-0.214844 3.16346
-0.214599 3.16406

-0.214275 3.16406
-0.206056 3.18359

0.00138174 9.375
0.00101316 9.39453

0.00101104 9.39453
0.000622078 9.41406

0.00061998 9.41406
0.00021908 9.43359

0 9.44406
0.00021658 9.43359

-0.20603 3.18359
-0.19761 3.20312

-0.197527 3.20312
-0.195312 3.20819

-0.195312 3.2084
-0.189081 3.22266

-0.189066 3.22266
-0.180432 3.24219

-0.180309 3.24219
-0.175781 3.25239

-0.175781 3.25279
-0.171818 3.26172

-0.17173 3.26172
-0.163089 3.28125

-0.163013 3.28125
-0.15625 3.29667

-0.15625 3.29722
-0.154686 3.30078

-0.15449 3.30078
-0.146066 3.32031

-0.146047 3.32031
-0.13781 3.33984

-0.137772 3.33984
-0.136719 3.34241

-0.136719 3.34251
-0.129808 3.35938

-0.129795 3.35938
-0.122047 3.37891

-0.122002 3.37891
-0.117188 3.3915

-0.117188 3.39179
-0.114648 3.39844

-0.114575 3.39844
-0.107407 3.41797

-0.107404 3.41797
-0.100542 3.4375

-0.100519 3.4375
-0.0976562 3.44602

-0.0976562 3.44617
-0.0940079 3.45703

-0.0939848 3.45703
-0.0877275 3.47656

-0.08773 3.47656
-0.0817728 3.49609

-0.0817789 3.49609
-0.078125 3.50867

-0.078125 3.50868
-0.0761056 3.51562

-0.0761054 3.51562
-0.0706925 3.53516

-0.0706981 3.53516
-0.0655341 3.55469

-0.0655394 3.55469
-0.0606025 3.57422

-0.0606166 3.57422
-0.0585938 3.58257

-0.0585938 3.58251
-0.0558702 3.59375

-0.0558813 3.59375
-0.0513327 3.61328

-0.0513387 3.61328
-0.0469515 3.63281

-0.0469558 3.63281
-0.0427093 3.65234

-0.0427174 3.65234
-0.0390625 3.66965

-0.0390625 3.66952
-0.0385643 3.67188

-0.0385922 3.67188
-0.0345774 3.69141

-0.0345818 3.69141
-0.0306628 3.71094

-0.0306659 3.71094
-0.0268273 3.73047

-0.0268304 3.73047
-0.0230595 3.75

0 9.89987
3.67219e-05 9.90234

4.28277e-05 9.90234
0.000310744 9.92188

0.000312185 9.92188
0.000551814 9.94141

0.000553049 9.94141
0.000759039 9.96094

0.000760033 9.96094
0.000927926 9.98047

0.000928646 9.98047
0.00105502 10

-0.0230638 3.75
-0.0195312 3.76856

-0.0195312 3.76848
-0.0193322 3.76953

-0.0193496 3.76953
-0.0156741 3.78906

-0.015678 3.78906
-0.0120295 3.80859

-0.0120328 3.80859
-0.00839695 3.82812

-0.00840243 3.82812
-0.00476184 3.84766

-0.00476765 3.84766
-0.0010997 3.86719

-0.00110512 3.86719
0 3.873

6.18341 0
6.18514 0.0195312

6.18506 0.0195312
6.19044 0.0390625

6.19021 0.0390625
6.19141 0.0415426

6.19141 0.0414704
6.19988 0.0585938

6.19953 0.0585938
6.21094 0.0734714

6.21094 0.0734203
6.21501 0.078125

6.21491 0.078125
6.23047 0.0918827

6.23047 0.092126
6.23984 0.0976562

6.24115 0.0976562
6.25 0.10277

0 5.55167
-0.00163855 5.56641

-0.00163927 5.56641
-0.00379124 5.58594

-0.00379275 5.58594
-0.00592283 5.60547

-0.00592501 5.60547
-0.00802586 5.625

-0.00802885 5.625
-0.0100901 5.64453

-0.0100935 5.64453
-0.0121025 5.66406

-0.0121057 5.66406
-0.0140493 5.68359

-0.0140518 5.68359
-0.0159188 5.70312

-0.0159203 5.70312
-0.0177026 5.72266

-0.0177032 5.72266
-0.0193964 5.74219

-0.0195312 5.74383
-0.0209991 5.76172

-0.0209992 5.76172
-0.0225121 5.78125

-0.0195312 5.7438
-0.0193993 5.74219

-0.0225119 5.78125
-0.0239354 5.80078

-0.0239354 5.80078
-0.0252701 5.82031

-0.0252706 5.82031
-0.0265156 5.83984

-0.0265166 5.83984
-0.027669 5.85938

-0.0276706 5.85938
-0.0287249 5.87891

-0.0287268 5.87891
-0.029676 5.89844

-0.0296779 5.89844
-0.0305141 5.91797

-0.0305158 5.91797
-0.0312317 5.9375

-0.031233 5.9375
-0.0318222 5.95703

-0.0318229 5.95703
-0.0322812 5.97656

-0.0322813 5.97656
-0.0326068 5.99609

-0.0326067 5.99609
-0.0327995 6.01562

-0.0327993 6.01562
-0.03286 6.03516

-0.0328595 6.03516
-0.0327896 6.05469

-0.032789 6.05469
-0.0325903 6.07422

-0.0325899 6.07422
-0.0322641 6.09375

-0.0322639 6.09375
-0.0318124 6.11328

-0.0318119 6.11328
-0.031236 6.13281

-0.0312353 6.13281
-0.0305373 6.15234

-0.0305366 6.15234
-0.0297197 6.17188

-0.029719 6.17188
-0.0287863 6.19141

6.25 0.10286
6.26953 0.109473

6.26953 0.109341
6.28906 0.112086

6.28906 0.112064
6.30859 0.111251

6.30859 0.111336
6.32812 0.106838

6.4054 0
6.40364 0.0195312

6.40372 0.0195312
6.39829 0.0390625

6.38672 0.0619286
6.37371 0.078125

6.39852 0.0390625
6.38879 0.0585938

6.38672 0.0621499
6.38908 0.0585938

6.32812 0.106999
6.34766 0.098327

6.36719 0.0845598
6.3495 0.0976562

6.34766 0.0983127
6.34875 0.0976562

6.36719 0.0843213
6.37358 0.078125

-0.0287851 6.19141
-0.0277404 6.21094

-0.0277387 6.21094
-0.0265878 6.23047

-0.0265861 6.23047
-0.025336 6.25

-0.0253343 6.25
-0.0239919 6.26953

-0.0239898 6.26953
-0.0225625 6.28906

-0.02256 6.28906
-0.0210569 6.30859

-0.0210523 6.30859
-0.0195312 6.32757

-0.0195312 6.3278
-0.0195055 6.32812

-0.0194869 6.32812
-0.017868 6.34766

-0.0178657 6.34766
-0.0161986 6.36719

-0.0161967 6.36719
-0.01449 6.38672

-0.0144876 6.38672
-0.0127498 6.40625

-0.0127473 6.40625
-0.0109882 6.42578

-0.0109857 6.42578
-0.00921521 6.44531

-0.00921287 6.44531
-0.00744076 6.46484

-0.00743842 6.46484
-0.00567398 6.48438

-0.00567153 6.48438
-0.00392435 6.50391

-0.00392205 6.50391
-0.00220165 6.52344

-0.00219961 6.52344
-0.00051468 6.54297

-0.000506361 6.54297
0 6.54899

0 7.34381
-0.00114031 7.36328

-0.00114216 7.36328
-0.00225993 7.38281

-0.00226175 7.38281
-0.00334597 7.40234

-0.00334789 7.40234
-0.00439108 7.42188

-0.004393 7.42188
-0.00538747 7.44141

-0.00538937 7.44141
-0.00632747 7.46094

-0.00632932 7.46094
-0.00720356 7.48047

-0.00720533 7.48047
-0.0080085 7.5

-0.00801016 7.5
-0.0087354 7.51953

-0.00873687 7.51953
-0.00937795 7.53906

-0.00937927 7.53906
-0.00993063 7.55859

-0.0099317 7.55859
-0.0103886 7.57812

-0.0103894 7.57812
-0.0107479 7.59766

-0.0107485 7.59766
-0.0110057 7.61719

-0.0110061 7.61719
-0.0111602 7.63672

-0.0111603 7.63672
-0.0112105 7.65625

-0.0112103 7.65625
-0.011157 7.67578

-0.0111565 7.67578
-0.0110011 7.69531

-0.0110003 7.69531
-0.0107452 7.71484

-0.0107442 7.71484
-0.010393 7.73438

-0.0103917 7.73438
-0.00994917 7.75391

-0.00994761 7.75391
-0.00941946 7.77344

-0.00941766 7.77344
-0.00881057 7.79297

-0.00880854 7.79297
-0.00813018 7.8125

-0.00812794 7.8125
-0.00738687 7.83203

-0.00738448 7.83203
-0.00658993 7.85156

-0.0065874 7.85156
-0.00574919 7.87109

-0.00574655 7.87109
-0.00487501 7.89062

-0.00487236 7.89062
-0.00397805 7.91016

-0.00397544 7.91016
-0.00306886 7.92969

-0.00306627 7.92969
-0.00215781 7.94922

-0.0021553 7.94922
-0.00125516 7.96875

-0.00125285 7.96875
-0.000370674 7.98828

-0.000365428 7.98828
0 7.99662

0 8.52805
-0.000242377 8.53516

-0.00024568 8.53516
-0.000902146 8.55469

-0.000904251 8.55469
-0.00154289 8.57422

-0.00154498 8.57422
-0.00215739 8.59375

-0.00215944 8.59375
-0.00273734 8.61328

-0.00273931 8.61328
-0.00327466 8.63281

-0.0032765 8.63281
-0.00376168 8.65234

-0.00376335 8.65234
-0.00419135 8.67188

-0.00419282 8.67188
-0.00455736 8.69141

-0.00455858 8.69141
-0.00485429 8.71094

-0.00485523 8.71094
-0.00507776 8.73047

-0.0050784 8.73047
-0.00522458 8.75

-0.00522489 8.75
-0.00529284 8.76953

-0.0052928 8.76953
-0.00528198 8.78906

-0.00528157 8.78906
-0.00519287 8.80859

-0.00519209 8.80859
-0.00502788 8.82812

-0.00502673 8.82812
-0.00479089 8.84766

-0.00478941 8.84766
-0.0044872 8.86719

-0.00448542 8.86719
-0.00412337 8.88672

-0.00412134 8.88672
-0.00370706 8.90625

-0.00370483 8.90625
-0.00324687 8.92578

-0.00324451 8.92578
-0.00275205 8.94531

-0.0027496 8.94531
-0.00223228 8.96484

-0.00222979 8.96484
-0.00169749 8.98438

-0.00169504 8.98438
-0.00115762 9.00391

-0.00115524 9.00391
-0.000622358 9.02344

-0.000620085 9.02344
-0.00010105 9.04297

-9.72202e-05 9.04297
0 9.04679

0 9.44409
-0.000187009 9.45312

-0.000189251 9.45312
-0.000588998 9.47266

-0.000590994 9.47266
-0.000978478 9.49219

-0.000980411 9.49219
-0.00134777 9.51172

-0.0013496 9.51172
-0.00168932 9.53125

-0.001691 9.53125
-0.00199606 9.55078

-0.00199753 9.55078
-0.00226164 9.57031

-0.00226287 9.57031
-0.0024806 9.58984

-0.00248154 9.58984
-0.00264857 9.60938

-0.00264919 9.60938
-0.00276238 9.62891

-0.00276266 9.62891
-0.00282019 9.64844

-0.00282013 9.64844
-0.0028216 9.66797

-0.00282117 9.66797
-0.00276756 9.6875

-0.00276678 9.6875
-0.00266047 9.70703

-0.00265938 9.70703
-0.00250412 9.72656

-0.00250273 9.72656
-0.00230348 9.74609

-0.00230186 9.74609
-0.00206466 9.76562

-0.00206285 9.76562
-0.00179458 9.78516

-0.00179263 9.78516
-0.00150082 9.80469

-0.00149879 9.80469
-0.0011914 9.82422

-0.00118938 9.82422
-0.000874516 9.84375

-0.000872503 9.84375
-0.000558248 9.86328

-0.000556323 9.86328
-0.000250552 9.88281

-0.000248184 9.88281
0 9.89952

0 10.2033
-0.000138734 10.2148

-0.000140223 10.2148
-0.000375823 10.2344

-0.000377489 10.2344
-0.000607881 10.2539

-0.000609474 10.2539
-0.000828141 10.2734

-0.000829618 10.2734
-0.00103042 10.293

-0.00103174 10.293
-0.00120909 10.3125

-0.0012102 10.3125
-0.00135926 10.332

-0.00136012 10.332
-0.00147694 10.3516

-0.00147753 10.3516
-0.00155921 10.3711

-0.00155951 10.3711
-0.00160428 10.3906

-0.00160427 10.3906
-0.00161157 10.4102

-0.00161125 10.4102
-0.00158172 10.4297

-0.00158111 10.4297
-0.0015166 10.4492

-0.00151572 10.4492
-0.00141921 10.4688

-0.0014181 10.4688
-0.00129356 10.4883

-0.00129226 10.4883
-0.00114452 10.5078

-0.00114308 10.5078
-0.000977626 10.5273

-0.000976103 10.5273
-0.000798842 10.5469

-0.000797278 10.5469
-0.000614388 10.5664

-0.000612856 10.5664
-0.000430528 10.5859

-0.000429071 10.5859
-0.000253283 10.6055

-0.000251922 10.6055
-8.83079e-05 10.625

-8.568e-05 10.625
0 10.6364

0 10.8495
-6.40841e-05 10.8594

-6.45553e-05 10.8594
-0.000200144 10.8789

-0.000201482 10.8789
-0.000340472 10.8984

-0.0003418 10.8984
-0.000478858 10.918

-0.000480128 10.918
-0.000610059 10.9375

-0.00061122 10.9375
-0.000729164 10.957

-0.00073017 10.957
-0.000831793 10.9766

-0.000832602 10.9766
-0.000914275 10.9961

-0.000914855 10.9961
-0.000973799 11.0156

-0.000974125 11.0156
-0.00100853 11.0352

-0.00100859 11.0352
-0.00101768 11.0547

-0.00101748 11.0547
-0.00100154 11.0742

-0.00100108 11.0742
-0.00096145 11.0938

-0.000960755 11.0938
-0.00089975 11.1133

-0.000898857 11.1133
-0.000819651 11.1328

-0.000818605 11.1328
-0.000725075 11.1523

-0.000723925 11.1523
-0.000620462 11.1719

-0.000619265 11.1719
-0.000510562 11.1914

-0.000509371 11.1914
-0.000400204 11.2109

-0.000399068 11.2109
-0.000294091 11.2305

-0.000293065 11.2305
-0.000196601 11.25

-0.000195721 11.25
-0.00011158 11.2695

-0.00011087 11.2695
-4.22354e-05 11.2891

-4.10415e-05 11.2891
0 11.3049

0 11.3925
-3.14943e-05 11.4062

-3.15771e-05 11.4062
-9.07912e-05 11.4258

-9.16435e-05 11.4258
-0.000162138 11.4453

-0.00016308 11.4453
-0.000241266 11.4648

-0.000242256 11.4648
-0.00032427 11.4844

-0.000325265 11.4844
-0.000407138 11.5039

-0.000408091 11.5039
-0.000485926 11.5234

-0.000486796 11.5234
-0.000556947 11.543

-0.000557691 11.543
-0.000616931 11.5625

-0.000617515 11.5625
-0.000663189 11.582

-0.000663583 11.582
-0.000693735 11.6016

-0.000693921 11.6016
-0.00070739 11.6211

-0.000707359 11.6211
-0.000703833 11.6406

-0.000703587 11.6406
-0.000683616 11.6602

-0.000683169 11.6602
-0.000648138 11.6797

-0.000647515 11.6797
-0.000599565 11.6992

-0.0005988 11.6992
-0.000540707 11.7188

-0.000539844 11.7188
-0.000474861 11.7383

-0.000473947 11.7383
-0.00040563 11.7578

-0.000404714 11.7578
-0.000336722 11.7773

-0.000335853 11.7773
-0.000271757 11.7969

-0.00027098 11.7969
-0.00021407 11.8164

-0.000213425 11.8164
-0.000166543 11.8359

-0.000166064 11.8359
-0.000131457 11.8555

-0.000131166 11.8555
-0.000110378 11.875

0.00105545 10
0.00113799 10.0195

0.00113812 10.0195
0.00117572 10.0391

-0.000110288 11.875
-0.00010408 11.8945

-0.000104195 11.8945
-0.000112519 11.9141

-0.000112833 11.9141
-0.000134829 11.9336

-0.000135325 11.9336
-0.000169371 11.9531

0.00117554 10.0391
0.00116826 10.0586

0.00116779 10.0586
0.00111692 10.0781

0.00111617 10.0781
0.00102417 10.0977

0.00102313 10.0977
0.000893602 10.1172

0.000892343 10.1172
0.000729865 10.1367

0.000728428 10.1367
0.000538398 10.1562

0.000536779 10.1562
0.00032531 10.1758

0.000323606 10.1758
9.73413e-05 10.1953

0 10.2033
9.58181e-05 10.1953

-0.000170021 11.9531
-0.000213827 11.9727

-0.000214594 11.9727
-0.000265323 11.9922

-0.000266164 11.9922
-0.000320598 12.0117

-0.000321462 12.0117
-0.000376191 12.0312

-0.000377026 12.0312
-0.000428653 12.0508

-0.000429405 12.0508
-0.000474754 12.0703

-0.000475376 12.0703
-0.000511697 12.0898

0 10.6369
5.70462e-05 10.6445

6.0346e-05 10.6445
0.000185396 10.6641

0.000186199 10.6641
0.000286102 10.6836

0.000286668 10.6836
0.000358688 10.7031

0.000358996 10.7031
0.000401386 10.7227

0.000401428 10.7227
0.000413486 10.7422

0.000413249 10.7422
0.000395365 10.7617

0.000394867 10.7617
0.000348509 10.7812

0.000347773 10.7812
0.000275408 10.8008

0.000274441 10.8008
0.000179473 10.8203

0.000178345 10.8203
6.49665e-05 10.8398

0 10.8498
6.44782e-05 10.8398

-0.000512147 12.0898
-0.000537297 12.1094

-0.000537545 12.1094
-0.000550126 12.1289

-0.000550157 12.1289
-0.00054961 12.1484

-0.000549422 12.1484
-0.00053606 12.168

-0.000535667 12.168
-0.000510653 12.1875

-0.000510084 12.1875
-0.00047534 12.207

-0.000474639 12.207
-0.000432703 12.2266

-0.00043192 12.2266
-0.00038576 12.2461

-0.000384952 12.2461
-0.00033775 12.2656

0 11.3068
4.64088e-06 11.3086

9.30326e-06 11.3086
4.06092e-05 11.3281

4.0677e-05 11.3281
5.17837e-05 11.3477

5.16222e-05 11.3477
4.27172e-05 11.3672

4.23284e-05 11.3672
1.45123e-05 11.3867

0 11.3934
1.52844e-05 11.3867

-0.000336973 12.2656
-0.000291901 12.2852

-0.000291207 12.2852
-0.000251207 12.3047

-0.000250643 12.3047
-0.000218228 12.3242

-0.00021783 12.3242
-0.000194922 12.3438

-0.000194713 12.3438
-0.000182527 12.3633

-0.000182517 12.3633
-0.00018149 12.3828

-0.000181676 12.3828
-0.000191458 12.4023

-0.000191824 12.4023
-0.00021131 12.4219

-0.000211827 12.4219
-0.00023925 12.4414

-0.00023988 12.4414
-0.000272943 12.4609

-0.000273639 12.4609
-0.000309693 12.4805

-0.000310402 12.4805
-0.00034664 12.5

-0.00034731 12.5
-0.000380975 12.5195

-0.000381555 12.5195
-0.000410148 12.5391

-0.000410596 12.5391
-0.000432062 12.5586

-0.000432345 12.5586
-0.000445221 12.5781

-0.00044532 12.5781
-0.000448844 12.5977

-0.000448754 12.5977
-0.000442908 12.6172

-0.000442639 12.6172
-0.000428143 12.6367

-0.000427721 12.6367
-0.000405958 12.6562

-0.000405419 12.6562
-0.000378312 12.6758

-0.000377704 12.6758
-0.000347544 12.6953

-0.000346919 12.6953
-0.000316172 12.7148

-0.00031558 12.7148
-0.00028668 12.7344

-0.00028617 12.7344
-0.00026132 12.7539

-0.00026093 12.7539
-0.000241931 12.7734

-0.00024169 12.7734
-0.000229804 12.793

-0.000229727 12.793
-0.000225591 12.8125

-0.000225681 12.8125
-0.00022927 12.832

-0.000229516 12.832
-0.000240159 12.8516

-0.000240537 12.8516
-0.000256987 12.8711

-0.000257462 12.8711
-0.000278015 12.8906

-0.000278544 12.8906
-0.00030119 12.9102

-0.000301726 12.9102
-0.000324336 12.9297

-0.000324831 12.9297
-0.000345343 12.9492

-0.000345753 12.9492
-0.000362356 12.9688

-0.000362645 12.9688
-0.00037394 12.9883

-0.000374086 12.9883
-0.000379199 13.0078

-0.000379192 13.0078
-0.000377846 13.0273

-0.00037769 13.0273
-0.000370208 13.0469

-0.000369922 13.0469
-0.000357184 13.0664

-0.0003568 13.0664
-0.000340144 13.0859

-0.000339701 13.0859
-0.000320779 13.1055

-0.000320321 13.1055
-0.000300935 13.125

-0.000300506 13.125
-0.000282429 13.1445

-0.000282069 13.1445
-0.000266877 13.1641

-0.000266618 13.1641
-0.000255547 13.1836

-0.000255411 13.1836
-0.000249252 13.2031

-0.000249247 13.2031
-0.000248281 13.2227

-0.000248404 13.2227
-0.000252396 13.2422

-0.00025263 13.2422
-0.000260866 13.2617

-0.000261183 13.2617
-0.000272563 13.2812

-0.00027293 13.2812
-0.000286086 13.3008

-0.000286463 13.3008
-0.00029991 13.3203

-0.00030026 13.3203
-0.000312545 13.3398

-0.000312834 13.3398
-0.000322681 13.3594

-0.000322881 13.3594
-0.000329314 13.3789

-0.000329407 13.3789
-0.000331843 13.3984

-0.000331822 13.3984
-0.00033012 13.418

-0.00032999 13.418
-0.000324453 13.4375

-0.000324232 13.4375
-0.00031556 13.457

-0.000315277 13.457
-0.000304477 13.4766

-0.000304164 13.4766
-0.000292429 13.4961

-0.000292122 13.4961
-0.000280693 13.5156

-0.000280424 13.5156
-0.000270453 13.5352

-0.00027025 13.5352
-0.00026268 13.5547

-0.000262562 13.5547
-0.000258037 13.5742

-0.000258015 13.5742
-0.000256816 13.5938

-0.000256888 13.5938
-0.000258915 13.6133

-0.000259071 13.6133
-0.00026387 13.6328

-0.000264089 13.6328
-0.000270911 13.6523

-0.000271166 13.6523
-0.00027906 13.6719

-0.000279322 13.6719
-0.000287253 13.6914

-0.00028749 13.6914
-0.000294462 13.7109

-0.000294647 13.7109
-0.000299813 13.7305

-0.000299926 13.7305
-0.00030269 13.75

-0.000302719 13.75
-0.000302799 13.7695

-0.000302743 13.7695
-0.000300193 13.7891

-0.000300061 13.7891
-0.000295257 13.8086

-0.000295069 13.8086
-0.000288653 13.8281

-0.000288433 13.8281
-0.000281222 13.8477

-0.000281 13.8477
-0.000273879 13.8672

-0.000273683 13.8672
-0.000267486 13.8867

-0.000267342 13.8867
-0.000262749 13.9062

-0.000262674 13.9062
-0.000260122 13.9258

-0.000260124 13.9258
-0.00025976 13.9453

-0.000259834 13.9453
-0.000261506 13.9648

-0.000261641 13.9648
-0.00026493 13.9844

-0.000265105 13.9844
-0.000269393 14.0039

-0.000269583 14.0039
-0.00027414 14.0234

-0.000274319 14.0234
-0.000278409 14.043

-0.000278551 14.043
-0.000281531 14.0625

-0.000281617 14.0625
-0.00028303 14.082

-0.000283049 14.082
-0.000282687 14.1016

-0.000282639 14.1016
-0.000280558 14.1211

-0.000280453 14.1211
-0.000276959 14.1406

-0.000276815 14.1406
-0.000272404 14.1602

-0.000272245 14.1602
-0.000267523 14.1797

-0.000267371 14.1797
-0.00026296 14.1992

-0.000262839 14.1992
-0.000259284 14.2188

-0.000259212 14.2188
-0.0002569 14.2383

-0.000256886 14.2383
-0.000255992 14.2578

-0.000256035 14.2578
-0.0002565 14.2773

-0.000256591 14.2773
-0.000258143 14.2969

-0.000258264 14.2969
-0.000260477 14.3164

-0.000260605 14.3164
-0.00026298 14.3359

-0.000263093 14.3359
-0.000265148 14.3555

-0.000265231 14.3555
-0.000266571 14.375

-0.000266614 14.375
-0.000266987 14.3945

-0.000266986 14.3945
-0.000266307 14.4141

-0.000266263 14.4141
-0.000264624 14.4336

-0.000264548 14.4336
-0.000262189 14.4531

-0.000262096 14.4531
-0.000259355 14.4727

-0.000259264 14.4727
-0.000256509 14.4922

-0.000256433 14.4922
-0.000253996 14.5117

-0.000253946 14.5117
-0.00025208 14.5312

-0.000252061 14.5312
-0.000250905 14.5508

-0.000250922 14.5508
-0.000250481 14.5703

-0.00025053 14.5703
-0.000250671 14.5898

-0.000250741 14.5898
-0.000251224 14.6094

-0.000251297 14.6094
-0.000251835 14.6289

-0.000251896 14.6289
-0.000252222 14.6484

-0.000252261 14.6484
-0.000252172 14.668

-0.000252185 14.668
-0.000251579 14.6875

-0.000251566 14.6875
-0.000250445 14.707

-0.000250409 14.707
-0.00024887 14.7266

-0.000248821 14.7266
-0.000247032 14.7461

-0.00024698 14.7461
-0.000245143 14.7656

-0.000245096 14.7656
-0.000243412 14.7852

-0.000243376 14.7852
-0.000242013 14.8047

-0.000241995 14.8047
-0.000241058 14.8242

-0.000241067 14.8242
-0.000240576 14.8438

-0.000240608 14.8438
-0.000240483 14.8633

-0.000240527 14.8633
-0.000240615 14.8828

-0.000240659 14.8828
-0.000240781 14.9023

-0.000240807 14.9023
-0.000240825 14.9219

-0.000240828 14.9219
-0.000240687 14.9414

-0.000240702 14.9414
-0.000240368 14.9609

-0.000240373 14.9609
-0.000239809 14.9805

-0.000239783 14.9805
-0.000239028 15

-0.000238992 15
-0.000238171 15.0195

-0.000238164 15.0195
-0.000237361 15.0391

-0.000237364 15.0391
-0.000236591 15.0586

-0.000236592 15.0586
-0.000235842 15.0781

-0.000235848 15.0781
-0.000235107 15.0977

-0.000235105 15.0977
-0.000234365 15.1172

-0.000234353 15.1172
-0.00023293 15.1562

-0.000232948 15.1562
-0.000232263 15.1758

-0.000232262 15.1758
-0.00023157 15.1953

-0.000231566 15.1953
-0.000230187 15.2344

-0.000230193 15.2344
-0.000228814 15.2734

-0.00022881 15.2734
-0.000227427 15.3125

-0.000227417 15.3125
-0.000226059 15.3516

-0.000226073 15.3516
-0.000225406 15.3711

-0.000225408 15.3711
-0.000224719 15.3906

-0.000224706 15.3906
-0.000224014 15.4102

-0.000224019 15.4102
-0.000223342 15.4297

-0.000223332 15.4297
-0.000222035 15.4688

-0.000222046 15.4688
-0.000220806 15.5078

-0.000220815 15.5078
-0.000219591 15.5469

-0.000219591 15.5469
-0.000218978 15.5664

-0.000218974 15.5664
-0.000218365 15.5859

-0.000218364 15.5859
-0.000217172 15.625

-0.000217183 15.625
-0.000216595 15.6445

-0.000216594 15.6445
-0.000215993 15.6641

-0.000215989 15.6641
-0.000215385 15.6836

-0.000215389 15.6836
-0.000214783 15.7031

-0.000214773 15.7031
-0.000213577 15.7422

-0.000213552 15.7422
-0.000212436 15.7812

-0.000212462 15.7812
-0.000211423 15.8203

-0.000211369 15.8203
-0.000210465 15.8594

-0.000210509 15.8594
-0.000209757 15.8984

-0.000209758 15.8984
-0.000209407 15.918

-0.000209407 15.918
-0.000209081 15.9375

-0.000209091 15.9375
-0.000208769 15.957

-0.000208771 15.957
-0.000208428 15.9766

-0.000208421 15.9766
-0.00020771 16.0156

-0.000207704 16.0156
-0.000206979 16.0547

-0.000206969 16.0547
-0.00020661 16.0742

-0.000206609 16.0742
-0.000206275 16.0938

-0.000206285 16.0938
-0.000205955 16.1133

-0.000205956 16.1133
-0.00020561 16.1328

-0.000205596 16.1328
-0.000204922 16.1719

-0.000204902 16.1719
-0.000204304 16.2109

-0.000204325 16.2109
-0.000204065 16.2305

-0.000204057 16.2305
-0.000203807 16.25

-0.000203817 16.25
-0.000203572 16.2695

-0.000203568 16.2695
-0.000203313 16.2891

-0.000203316 16.2891
-0.000203054 16.3086

-0.000203051 16.3086
-0.000202779 16.3281

-0.000202778 16.3281
-0.000202505 16.3477

-0.000202509 16.3477
-0.00020223 16.3672

-0.000202226 16.3672
-0.000201941 16.3867

-0.000201942 16.3867
-0.000201657 16.4062

-0.000201651 16.4062
-0.000201099 16.4453

-0.000201097 16.4453
-0.000200578 16.4844

-0.000200582 16.4844
-0.000200336 16.5039

-0.000200334 16.5039
-0.000200098 16.5234

-0.000200105 16.5234
-0.000199869 16.543

-0.00019987 16.543
-0.000199615 16.5625

-0.000199612 16.5625
-0.00019907 16.6016

-0.000199059 16.6016
-0.000198505 16.6406

-0.000198512 16.6406
-0.000198237 16.6602

-0.000198236 16.6602
-0.000197952 16.6797

-0.000197947 16.6797
-0.000197662 16.6992

-0.000197666 16.6992
-0.00019738 16.7188

-0.000197359 16.7188
-0.000196857 16.7578

-0.000196872 16.7578
-0.00019645 16.7969

-0.000196458 16.7969
-0.000196264 16.8164

-0.000196265 16.8164
-0.00019607 16.8359

-0.000196072 16.8359
-0.000195871 16.8555

-0.00019587 16.8555
-0.000195658 16.875

-0.000195661 16.875
-0.000195203 16.9141

-0.000195185 16.9141
-0.000194719 16.9531

-0.000194737 16.9531
-0.00019426 16.9922

-0.000194257 16.9922
-0.000194001 17.0117

-0.000194002 17.0117
-0.000193733 17.0312

-0.000193694 17.0312
-0.000193287 17.0703

-0.000193309 17.0703
-0.000193177 17.0898

-0.00019319 17.0898
-0.000193062 17.1094

-0.000193055 17.1094
-0.000192788 17.1484

-0.000192793 17.1484
-0.000192509 17.1875

-0.000192488 17.1875
-0.000192218 17.2266

-0.000192242 17.2266
-0.000192119 17.2461

-0.000192117 17.2461
-0.000191962 17.2656

-0.00019194 17.2656
-0.000191657 17.3047

-0.000191655 17.3047
-0.000191434 17.3438

-0.000191436 17.3438
-0.000191278 17.3828

-0.000191286 17.3828
-0.000191228 17.4023

-0.000191228 17.4023
-0.000191173 17.4219

-0.000191172 17.4219
-0.000191121 17.4414

-0.000191121 17.4414
-0.000191075 17.4609

-0.000191076 17.4609
-0.000191032 17.4805

-0.000191032 17.4805
-0.000190987 17.5

-0.000190987 17.5
-0.00019094 17.5195

-0.000190941 17.5195
-0.000190889 17.5391

-0.000190889 17.5391
-0.00019083 17.5586

-0.000190831 17.5586
-0.000190765 17.5781

-0.000190757 17.5781
-0.000190639 17.6172

-0.000190632 17.6172
-0.000190587 17.6367

-0.000190586 17.6367
-0.000190571 17.6562

-0.000190581 17.6562
-0.000190568 17.6953

-0.000190566 17.6953
-0.000190564 17.7148

-0.000190561 17.7148
-0.000190576 17.7344

-0.000190584 17.7344
-0.000190609 17.7539

-0.000190607 17.7539
-0.000190628 17.7734

-0.000190625 17.7734
-0.000190652 17.793

-0.000190655 17.793
-0.000190685 17.8125

-0.000190684 17.8125
-0.000190712 17.832

-0.000190708 17.832
-0.000190741 17.8516

-0.000190743 17.8516
-0.000190787 17.8711

-0.00019079 17.8711
-0.000190837 17.8906

-0.000190841 17.8906
-0.000190877 17.9102

-0.000190871 17.9102
-0.000190902 17.9297

-0.000190896 17.9297
-0.000190942 17.9492

-0.000190942 17.9492
-0.000191015 17.9688

-0.000191021 17.9688
-0.00019111 17.9883

-0.000191114 17.9883
-0.0001912 18.0078

-0.0001912 18.0078
-0.000191274 18.0273

-0.00019127 18.0273
-0.00019134 18.0469

-0.00019134 18.0469
-0.000191415 18.0664

-0.000191415 18.0664
-0.000191494 18.0859

-0.000191493 18.0859
-0.000191579 18.1055

-0.000191581 18.1055
-0.000191673 18.125

-0.000191677 18.125
-0.000191762 18.1445

-0.000191766 18.1445
-0.000191829 18.1641

-0.000191834 18.1641
-0.000191859 18.1836

-0.000191856 18.1836
-0.000191841 18.2031

-0.000191833 18.2031
-0.000191801 18.2227

-0.000191804 18.2227
-0.000191766 18.2422

-0.000191763 18.2422
-0.000191682 18.2812

-0.000191662 18.2812
-0.000191613 18.3203

-0.000191635 18.3203
-0.000191612 18.3594

-0.000191624 18.3594
-0.000191599 18.3789

-0.000191598 18.3789
-0.000191539 18.3984

-0.000191536 18.3984
-0.00019145 18.418

-0.000191451 18.418
-0.000191341 18.4375

-0.000191322 18.4375
-0.000191127 18.4766

-0.000191132 18.4766
-0.000190979 18.5156

-0.000191003 18.5156
-0.000190931 18.5352

-0.00019093 18.5352
-0.000190815 18.5547

-0.000190756 18.5547
-0.000190686 18.5938

-0.000190739 18.5938
-0.000190786 18.6133

-0.00019078 18.6133
-0.000190816 18.6328

-0.00019082 18.6328
-0.000190874 18.6719

-0.000190877 18.6719
-0.000190892 18.6914

-0.000190896 18.6914
-0.000190887 18.7109

-0.000190878 18.7109
-0.000190834 18.75

-0.000190832 18.75
-0.000190767 18.7891

-0.000190772 18.7891
-0.000190681 18.8281

-0.000190682 18.8281
-0.000190552 18.8672

-0.000190556 18.8672
-0.000190474 18.8867

-0.000190471 18.8867
-0.00019037 18.9062

-0.000190368 18.9062
-0.000190258 18.9258

-0.00019026 18.9258
-0.00019014 18.9453

-0.000190115 18.9453
-0.000189942 18.9844

-0.000189958 18.9844
-0.000189908 19.0039

-0.000189912 19.0039
-0.000189859 19.0234

-0.000189844 19.0234
-0.000189807 19.043

-0.000189811 19.043
-0.00018981 19.0625

-0.000189811 19.0625
-0.000189837 19.082

-0.000189848 19.082
-0.000189879 19.1016

-0.000189882 19.1016
-0.000189888 19.1211

-0.000189888 19.1211
-0.000189862 19.1406

-0.000189861 19.1406
-0.000189753 19.1797

-0.00018973 19.1797
-0.000189601 19.2188

-0.000189609 19.2188
-0.000189551 19.2383

-0.000189551 19.2383
-0.000189488 19.2578

-0.000189484 19.2578
-0.000189364 19.2969

-0.000189357 19.2969
-0.000189262 19.3359

-0.000189268 19.3359
-0.000189234 19.3555

-0.000189234 19.3555
-0.000189202 19.375

-0.000189197 19.375
-0.000189159 19.4141

-0.000189172 19.4141
-0.000189162 19.4336

-0.000189165 19.4336
-0.000189135 19.4531

-0.000189119 19.4531
-0.000189097 19.4727

-0.000189106 19.4727
-0.000189107 19.4922

-0.000189088 19.4922
-0.000189176 19.5312

-0.000189196 19.5312
-0.000189283 19.5508

-0.000189278 19.5508
-0.000189376 19.5703

-0.000189386 19.5703
-0.000189486 19.5898

-0.000189485 19.5898
-0.000189572 19.6094

-0.000189572 19.6094
-0.000189649 19.6289

-0.00018965 19.6289
-0.000189717 19.6484

-0.000189712 19.6484
-0.000189773 19.668

-0.000189775 19.668
-0.000189835 19.6875

-0.000189829 19.6875
-0.000189963 19.7266

-0.000189975 19.7266
-0.000190108 19.7656

-0.000190099 19.7656
-0.000190223 19.8047

-0.000190229 19.8047
-0.000190351 19.8438

-0.000190359 19.8438
-0.000190412 19.8633

-0.00019041 19.8633
-0.000190441 19.8828

-0.00019044 19.8828
-0.000190454 19.9023

-0.000190453 19.9023
-0.000190455 19.9219

-0.000190455 19.9219
-0.000190448 19.9414

-0.000190443 19.9414
-0.000190435 19.9609

-0.000190437 19.9609
-0.000190434 19.9805

-0.000190434 19.9805
-0.000190434 20

0.0390625 0.0569672
0.0389961 0.0585938

0.0390625 0.0664591
0.0386642 0.078125

0.0585938 0.0182609
0.0579453 0.0195312

0.0570165 0.0195312
0.0414747 0.0390625

0.0585938 0.00227773
0.078125 0.0179695

0.0659593 0.0195312
0.0723155 0.0390625

0.0391412 0.0390625
0.0455473 0.0585938

0.04949 0.0585938
0.0460478 0.078125

0.0681175 0.0390625
0.0609355 0.0585938

0.0585938 0.0643311
0.0589392 0.078125

0.0382024 0.078125
0.0384893 0.0976562

0.038696 0.0976562
0.0390625 0.100861

0.0390625 0.0917997
0.0471924 0.078125

0.0504211 0.0976562
0.0460865 0.117188

0.0585938 0.0839873
0.0768669 0.0976562

0.0764973 0.0976562
0.078125 0.0978907

0.0467487 0.117188
0.0445706 0.136719

0.0448651 0.136719
0.0429146 0.15625

0.078125 0.011977
0.078337 0.0195312

0.078125 0.0202562
0.0781958 0.0195312

0.078125 0.0972042
0.0788391 0.0976562

0.0816112 0.0976562
0.0976562 0.109192

0.0976562 0.110902
0.105803 0.117188

0.103675 0.117188
0.117188 0.127247

0.117188 0.126512
0.136719 0.136436

0.136719 0.136271
0.138216 0.136719

0.138169 0.136719
0.15625 0.142125

0.0390625 0.18476
0.0378848 0.195312

0.0376543 0.195312
0.0371441 0.214844

0.0374436 0.214844
0.0383875 0.234375

0.0429973 0.15625
0.0405203 0.175781

0.0390625 0.18397
0.0399764 0.175781

0.0386554 0.234375
0.0390625 0.240378

0.0390625 0.241046
0.0399347 0.253906

0.0400416 0.253906
0.041088 0.273438

0.0409998 0.273438
0.04176 0.292969

0.0416768 0.292969
0.0424933 0.3125

0.15625 0.142131
0.175781 0.144177

0.175781 0.144263
0.195312 0.142331

0.214844 0.136325
0.213616 0.136719

0.195312 0.142406
0.213045 0.136719

0.214844 0.136356
0.234375 0.125179

0.29891 0
0.297524 0.0195312

0.29748 0.0195312
0.293408 0.0390625

0.292969 0.0404792
0.286652 0.0585938

0.286789 0.0585938
0.276856 0.078125

0.292969 0.0409956
0.293643 0.0390625

0.253906 0.108197
0.244037 0.117188

0.273438 0.0834419
0.263285 0.0976562

0.253906 0.107661
0.26284 0.0976562

0.234375 0.125074
0.244369 0.117188

0.273438 0.083377
0.276883 0.078125

0.0425345 0.3125
0.0434912 0.332031

0.0436386 0.332031
0.0443585 0.351562

0.0445067 0.351562
0.0443987 0.371094

0.0443501 0.371094
0.0432149 0.390625

0.0390625 0.447967
0.0390031 0.449219

0.0389229 0.449219
0.0383901 0.46875

0.0430009 0.390625
0.0413639 0.410156

0.0412232 0.410156
0.0397938 0.429688

0.0390625 0.444406
0.0397603 0.429688

0.0384536 0.46875
0.0380621 0.488281

0.03809 0.488281
0.0376574 0.507812

0.0376583 0.507812
0.0371273 0.527344

0.0371182 0.527344
0.0365051 0.546875

0.036497 0.546875
0.0358366 0.566406

0.0358327 0.566406
0.0351491 0.585938

0.0351485 0.585938
0.0344508 0.605469

0.0344515 0.605469
0.0337395 0.625

0.0337404 0.625
0.0330107 0.644531

0.0330113 0.644531
0.0322607 0.664062

0.032261 0.664062
0.0314878 0.683594

0.031488 0.683594
0.0306911 0.703125

0.0306911 0.703125
0.0298702 0.722656

0.0298701 0.722656
0.0290252 0.742188

0.029025 0.742188
0.0281566 0.761719

0.0281566 0.761719
0.0272652 0.78125

0.0272653 0.78125
0.0263507 0.800781

0.0263511 0.800781
0.0254122 0.820312

0.0254126 0.820312
0.0244479 0.839844

0.0244482 0.839844
0.0234564 0.859375

0.0234564 0.859375
0.0224369 0.878906

0.022437 0.878906
0.0213896 0.898438

0.0195312 0.931738
0.0192052 0.9375

0.0213897 0.898438
0.020314 0.917969

0.0195312 0.931836
0.020316 0.917969

0.0192095 0.9375
0.0180732 0.957031

0.0180736 0.957031
0.0169046 0.976562

0.0169046 0.976562
0.0157023 0.996094

0.015702 0.996094
0.014467 1.01562

0.0144667 1.01562
0.0132002 1.03516

0.0132004 1.03516
0.0119023 1.05469

0.011903 1.05469
0.0105716 1.07422

0.0105718 1.07422
0.00920516 1.09375

0.00920392 1.09375
0.00780413 1.11328

0.00780189 1.11328
0.00637591 1.13281

0.00637452 1.13281
0.00492957 1.15234

0.00493088 1.15234
0.00346713 1.17188

0.00347083 1.17188
0.00197828 1.19141

0.00198224 1.19141
0.000445568 1.21094

0 1.21658
0.000459942 1.21094

2.32876 0
2.33045 0.0195312

2.33041 0.0195312
2.33556 0.0390625

2.33547 0.0390625
2.34375 0.0573178

2.34319 0.0585938
2.34375 0.0595606

2.34375 0.0573624
2.34431 0.0585938

2.34411 0.0585938
2.3573 0.078125

2.35796 0.078125
2.36328 0.0843401

2.36328 0.0855349
2.37568 0.0976562

2.3774 0.0976562
2.38281 0.102149

2.38281 0.103054
2.40234 0.116544

2.40234 0.11658
2.40353 0.117188

2.40389 0.117188
2.42188 0.1264

2.42188 0.12617
2.44141 0.133454

2.44141 0.133446
2.45358 0.136719

2.45456 0.136719
2.46094 0.138432

2.46094 0.138546
2.48047 0.142081

2.48047 0.142063
2.5 0.144033

