-4.77953 0
-4.77185 0.0195312

-4.76989 0.0195312
-4.76562 0.0245801

-4.76562 0.0269747
-4.74674 0.0390625

-4.74609 0.0375411
-4.72656 0.0336828

-4.74643 0.0390625
-4.74609 0.0391975

-4.74609 0.0391748
-4.74537 0.0390625

-4.70703 0.00586323
-4.71181 0.0195312

-4.72656 0.0361069
-4.70855 0.0195312

-4.70703 0.0055208
-4.70559 0

-4.70703 0.0235251
-4.70483 0.0195312

-4.72656 0.0391503
-4.72639 0.0390625

0 3.13032
0.00315544 3.14453

0.00315832 3.14453
0.007353 3.16406

0.00735293 3.16406
0.0114079 3.18359

0.0114082 3.18359
0.0153229 3.20312

0.0153222 3.20312
0.0190974 3.22266

0.0191023 3.22266
0.0195312 3.22496

0.0195312 3.22499
0.0227335 3.24219

0.0227336 3.24219
0.02623 3.26172

0.0262299 3.26172
0.0295878 3.28125

0.0295876 3.28125
0.0328079 3.30078

0.0328076 3.30078
0.0358913 3.32031

0.0358904 3.32031
0.0388401 3.33984

0.0388427 3.33984
0.0390625 3.34137

0.0390625 3.34139
0.0416574 3.35938

0.0416571 3.35938
0.0443433 3.37891

0.0443428 3.37891
0.0469001 3.39844

0.0468994 3.39844
0.0493302 3.41797

0.0493296 3.41797
0.0516364 3.4375

0.0516357 3.4375
0.0538209 3.45703

0.0538206 3.45703
0.0558863 3.47656

0.0558861 3.47656
0.0578332 3.49609

0.0578356 3.49609
0.0585938 3.50418

0.0585938 3.50424
0.0596607 3.51562

0.0596629 3.51562
0.0613771 3.53516

0.0613771 3.53516
0.062975 3.55469

0.0629749 3.55469
0.064457 3.57422

0.0644567 3.57422
0.0658236 3.59375

0.0658232 3.59375
0.067076 3.61328

0.0670758 3.61328
0.0682154 3.63281

0.0682153 3.63281
0.0692425 3.65234

0.0692422 3.65234
0.0701576 3.67188

0.0701572 3.67188
0.0709622 3.69141

0.070962 3.69141
0.0716577 3.71094

0.0716577 3.71094
0.0722445 3.73047

0.0722444 3.73047
0.0727222 3.75

-2.12909 0
-2.12891 0.000541524

-2.12891 0.00184615
-2.10938 0.00180592

-2.05118 0
-2.05078 0.00119894

-2.05078 0.00203808
-2.03125 0.00402983

-2.03125 0.00480808
-2.02941 0

-1.71088 0
-1.69922 0.0107225

-1.69922 0.0109448
-1.68912 0

-1.54334 0
-1.54297 0.00112194

-1.53605 0
-1.52344 0.012373

-1.52344 0.0124175
-1.51116 0

-1.50391 0.0011968
-1.5035 0

-1.34772 0
-1.34766 0.000383283

-1.34811 0.0195312
-1.34766 0.0204834

-1.34316 0
-1.33973 0.0195312

-1.34081 0.0195312
-1.32837 0.0390625

-1.33294 0.0390625
-1.32812 0.044132

-1.32812 0.039586
-1.30859 0.0532141

-1.30859 0.0521109
-1.28906 0.0556472

-1.28906 0.0556325
-1.26953 0.0513128

-1.26953 0.052245
-1.25123 0.0390625

0.072722 3.75
0.0730912 3.76953

0.0730912 3.76953
0.0733525 3.78906

0.0733529 3.78906
0.0735058 3.80859

0.0735062 3.80859
0.0735493 3.82812

0.0735493 3.82812
0.0734819 3.84766

0.0734819 3.84766
0.0733038 3.86719

0.0733044 3.86719
0.0730144 3.88672

0.0730151 3.88672
0.0726107 3.90625

0.0726108 3.90625
0.0720904 3.92578

0.0720902 3.92578
0.0714538 3.94531

0.0714542 3.94531
0.0707014 3.96484

0.070702 3.96484
0.0698307 3.98438

0.0698306 3.98438
0.0688401 4.00391

0.0688395 4.00391
0.0677313 4.02344

0.0677313 4.02344
0.0665063 4.04297

0.0665066 4.04297
0.0651641 4.0625

0.0651638 4.0625
0.0637037 4.08203

0.0637029 4.08203
0.0621273 4.10156

0.0621277 4.10156
0.0604375 4.12109

0.0604356 4.12109
0.0586341 4.14062

0.0585938 4.14105
0.0567239 4.16016

0.0567223 4.16016
0.0547023 4.17969

0.0585938 4.14102
0.0586321 4.14062

0.0547031 4.17969
0.0525758 4.19922

0.0525763 4.19922
0.0503391 4.21875

0.0503371 4.21875
0.047993 4.23828

0.0479907 4.23828
0.045548 4.25781

0.0455476 4.25781
0.0430118 4.27734

0.0430114 4.27734
0.0403838 4.29688

0.0390625 4.30644
0.0376833 4.31641

0.0376742 4.31641
0.0349051 4.33594

0.034904 4.33594
0.0320686 4.35547

0.0320672 4.35547
0.0291703 4.375

0.0390625 4.30628
0.040365 4.29688

0.0291674 4.375
0.0262174 4.39453

0.026214 4.39453
0.0232237 4.41406

0.0195312 4.43792
0.0171713 4.45312

0.0232203 4.41406
0.0202031 4.43359

0.0195312 4.43784
0.0201909 4.43359

0.0171681 4.45312
0.0141297 4.47266

0.0141268 4.47266
0.0110885 4.49219

0.0110856 4.49219
0.00805924 4.51172

0.00805621 4.51172
0.00505364 4.53125

0.00504975 4.53125
0.00208481 4.55078

0 4.56469
0.00207169 4.55078

-1.23483 0
-1.23858 0.0195312

-1.25 0.0377681
-1.23756 0.0195312

-0.899829 0
-0.898438 0.00315347

-0.898438 0.00239923
-0.887143 0

-0.878906 0.000813474
-0.878631 0

-0.0244134 0
-0.0200131 0.0195312

-0.0247654 0.0195312
-0.0195312 0.0370814

-0.0195312 0.0174059
0 0.00357559

-0.0195312 0.0294946
-0.0065378 0.0195312

-0.0286838 0.0390625
-0.0195312 0.0529459

-0.0287588 0.0585938
-0.0195312 0.0617277

-0.0195312 0.0512957
-0.00909461 0.0390625

-0.0195312 0.0592894
-0.0180926 0.0585938

0 1.05004
-0.00147897 1.05469

-0.00186477 1.05469
-0.00834715 1.07422

-0.00833319 1.07422
-0.0151496 1.09375

-0.078125 1.24091
-0.0827312 1.25

-0.0390625 1.15583
-0.0458259 1.17188

-0.0195312 1.10628
-0.0220986 1.11328

-0.0223275 1.11328
-0.0298066 1.13281

-0.0195312 1.1053
-0.0152953 1.09375

-0.029782 1.13281
-0.037612 1.15234

-0.0390625 1.15558
-0.037698 1.15234

-0.0585938 1.20046
-0.0634411 1.21094

-0.045841 1.17188
-0.0544913 1.19141

-0.0585938 1.19996
-0.0546368 1.19141

-0.0635156 1.21094
-0.0729454 1.23047

-0.078125 1.24052
-0.0730334 1.23047

-0.3125 1.58673
-0.31941 1.60156

-0.319429 1.60156
-0.326482 1.62109

-0.326367 1.62109
-0.331565 1.64062

-0.332031 1.64336
-0.335175 1.66016

-0.335115 1.66016
-0.337439 1.67969

-0.332031 1.64324
-0.331541 1.64062

-0.337353 1.67969
-0.338644 1.69922

-0.338565 1.69922
-0.339154 1.71875

-0.339088 1.71875
-0.339266 1.73828

-0.339214 1.73828
-0.339217 1.75781

-0.33918 1.75781
-0.339184 1.77734

-0.339162 1.77734
-0.339286 1.79688

-0.339276 1.79688
-0.339584 1.81641

-0.339584 1.81641
-0.340093 1.83594

-0.340104 1.83594
-0.340791 1.85547

-0.340815 1.85547
-0.34161 1.875

-0.175781 1.39909
-0.180948 1.40625

-0.15625 1.37179
-0.166675 1.38672

-0.175781 1.39908
-0.166745 1.38672

-0.234375 1.4747
-0.241943 1.48438

-0.292969 1.55285
-0.299215 1.5625

-0.273438 1.5248
-0.286437 1.54297

-0.292969 1.55315
-0.286372 1.54297

-0.253906 1.4992
-0.257549 1.50391

-0.257401 1.50391
-0.272292 1.52344

-0.253906 1.49964
-0.241926 1.48438

-0.273438 1.52488
-0.272393 1.52344

-0.195312 1.42507
-0.195854 1.42578

-0.195793 1.42578
-0.210881 1.44531

-0.214844 1.45031
-0.226325 1.46484

-0.234375 1.47498
-0.22643 1.46484

-0.214844 1.45039
-0.210896 1.44531

-0.195312 1.42515
-0.181057 1.40625

-0.117188 1.31151
-0.127406 1.32812

-0.0976562 1.27736
-0.10418 1.28906

-0.0828005 1.25
-0.0932498 1.26953

-0.0976562 1.27713
-0.093418 1.26953

-0.104145 1.28906
-0.115459 1.30859

-0.117188 1.31139
-0.115502 1.30859

-0.136719 1.34254
-0.140003 1.34766

-0.140076 1.34766
-0.153097 1.36719

-0.136719 1.34232
-0.127569 1.32812

-0.15625 1.37181
-0.153133 1.36719

-0.299242 1.5625
-0.310275 1.58203

-0.3125 1.58673
-0.31031 1.58203

-0.341645 1.875
-0.342434 1.89453

-0.342479 1.89453
-0.343105 1.91406

-0.343153 1.91406
-0.343427 1.93359

-0.343468 1.93359
-0.343213 1.95312

-0.343234 1.95312
-0.342325 1.97266

-0.342324 1.97266
-0.340723 1.99219

-0.340699 1.99219
-0.338457 2.01172

-0.338422 2.01172
-0.33566 2.03125

-0.335623 2.03125
-0.332482 2.05078

-0.332433 2.05078
-0.332031 2.05308

-0.332031 2.05329
-0.329059 2.07031

-0.329042 2.07031
-0.325422 2.08984

-0.325417 2.08984
-0.321624 2.10938

-0.321632 2.10938
-0.317658 2.12891

-0.317667 2.12891
-0.313479 2.14844

-0.313463 2.14844
-0.3125 2.15268

-0.3125 2.1528
-0.309057 2.16797

-0.309062 2.16797
-0.304347 2.1875

-0.304347 2.1875
-0.299327 2.20703

-0.299315 2.20703
-0.294014 2.22656

-0.29397 2.22656
-0.292969 2.23009

-0.292969 2.23024
-0.288472 2.24609

-0.288465 2.24609
-0.282702 2.26562

-0.282691 2.26562
-0.276725 2.28516

-0.276652 2.28516
-0.273438 2.29541

-0.273438 2.29584
-0.270663 2.30469

-0.270594 2.30469
-0.264319 2.32422

-0.264313 2.32422
-0.257891 2.34375

-0.257824 2.34375
-0.253906 2.35545

-0.253906 2.35589
-0.251431 2.36328

-0.251346 2.36328
-0.244689 2.38281

-0.244683 2.38281
-0.237909 2.40234

-0.237847 2.40234
-0.234375 2.41221

-0.234375 2.41255
-0.231094 2.42188

-0.231041 2.42188
-0.224072 2.44141

-0.224069 2.44141
-0.216991 2.46094

-0.216931 2.46094
-0.214844 2.46663

-0.214844 2.46682
-0.209844 2.48047

-0.209832 2.48047
-0.202612 2.5

4.22516 0
4.22686 0.0195312

4.22677 0.0195312
4.23203 0.0390625

4.23182 0.0390625
4.23828 0.0524894

4.23828 0.0524944
4.24122 0.0585938

4.24065 0.0585938
4.25576 0.078125

4.25581 0.078125
4.25781 0.0802189

4.25781 0.0804224
4.27734 0.0968262

4.27734 0.0967006
4.27921 0.0976562

4.28051 0.0976562
4.29688 0.106027

4.29688 0.105871
4.31641 0.111347

4.31641 0.111256
4.33594 0.112882

4.33594 0.112887
4.35547 0.110834

4.35547 0.110944
4.375 0.104982

4.41406 0.0774387
4.41345 0.078125

4.44417 0
4.44249 0.0195312

4.44258 0.0195312
4.43735 0.0390625

4.43359 0.0473117
4.42818 0.0585938

4.41406 0.0777784
4.42864 0.0585938

4.43359 0.0473365
4.43756 0.0390625

4.39453 0.0943366
4.38841 0.0976562

4.375 0.105355
4.3892 0.0976562

4.39453 0.0953373
4.41406 0.0782451

-0.202598 2.5
-0.195326 2.51953

-0.195312 2.51958
-0.188026 2.53906

-0.188016 2.53906
-0.180686 2.55859

-0.180627 2.55859
-0.175781 2.57153

-0.175781 2.57193
-0.17346 2.57812

-0.173367 2.57812
-0.166076 2.59766

-0.166072 2.59766
-0.158799 2.61719

-0.158747 2.61719
-0.15625 2.62393

-0.15625 2.62411
-0.151584 2.63672

-0.151567 2.63672
-0.144385 2.65625

-0.144379 2.65625
-0.137247 2.67578

-0.137233 2.67578
-0.136719 2.6772

-0.136719 2.67725
-0.130179 2.69531

-0.130177 2.69531
-0.123168 2.71484

-0.123143 2.71484
-0.117188 2.73162

-0.117188 2.73202
-0.116352 2.73438

-0.116234 2.73438
-0.109382 2.75391

-0.109377 2.75391
-0.102603 2.77344

-0.102571 2.77344
-0.0976562 2.78781

-0.0976562 2.78813
-0.0960028 2.79297

-0.0959261 2.79297
-0.089349 2.8125

-0.0893449 2.8125
-0.0828672 2.83203

-0.0828393 2.83203
-0.078125 2.8465

-0.078125 2.8468
-0.0765727 2.85156

-0.0765038 2.85156
-0.0702582 2.87109

-0.0702544 2.87109
-0.0641272 2.89062

-0.0641168 2.89062
-0.0585938 2.90862

-0.0585938 2.90895
-0.0582233 2.91016

-0.0581327 2.91016
-0.0522704 2.92969

-0.0522685 2.92969
-0.0465355 2.94922

-0.0465348 2.94922
-0.0409364 2.96875

-0.0409159 2.96875
-0.0390625 2.97538

-0.0390625 2.97548
-0.0354854 2.98828

-0.0354769 2.98828
-0.0301566 3.00781

-0.030156 3.00781
-0.0249732 3.02734

-0.0249722 3.02734
-0.0199301 3.04688

-0.0199239 3.04688
-0.0195312 3.04844

-0.0195312 3.04847
-0.0150312 3.06641

-0.0150311 3.06641
-0.0102729 3.08594

-0.0102728 3.08594
-0.00565504 3.10547

-0.00565529 3.10547
-0.00117782 3.125

-0.00116717 3.125
0 3.13026

0 4.56487
-0.000810017 4.57031

-0.000830219 4.57031
-0.00366865 4.58984

-0.00367144 4.58984
-0.00643217 4.60938

-0.00643525 4.60938
-0.0091065 4.62891

-0.00910931 4.62891
-0.0116793 4.64844

-0.0116819 4.64844
-0.0141398 4.66797

-0.0141425 4.66797
-0.0164781 4.6875

-0.0195312 4.71507
-0.0207457 4.72656

-0.0164805 4.6875
-0.0186837 4.70703

-0.0195312 4.715
-0.0186891 4.70703

-0.0207515 4.72656
-0.0226705 4.74609

-0.0226721 4.74609
-0.0244373 4.76562

-0.0244389 4.76562
-0.026044 4.78516

-0.0260456 4.78516
-0.0274845 4.80469

-0.0274858 4.80469
-0.0287526 4.82422

-0.0287534 4.82422
-0.029844 4.84375

-0.0298445 4.84375
-0.0307562 4.86328

-0.0307565 4.86328
-0.0314877 4.88281

-0.0314877 4.88281
-0.0320376 4.90234

-0.032037 4.90234
-0.032407 4.92188

-0.0324065 4.92188
-0.0325986 4.94141

-0.0325984 4.94141
-0.0326142 4.96094

-0.0326136 4.96094
-0.0324546 4.98047

-0.0324536 4.98047
-0.032123 5

0 5.40587
0.000400105 5.41016

0.00041985 5.41016
0.00217504 5.42969

0.00217773 5.42969
0.00385425 5.44922

0.0038568 5.44922
0.00544416 5.46875

0.00544649 5.46875
0.00693495 5.48828

0.00693703 5.48828
0.0083178 5.50781

0.0083196 5.50781
0.0095849 5.52734

0.00958637 5.52734
0.0107297 5.54688

0.0107308 5.54688
0.0117468 5.56641

0.0117477 5.56641
0.0126322 5.58594

0.0126329 5.58594
0.0133831 5.60547

0.0133835 5.60547
0.0139973 5.625

0.0139975 5.625
0.0144739 5.64453

0.0144739 5.64453
0.0148126 5.66406

0.0148124 5.66406
0.0150136 5.68359

0.0150133 5.68359
0.0150779 5.70312

0.0150775 5.70312
0.015007 5.72266

0.0150064 5.72266
0.014803 5.74219

0.0148022 5.74219
0.0144687 5.76172

0.0144676 5.76172
0.014008 5.78125

0.0140067 5.78125
0.0134256 5.80078

0.0134243 5.80078
0.0127269 5.82031

0.0127252 5.82031
0.0119178 5.83984

0.0119159 5.83984
0.0110058 5.85938

0.0110039 5.85938
0.00999836 5.87891

0.009996 5.87891
0.00890353 5.89844

0.00890091 5.89844
0.00773148 5.91797

0.00772887 5.91797
0.00649294 5.9375

0.00648973 5.9375
0.00519895 5.95703

0.00519516 5.95703
0.00386352 5.97656

0.0038601 5.97656
0.002502 5.99609

0.00249828 5.99609
0.001128 6.01562

0 6.03167
0.00112135 6.01562

-0.0321222 5
-0.0316237 5.01953

-0.0316229 5.01953
-0.0309599 5.03906

-0.0309583 5.03906
-0.0301353 5.05859

-0.0301332 5.05859
-0.0291576 5.07812

-0.0291558 5.07812
-0.0280351 5.09766

-0.0280332 5.09766
-0.0267749 5.11719

-0.026772 5.11719
-0.0253858 5.13672

-0.0253824 5.13672
-0.0238808 5.15625

-0.0238783 5.15625
-0.0222731 5.17578

-0.0222702 5.17578
-0.0205724 5.19531

-0.0205599 5.19531
-0.0195312 5.20665

-0.0195312 5.20681
-0.0188025 5.21484

-0.0187943 5.21484
-0.01696 5.23438

-0.016957 5.23438
-0.0150659 5.25391

-0.0150624 5.25391
-0.0131276 5.27344

-0.013124 5.27344
-0.0111598 5.29297

-0.011156 5.29297
-0.00917708 5.3125

-0.00917303 5.3125
-0.00719515 5.33203

-0.00719124 5.33203
-0.00523028 5.35156

-0.00522682 5.35156
-0.00329753 5.37109

0 6.58379
0.000867853 6.60156

0.000871394 6.60156
0.00176313 6.62109

0.00176618 6.62109
0.00258302 6.64062

0.00258572 6.64062
0.00331618 6.66016

0.00331849 6.66016
0.00395256 6.67969

0.00395444 6.67969
0.00448373 6.69922

0.00448514 6.69922
0.00490306 6.71875

0.00490406 6.71875
0.00520577 6.73828

0.00520631 6.73828
0.00538876 6.75781

0.0053888 6.75781
0.00545085 6.77734

0.00545047 6.77734
0.00539279 6.79688

0.00539186 6.79688
0.0052171 6.81641

0.00521564 6.81641
0.00492855 6.83594

0.00492669 6.83594
0.00453391 6.85547

0.00453144 6.85547
0.0040416 6.875

-0.00329413 5.37109
-0.00141024 5.39062

-0.00140159 5.39062
0 5.40563

0.00403864 6.875
0.00346259 6.89453

0.00345933 6.89453
0.00280949 6.91406

0.00280561 6.91406
0.00209625 6.93359

0.00209208 6.93359
0.00133932 6.95312

0.0013353 6.95312
0.000555488 6.97266

0 6.98626
0.000549921 6.97266

0 7.44027
3.10643e-05 7.44141

4.44091e-05 7.44141
0.000533702 7.46094

0.000536362 7.46094
0.000967553 7.48047

0.000969788 7.48047
0.00133309 7.5

0 6.03181
-0.000234172 6.03516

-0.000244243 6.03516
-0.00158955 6.05469

-0.00159298 6.05469
-0.00290723 6.07422

-0.00291092 6.07422
-0.00417987 6.09375

-0.00418363 6.09375
-0.00539237 6.11328

-0.00539612 6.11328
-0.00652962 6.13281

-0.00653326 6.13281
-0.00757677 6.15234

-0.00758017 6.15234
-0.00851962 6.17188

-0.00852264 6.17188
-0.00934519 6.19141

-0.00934777 6.19141
-0.0100423 6.21094

-0.0100443 6.21094
-0.0106015 6.23047

-0.010603 6.23047
-0.0110156 6.25

0.00133481 7.5
0.0016223 7.51953

0.00162346 7.51953
0.00182937 7.53906

0.00182996 7.53906
0.0019508 7.55859

0.0019508 7.55859
0.00198535 7.57812

0.00198476 7.57812
0.0019342 7.59766

0.00193305 7.59766
0.00180086 7.61719

-0.0110166 6.25
-0.0112799 6.26953

-0.0112802 6.26953
-0.0113917 6.28906

-0.0113914 6.28906
-0.0113511 6.30859

-0.0113502 6.30859
-0.0111605 6.32812

-0.0111589 6.32812
-0.010825 6.34766

-0.0108227 6.34766
-0.0103521 6.36719

-0.0103493 6.36719
-0.00975195 6.38672

-0.00974865 6.38672
-0.00903655 6.40625

0.00179907 7.61719
0.00159111 7.63672

0.00158881 7.63672
0.00131328 7.65625

0.00131061 7.65625
0.000977464 7.67578

0.000974252 7.67578
0.000595258 7.69531

0.000591811 7.69531
0.000180285 7.71484

0 7.72289
0.000177232 7.71484

0 8.14419
4.46468e-06 8.14453

1.69636e-05 8.14453
0.000227919 8.16406

0.000229258 8.16406
0.000390446 8.18359

0.00039125 8.18359
0.000498386 8.20312

0.00049865 8.20312
0.000549599 8.22266

0.000549339 8.22266
0.000544094 8.24219

0.000543247 8.24219
0.000484022 8.26172

0.000482737 8.26172
0.000373793 8.28125

0.000372093 8.28125
0.000219401 8.30078

0.000217102 8.30078
2.8662e-05 8.32031

0 8.32282
2.76125e-05 8.32031

-0.00903284 6.40625
-0.00822006 6.42578

-0.00821599 6.42578
-0.0073181 6.44531

-0.00731374 6.44531
-0.00634759 6.46484

-0.0063431 6.46484
-0.0053264 6.48438

-0.00532186 6.48438
-0.00427266 6.50391

-0.00426813 6.50391
-0.00320458 6.52344

0 8.76503
1.36091e-05 8.76953

2.00677e-05 8.76953
3.60112e-05 8.78906

3.56271e-05 8.78906
8.84663e-06 8.80859

0 8.8116
1.02345e-05 8.80859

-0.00320024 6.52344
-0.00214011 6.54297

-0.00213597 6.54297
-0.00109621 6.5625

-0.00109246 6.5625
-8.88532e-05 6.58203

-8.332e-05 6.58203
0 6.58374

0 6.98633
-0.000236736 6.99219

-0.000241724 6.99219
-0.0010245 7.01172

-0.00102848 7.01172
-0.00179047 7.03125

-0.00179444 7.03125
-0.00251974 7.05078

-0.00252355 7.05078
-0.0031966 7.07031

-0.00320014 7.07031
-0.00380625 7.08984

-0.00380939 7.08984
-0.00433521 7.10938

-0.00433782 7.10938
-0.00477187 7.12891

-0.00477386 7.12891
-0.00510696 7.14844

-0.00510825 7.14844
-0.00533384 7.16797

-0.00533438 7.16797
-0.00544878 7.1875

-0.00544857 7.1875
-0.00545115 7.20703

-0.00545017 7.20703
-0.00534329 7.22656

-0.00534156 7.22656
-0.00513067 7.24609

-0.00512828 7.24609
-0.00482159 7.26562

-0.0048186 7.26562
-0.00442688 7.28516

-0.00442343 7.28516
-0.00395954 7.30469

-0.00395577 7.30469
-0.00343414 7.32422

-0.00343011 7.32422
-0.00286635 7.34375

-0.00286224 7.34375
-0.00227263 7.36328

-0.00226862 7.36328
-0.0016694 7.38281

-0.00166543 7.38281
-0.00107253 7.40234

-0.00106881 7.40234
-0.000497633 7.42188

-0.000493937 7.42188
0 7.43987

0 7.72286
-0.000253711 7.73438

-0.000256575 7.73438
-0.000692504 7.75391

-0.000695955 7.75391
-0.00112436 7.77344

-0.00112774 7.77344
-0.00153494 7.79297

-0.00153814 7.79297
-0.00191097 7.8125

-0.00191383 7.8125
-0.00224018 7.83203

-0.00224259 7.83203
-0.00251191 7.85156

-0.00251375 7.85156
-0.00271752 7.87109

-0.0027187 7.87109
-0.0028509 7.89062

-0.00285135 7.89062
-0.00290872 7.91016

-0.00290843 7.91016
-0.00289067 7.92969

-0.00288962 7.92969
-0.00279944 7.94922

-0.00279769 7.94922
-0.00264066 7.96875

-0.00263832 7.96875
-0.00242263 7.98828

-0.00241981 7.98828
-0.00215582 8.00781

-0.00215269 8.00781
-0.0018523 8.02734

-0.00184899 8.02734
-0.00152506 8.04688

-0.00152172 8.04688
-0.00118755 8.06641

-0.00118439 8.06641
-0.000853014 8.08594

-0.000850035 8.08594
-0.000533733 8.10547

-0.000531054 8.10547
-0.000241142 8.125

-0.00023876 8.125
0 8.14334

0 8.3227
-0.000188932 8.33984

-0.00019118 8.33984
-0.000424184 8.35938

-0.000426767 8.35938
-0.000667513 8.37891

-0.000670142 8.37891
-0.000908206 8.39844

-0.000910776 8.39844
-0.00113576 8.41797

-0.00113815 8.41797
-0.00134013 8.4375

-0.00134223 8.4375
-0.00151219 8.45703

-0.0015139 8.45703
-0.00164423 8.47656

-0.00164542 8.47656
-0.00173032 8.49609

-0.00173093 8.49609
-0.00176681 8.51562

-0.00176678 8.51562
-0.00175248 8.53516

-0.00175178 8.53516
-0.00168875 8.55469

-0.00168742 8.55469
-0.00157972 8.57422

-0.00157783 8.57422
-0.0014319 8.59375

-0.00142957 8.59375
-0.00125386 8.61328

-0.00125122 8.61328
-0.00105565 8.63281

-0.00105288 8.63281
-0.000848262 8.65234

-0.000845515 8.65234
-0.000642892 8.67188

-0.000640312 8.67188
-0.000450338 8.69141

-0.000448068 8.69141
-0.000280441 8.71094

-0.000278605 8.71094
-0.000141537 8.73047

-0.000140198 8.73047
-4.00361e-05 8.75

-3.65643e-05 8.75
0 8.76209

0 8.80693
-2.28536e-06 8.80859

0 8.81076
-5.91763e-05 8.82812

-6.0278e-05 8.82812
-0.000161658 8.84766

-0.000163593 8.84766
-0.000292969 8.86719

-0.000295245 8.86719
-0.000444195 8.88672

-0.000446691 8.88672
-0.000605668 8.90625

-0.000608241 8.90625
-0.000767109 8.92578

-0.000769599 8.92578
-0.000918232 8.94531

-0.000920473 8.94531
-0.00104941 8.96484

-0.00105124 8.96484
-0.00115233 8.98438

-0.00115362 8.98438
-0.00122062 9.00391

-0.00122127 9.00391
-0.00125029 9.02344

-0.00125025 9.02344
-0.0012401 9.04297

-0.00123936 9.04297
-0.00119161 9.0625

-0.00119023 9.0625
-0.00110912 9.08203

-0.00110721 9.08203
-0.000999316 9.10156

-0.000997046 9.10156
-0.000870712 9.12109

-0.000868258 9.12109
-0.000732934 9.14062

-0.000730485 9.14062
-0.000595973 9.16016

-0.00059371 9.16016
-0.000469434 9.17969

-0.000467514 9.17969
-0.000361844 9.19922

-0.000360393 9.19922
-0.000280072 9.21875

-0.000279179 9.21875
-0.000228895 9.23828

-0.000228602 9.23828
-0.000210727 9.25781

-0.000211043 9.25781
-0.000225531 9.27734

-0.00022643 9.27734
-0.00027085 9.29688

-0.00027226 9.29688
-0.000341994 9.31641

-0.000343806 9.31641
-0.000432409 9.33594

-0.000434486 9.33594
-0.000534181 9.35547

-0.000536359 9.35547
-0.000638637 9.375

-0.000640741 9.375
-0.000737037 9.39453

-0.000738891 9.39453
-0.000821289 9.41406

-0.00082273 9.41406
-0.00088464 9.43359

-0.000885542 9.43359
-0.000922275 9.45312

-0.000922564 9.45312
-0.000931741 9.47266

-0.000931396 9.47266
-0.000913129 9.49219

-0.000912193 9.49219
-0.000869044 9.51172

-0.000867622 9.51172
-0.000804307 9.53125

-0.000802551 9.53125
-0.000725426 9.55078

-0.000723516 9.55078
-0.000639912 9.57031

-0.00063803 9.57031
-0.000555532 9.58984

-0.00055385 9.58984
-0.000479587 9.60938

-0.000478247 9.60938
-0.000418261 9.62891

7.15837 0
7.16025 0.0195312

7.16014 0.0195312
7.16602 0.0390625

7.16568 0.0390625
7.16797 0.0434136

7.16797 0.0431721
7.17648 0.0585938

7.17632 0.0585938
7.1875 0.0720869

7.1875 0.0720367
7.19389 0.078125

7.19373 0.078125
7.20703 0.0886411

7.20703 0.0884142
7.22532 0.0976562

7.22656 0.0979018
7.24609 0.103003

7.24609 0.102951
7.26562 0.104114

7.34375 0.0636211
7.33028 0.078125

7.26562 0.104123
7.28516 0.101432

7.30469 0.0948642
7.29662 0.0976562

7.28516 0.10146
7.29614 0.0976562

7.30469 0.0953453
7.32422 0.0831693

7.32422 0.0828333
7.32981 0.078125

7.36328 0.0212378
7.35787 0.0390625

7.36558 0
7.36368 0.0195312

7.36328 0.0210389
7.36374 0.0195312

7.35817 0.0390625
7.34738 0.0585938

7.34375 0.0636714
7.34755 0.0585938

-0.000417368 9.62891
-0.000376126 9.64844

-0.000375735 9.64844
-0.000355804 9.66797

-0.000355929 9.66797
-0.00035784 9.6875

-0.000358452 9.6875
-0.000380732 9.70703

-0.00038176 9.70703
-0.00042113 9.72656

-0.000422468 9.72656
-0.000474195 9.74609

-0.000475711 9.74609
-0.000534086 9.76562

-0.000535636 9.76562
-0.000594528 9.78516

-0.000595963 9.78516
-0.000649402 9.80469

-0.000650587 9.80469
-0.000693333 9.82422

-0.000694155 9.82422
-0.000722194 9.84375

-0.00072258 9.84375
-0.000733495 9.86328

-0.000733413 9.86328
-0.000726597 9.88281

-0.000726062 9.88281
-0.000702751 9.90234

-0.000701827 9.90234
-0.000664937 9.92188

-0.000663732 9.92188
-0.000617521 9.94141

-0.00061617 9.94141
-0.000565751 9.96094

-0.000564402 9.96094
-0.000515174 9.98047

-0.000513974 9.98047
-0.000471037 10

-0.000470112 10
-0.000437716 10.0195

-0.000437163 10.0195
-0.000418262 10.0391

-0.000418136 10.0391
-0.000414089 10.0586

-0.0004144 10.0586
-0.000424836 10.0781

-0.000425548 10.0781
-0.000448418 10.0977

-0.000449444 10.0977
-0.00048127 10.1172

-0.000482486 10.1172
-0.000518782 10.1367

-0.000520034 10.1367
-0.000555866 10.1562

-0.000556993 10.1562
-0.000587603 10.1758

-0.000588456 10.1758
-0.000609884 10.1953

-0.00061035 10.1953
-0.000619959 10.2148

-0.000619981 10.2148
-0.000616793 10.2344

-0.000616377 10.2344
-0.000601181 10.2539

-0.000600397 10.2539
-0.000575597 10.2734

-0.000574568 10.2734
-0.000543794 10.293

-0.000542674 10.293
-0.000510224 10.3125

-0.000509177 10.3125
-0.000479385 10.332

-0.000478557 10.332
-0.000455172 10.3516

-0.000454675 10.3516
-0.000440347 10.3711

-0.000440236 10.3711
-0.000436183 10.3906

-0.00043646 10.3906
-0.000442348 10.4102

-0.000442958 10.4102
-0.000457012 10.4297

-0.000457852 10.4297
-0.000477176 10.4492

-0.000478109 10.4492
-0.000499158 10.4688

-0.000500038 10.4688
-0.000519188 10.4883

-0.000519877 10.4883
-0.000533992 10.5078

-0.000534386 10.5078
-0.0005413 10.5273

-0.000541348 10.5273
-0.000540176 10.5469

-0.000539884 10.5469
-0.000531114 10.5664

-0.00053055 10.5664
-0.000515892 10.5859

-0.000515166 10.5859
-0.0004972 10.6055

-0.000496449 10.6055
-0.000478128 10.625

-0.000477482 10.625
-0.000461598 10.6445

-0.000461161 10.6445
-0.00044988 10.6641

-0.00044971 10.6641
-0.000444246 10.6836

-0.000444355 10.6836
-0.000444829 10.7031

-0.000445181 10.7031
-0.000450668 10.7227

-0.000451185 10.7227
-0.000459948 10.7422

-0.000460524 10.7422
-0.000470377 10.7617

-0.000470902 10.7617
-0.000479645 10.7812

-0.000480025 10.7812
-0.00048585 10.8008

-0.000486026 10.8008
-0.000487822 10.8203

-0.000487775 10.8203
-0.000485288 10.8398

-0.000485044 10.8398
-0.000478856 10.8594

-0.00047848 10.8594
-0.000469832 10.8789

-0.00046941 10.8789
-0.0004599 10.8984

-0.000459518 10.8984
-0.000450754 10.918

-0.000450487 10.918
-0.000443765 10.9375

-0.000443657 10.9375
-0.000439729 10.957

-0.000439785 10.957
-0.000438757 10.9766

-0.000438948 10.9766
-0.000440329 10.9961

-0.000440603 10.9961
-0.000443465 11.0156

-0.000443761 11.0156
-0.000446965 11.0352

-0.000447218 11.0352
-0.000449667 11.0547

-0.00044982 11.0547
-0.000450699 11.0742

-0.000450722 11.0742
-0.00044968 11.0938

-0.000449583 11.0938
-0.000446765 11.1133

-0.000446589 11.1133
-0.000442542 11.1328

-0.000442338 11.1328
-0.000437822 11.1523

-0.000437639 11.1523
-0.000433428 11.1719

-0.000433308 11.1719
-0.000430006 11.1914

-0.00042997 11.1914
-0.000427891 11.2109

-0.000427937 11.2109
-0.000427056 11.2305

-0.000427163 11.2305
-0.000427174 11.25

-0.000427305 11.25
-0.000427735 11.2695

-0.000427854 11.2695
-0.0004282 11.2891

-0.000428281 11.2891
-0.000428144 11.3086

-0.000428172 11.3086
-0.000427334 11.3281

-0.000427311 11.3281
-0.000425762 11.3477

-0.000425701 11.3477
-0.00042361 11.3672

-0.000423533 11.3672
-0.000421176 11.3867

-0.000421109 11.3867
-0.000418773 11.4062

-0.000418738 11.4062
-0.000416626 11.4258

-0.000416619 11.4258
-0.000414815 11.4453

-0.000414833 11.4453
-0.000413314 11.4648

-0.000413351 11.4648
-0.000412007 11.4844

-0.000412043 11.4844
-0.000410728 11.5039

-0.000410728 11.5039
-0.000409373 11.5234

-0.000409364 11.5234
-0.000407986 11.543

-0.000407982 11.543
-0.000406607 11.5625

-0.000406607 11.5625
-0.000405242 11.582

-0.000405243 11.582
-0.000403884 11.6016

-0.000403886 11.6016
-0.000402525 11.6211

-0.000402525 11.6211
-0.000401159 11.6406

-0.000401162 11.6406
-0.000398412 11.6797

-0.000398416 11.6797
-0.000397029 11.6992

-0.000397027 11.6992
-0.000395622 11.7188

-0.000395614 11.7188
-0.000392805 11.7578

-0.000392793 11.7578
-0.000391397 11.7773

-0.000391403 11.7773
-0.000390025 11.7969

-0.000389999 11.7969
-0.000387352 11.8359

-0.000387377 11.8359
-0.00038611 11.8555

-0.000386107 11.8555
-0.000384848 11.875

-0.000384846 11.875
-0.000383605 11.8945

-0.000383603 11.8945
-0.00038239 11.9141

-0.000382394 11.9141
-0.000381203 11.9336

-0.000381201 11.9336
-0.000380027 11.9531

-0.000380028 11.9531
-0.00037887 11.9727

-0.000378873 11.9727
-0.000377725 11.9922

-0.000377731 11.9922
-0.000376574 12.0117

-0.000376573 12.0117
-0.000375394 12.0312

-0.000375378 12.0312
-0.000373045 12.0703

-0.000373051 12.0703
-0.000371901 12.0898

-0.0003719 12.0898
-0.000370756 12.1094

-0.000370758 12.1094
-0.000369622 12.1289

-0.00036962 12.1289
-0.00036849 12.1484

9.4441 0
9.4455 0.0195312

9.44561 0.0195312
9.44961 0.0390625

9.44865 0.0390625
9.45312 0.0502718

9.45312 0.0488875
9.457 0.0585938

9.45527 0.0585938
9.47114 0.078125

9.46985 0.078125
9.47266 0.0806418

9.47266 0.0793211
9.49219 0.0918733

9.49219 0.0906779
9.51172 0.0959852

9.51172 0.0957188
9.53125 0.0967048

9.58984 0.0743961
9.58436 0.078125

9.60938 0.0512546
9.60494 0.0585938

9.58984 0.0741535
9.60484 0.0585938

9.53125 0.0967873
9.55078 0.0938197

9.55078 0.093994
9.57031 0.0865594

9.57031 0.0866596
9.58328 0.078125

9.62344 0
9.62163 0.0195312

9.6219 0.0195312
9.61594 0.0390625

9.60938 0.0507806
9.61631 0.0390625

-0.000368492 12.1484
-0.000367371 12.168

-0.000367376 12.168
-0.000366251 12.1875

-0.000366249 12.1875
-0.000365116 12.207

-0.000365117 12.207
-0.000363978 12.2266

-0.000363969 12.2266
-0.000362838 12.2461

-0.000362839 12.2461
-0.000361733 12.2656

-0.000361735 12.2656
-0.000359556 12.3047

-0.000359559 12.3047
-0.000357417 12.3438

-0.000357428 12.3438
-0.000355295 12.3828

-0.000355298 12.3828
-0.000354224 12.4023

-0.00035422 12.4023
-0.00035314 12.4219

-0.000353141 12.4219
-0.000352061 12.4414

-0.000352063 12.4414
-0.000350978 12.4609

-0.000350956 12.4609
-0.000348854 12.5

-0.000348853 12.5
-0.00034686 12.5391

-0.000346872 12.5391
-0.000345915 12.5586

-0.000345908 12.5586
-0.000344981 12.5781

-0.000345005 12.5781
-0.000344074 12.5977

-0.000344069 12.5977
-0.000343094 12.6172

-0.000343091 12.6172
-0.000342086 12.6367

-0.000342082 12.6367
-0.000341063 12.6562

-0.000341063 12.6562
-0.000340038 12.6758

-0.000340043 12.6758
-0.000339 12.6953

-0.000338986 12.6953
-0.000337942 12.7148

-0.000337946 12.7148
-0.000336922 12.7344

-0.000336914 12.7344
-0.000334918 12.7734

-0.00033492 12.7734
-0.000332997 12.8125

-0.000333012 12.8125
-0.000332073 12.832

-0.000332072 12.832
-0.000331125 12.8516

-0.000331121 12.8516
-0.000330178 12.8711

-0.000330179 12.8711
-0.000329246 12.8906

-0.000329242 12.8906
-0.000327405 12.9297

-0.000327411 12.9297
-0.000326506 12.9492

-0.000326505 12.9492
-0.000325604 12.9688

-0.00032561 12.9688
-0.000324704 12.9883

-0.0003247 12.9883
-0.000323783 13.0078

-0.000323791 13.0078
-0.000322859 13.0273

-0.000322851 13.0273
-0.000321902 13.0469

-0.00032189 13.0469
-0.000320965 13.0664

-0.000320976 13.0664
-0.000320075 13.0859

-0.000320072 13.0859
-0.000319179 13.1055

-0.000319185 13.1055
-0.000318296 13.125

-0.000318299 13.125
-0.000317393 13.1445

-0.000317389 13.1445
-0.000316468 13.1641

-0.00031646 13.1641
-0.000314637 13.2031

-0.000314646 13.2031
-0.000313743 13.2227

-0.000313745 13.2227
-0.000312826 13.2422

-0.000312826 13.2422
-0.000311888 13.2617

-0.000311883 13.2617
-0.000310934 13.2812

-0.000310934 13.2812
-0.000309986 13.3008

-0.000309987 13.3008
-0.000309038 13.3203

-0.000309034 13.3203
-0.000308088 13.3398

-0.000308088 13.3398
-0.000307151 13.3594

-0.000307154 13.3594
-0.000306221 13.3789

-0.000306223 13.3789
-0.000305285 13.3984

-0.000305284 13.3984
-0.00030434 13.418

-0.000304341 13.418
-0.00030339 13.4375

-0.000303374 13.4375
-0.000301523 13.4766

-0.000301512 13.4766
-0.000299762 13.5156

-0.000299789 13.5156
-0.000298106 13.5547

-0.000298121 13.5547
-0.000297279 13.5742

-0.000297273 13.5742
-0.000296415 13.5938

-0.000296416 13.5938
-0.000295551 13.6133

-0.000295556 13.6133
-0.000294673 13.6328

-0.000294674 13.6328
-0.000293761 13.6523

-0.000293764 13.6523
-0.000292813 13.6719

-0.00029281 13.6719
-0.000291822 13.6914

-0.000291812 13.6914
-0.000290811 13.7109

-0.000290807 13.7109
-0.000289823 13.7305

-0.000289824 13.7305
-0.000288862 13.75

-0.00028886 13.75
-0.000287923 13.7695

-0.000287937 13.7695
-0.000287001 13.7891

-0.000286996 13.7891
-0.000286041 13.8086

-0.000286042 13.8086
-0.000285079 13.8281

-0.00028508 13.8281
-0.000283127 13.8672

-0.000283086 13.8672
-0.000281179 13.9062

-0.000281205 13.9062
-0.000280293 13.9258

-0.000280289 13.9258
-0.000279373 13.9453

-0.000279372 13.9453
-0.00027846 13.9648

-0.000278461 13.9648
-0.000277551 13.9844

-0.000277538 13.9844
-0.000275764 14.0234

-0.000275778 14.0234
-0.000274049 14.0625

-0.000274044 14.0625
-0.000272343 14.1016

-0.000272334 14.1016
-0.000270689 14.1406

-0.000270702 14.1406
-0.000269903 14.1602

-0.000269902 14.1602
-0.000269103 14.1797

-0.000269104 14.1797
-0.000268303 14.1992

-0.000268303 14.1992
-0.000267497 14.2188

-0.0002675 14.2188
-0.000266683 14.2383

-0.000266683 14.2383
-0.000265849 14.2578

-0.000265855 14.2578
-0.000264993 14.2773

-0.000264991 14.2773
-0.000264096 14.2969

-0.00026409 14.2969
-0.000263179 14.3164

-0.000263175 14.3164
-0.000262267 14.3359

-0.000262269 14.3359
-0.000261366 14.3555

-0.000261369 14.3555
-0.000260462 14.375

-0.000260461 14.375
-0.000259546 14.3945

-0.000259546 14.3945
-0.000258626 14.4141

-0.000258624 14.4141
-0.000257704 14.4336

-0.0002577 14.4336
-0.000256792 14.4531

-0.000256788 14.4531
-0.00025591 14.4727

-0.000255913 14.4727
-0.000255068 14.4922

-0.000255075 14.4922
-0.000254243 14.5117

-0.000254247 14.5117
-0.000253409 14.5312

-0.000253393 14.5312
-0.000252575 14.5508

-0.000252579 14.5508
-0.000251804 14.5703

-0.00025179 14.5703
-0.000250359 14.6094

-0.000250387 14.6094
-0.000249726 14.6289

-0.000249715 14.6289
-0.000249071 14.6484

-0.000249074 14.6484
-0.000248464 14.668

-0.00024847 14.668
-0.000247878 14.6875

-0.000247875 14.6875
-0.000247294 14.707

-0.0002473 14.707
-0.000246723 14.7266

-0.000246728 14.7266
-0.000246134 14.7461

-0.000246131 14.7461
-0.000245517 14.7656

-0.000245509 14.7656
-0.000244282 14.8047

-0.000244283 14.8047
-0.000243064 14.8438

-0.00024307 14.8438
-0.000242461 14.8633

-0.000242463 14.8633
-0.00024184 14.8828

-0.000241804 14.8828
-0.000240669 14.9219

-0.000240685 14.9219
-0.000239691 14.9609

-0.000239704 14.9609
-0.000239246 14.9805

-0.000239248 14.9805
-0.000238801 15

-0.000238802 15
-0.000238359 15.0195

-0.00023836 15.0195
-0.000237917 15.0391

-0.000237909 15.0391
-0.000237477 15.0586

-0.000237479 15.0586
-0.00023707 15.0781

-0.000237069 15.0781
-0.000236297 15.1172

-0.000236311 15.1172
-0.000235943 15.1367

-0.00023594 15.1367
-0.000235567 15.1562

-0.000235571 15.1562
-0.000235191 15.1758

-0.000235194 15.1758
-0.000234792 15.1953

-0.00023479 15.1953
-0.000234362 15.2148

-0.000234356 15.2148
-0.000233918 15.2344

-0.000233919 15.2344
-0.000233479 15.2539

-0.000233482 15.2539
-0.000233034 15.2734

-0.000233017 15.2734
-0.000232167 15.3125

-0.000232193 15.3125
-0.000231787 15.332

-0.000231778 15.332
-0.000231357 15.3516

-0.000231361 15.3516
-0.000230933 15.3711

-0.000230934 15.3711
-0.00023049 15.3906

-0.000230491 15.3906
-0.000230026 15.4102

-0.000230024 15.4102
-0.000229538 15.4297

-0.000229537 15.4297
-0.000229038 15.4492

-0.000229039 15.4492
-0.000228525 15.4688

-0.000228504 15.4688
-0.000227528 15.5078

-0.000227546 15.5078
-0.000227086 15.5273

-0.00022708 15.5273
-0.000226623 15.5469

-0.000226635 15.5469
-0.000226169 15.5664

-0.000226165 15.5664
-0.000225673 15.5859

-0.000225664 15.5859
-0.000224676 15.625

-0.000224678 15.625
-0.000224186 15.6445

-0.000224191 15.6445
-0.000223689 15.6641

-0.000223685 15.6641
-0.000223172 15.6836

-0.000223175 15.6836
-0.000222653 15.7031

-0.000222656 15.7031
-0.000222114 15.7227

-0.000222112 15.7227
-0.000221547 15.7422

-0.000221543 15.7422
-0.000220968 15.7617

-0.000220973 15.7617
-0.000220385 15.7812

-0.000220365 15.7812
-0.000219226 15.8203

-0.000219194 15.8203
-0.000218186 15.8594

-0.000218211 15.8594
-0.000217775 15.8789

-0.000217769 15.8789
-0.000217366 15.8984

-0.000217381 15.8984
-0.000216991 15.918

-0.000216986 15.918
-0.000216591 15.9375

-0.000216598 15.9375
-0.000216196 15.957

-0.000216201 15.957
-0.000215768 15.9766

-0.00021576 15.9766
-0.000215299 15.9961

-0.000215301 15.9961
-0.000214827 16.0156

-0.00021483 16.0156
-0.000214334 16.0352

-0.000214338 16.0352
-0.000213804 16.0547

-0.000213781 16.0547
-0.000212713 16.0938

-0.000212719 16.0938
-0.000212191 16.1133

-0.00021219 16.1133
-0.000211661 16.1328

-0.000211651 16.1328
-0.000210633 16.1719

-0.000210639 16.1719
-0.000210152 16.1914

-0.000210151 16.1914
-0.000209677 16.2109

-0.000209681 16.2109
-0.000209215 16.2305

-0.000209215 16.2305
-0.00020875 16.25

-0.000208751 16.25
-0.000208286 16.2695

-0.000208286 16.2695
-0.000207819 16.2891

-0.00020782 16.2891
-0.000207346 16.3086

-0.000207343 16.3086
-0.000206867 16.3281

-0.000206867 16.3281
-0.000206397 16.3477

-0.0002064 16.3477
-0.00020593 16.3672

-0.00020593 16.3672
-0.000205457 16.3867

-0.000205454 16.3867
-0.000204986 16.4062

-0.000204985 16.4062
-0.000204526 16.4258

-0.000204528 16.4258
-0.000204075 16.4453

-0.000204065 16.4453
-0.000203201 16.4844

-0.000203204 16.4844
-0.000202399 16.5234

-0.000202399 16.5234
-0.000202018 16.543

-0.000202025 16.543
-0.000201651 16.5625

-0.000201652 16.5625
-0.000201268 16.582

-0.000201263 16.582
-0.000200874 16.6016

-0.000200873 16.6016
-0.00020049 16.6211

-0.000200493 16.6211
-0.000200113 16.6406

-0.00020011 16.6406
-0.000199734 16.6602

-0.000199735 16.6602
-0.000199364 16.6797

-0.000199358 16.6797
-0.000198643 16.7188

-0.000198638 16.7188
-0.000197972 16.7578

-0.000197976 16.7578
-0.00019736 16.7969

-0.000197369 16.7969
-0.000197075 16.8164

-0.000197071 16.8164
-0.000196783 16.8359

-0.000196785 16.8359
-0.000196507 16.8555

-0.000196505 16.8555
-0.000196236 16.875

-0.000196242 16.875
-0.000195975 16.8945

-0.000195976 16.8945
-0.000195695 16.9141

-0.000195687 16.9141
-0.000195129 16.9531

-0.000195099 16.9531
-0.000194616 16.9922

-0.000194646 16.9922
-0.000194446 17.0117

-0.000194442 17.0117
-0.000194232 17.0312

-0.000194231 17.0312
-0.000194021 17.0508

-0.000194021 17.0508
-0.000193816 17.0703

-0.000193818 17.0703
-0.000193614 17.0898

-0.000193611 17.0898
-0.000193408 17.1094

-0.000193406 17.1094
-0.000193215 17.1289

-0.000193217 17.1289
-0.000193038 17.1484

-0.000193036 17.1484
-0.000192867 17.168

-0.000192871 17.168
-0.000192709 17.1875

-0.000192709 17.1875
-0.000192387 17.2266

-0.000192392 17.2266
-0.000192231 17.2461

-0.000192232 17.2461
-0.000192059 17.2656

-0.000192045 17.2656
-0.000191887 17.2852

-0.000191887 17.2852
-0.000191771 17.3047

-0.000191789 17.3047
-0.000191574 17.3438

-0.00019157 17.3438
-0.000191366 17.3828

-0.000191355 17.3828
-0.000191264 17.4023

-0.000191278 17.4023
-0.000191192 17.4219

-0.000191185 17.4219
-0.00019109 17.4414

-0.000191094 17.4414
-0.000190996 17.4609

-0.000190994 17.4609
-0.000190887 17.4805

-0.000190886 17.4805
-0.000190775 17.5

-0.000190776 17.5
-0.000190662 17.5195

-0.000190661 17.5195
-0.000190541 17.5391

-0.000190543 17.5391
-0.000190415 17.5586

-0.000190418 17.5586
-0.000190274 17.5781

-0.000190266 17.5781
-0.000189967 17.6172

-0.000189959 17.6172
-0.00018967 17.6562

-0.000189676 17.6562
-0.000189539 17.6758

-0.000189537 17.6758
-0.000189402 17.6953

-0.000189408 17.6953
-0.000189266 17.7148

-0.000189265 17.7148
-0.000189107 17.7344

-0.000189105 17.7344
-0.00018877 17.7734

-0.000188756 17.7734
-0.000188427 17.8125

-0.00018845 17.8125
-0.00018829 17.832

-0.000188288 17.832
-0.000188087 17.8516

-0.000188074 17.8516
-0.000187645 17.8906

-0.000187653 17.8906
-0.000187428 17.9102

-0.000187434 17.9102
-0.000187172 17.9297

-0.000187154 17.9297
-0.000186876 17.9492

-0.000186882 17.9492
-0.000186611 17.9688

-0.000186567 17.9688
-0.000186189 18.0078

-0.000186252 18.0078
-0.000185997 18.0469

-0.000185962 18.0469
-0.000185775 18.0859

-0.000185803 18.0859
-0.000185754 18.1055

-0.000185751 18.1055
-0.000185696 18.125

-0.000185704 18.125
-0.000185634 18.1445

-0.000185636 18.1445
-0.000185533 18.1641

-0.000185529 18.1641
-0.000185396 18.1836

-0.000185397 18.1836
-0.000185239 18.2031

-0.000185236 18.2031
-0.000185057 18.2227

-0.000185055 18.2227
-0.000184864 18.2422

-0.000184856 18.2422
-0.000184492 18.2812

-0.000184488 18.2812
-0.000184165 18.3203

-0.000184138 18.3203
-0.000183915 18.3594

-0.000183957 18.3594
-0.00018389 18.3789

-0.000183883 18.3789
-0.00018379 18.3984

-0.00018379 18.3984
-0.000183684 18.418

-0.000183674 18.418
-0.000183576 18.4375

-0.000183573 18.4375
-0.000183512 18.457

-0.000183512 18.457
-0.000183491 18.4766

-0.000183495 18.4766
-0.000183505 18.4961

-0.000183498 18.4961
-0.000183546 18.5156

-0.000183559 18.5156
-0.000183632 18.5352

-0.000183633 18.5352
-0.000183704 18.5547

-0.000183699 18.5547
-0.000183775 18.5742

-0.000183776 18.5742
-0.000183868 18.5938

-0.000183872 18.5938
-0.000183972 18.6133

-0.000183971 18.6133
-0.000184075 18.6328

-0.00018407 18.6328
-0.000184191 18.6523

-0.000184196 18.6523
-0.00018433 18.6719

-0.00018433 18.6719
-0.000184465 18.6914

-0.000184469 18.6914
-0.000184599 18.7109

-0.000184597 18.7109
-0.000184717 18.7305

-0.000184722 18.7305
-0.000184828 18.75

-0.000184804 18.75
-0.000185067 18.7891

-0.000185088 18.7891
-0.000185396 18.8281

-0.000185369 18.8281
-0.000185737 18.8672

-0.000185764 18.8672
-0.000185982 18.8867

-0.000185982 18.8867
-0.000186179 18.9062

-0.000186172 18.9062
-0.00018636 18.9258

-0.000186359 18.9258
-0.000186552 18.9453

-0.000186559 18.9453
-0.000186743 18.9648

-0.00018674 18.9648
-0.000186907 18.9844

-0.000186912 18.9844
-0.000187056 19.0039

-0.000187059 19.0039
-0.000187162 19.0234

-0.000187141 19.0234
-0.000187344 19.0625

-0.000187356 19.0625
-0.00018746 19.082

-0.000187458 19.082
-0.000187547 19.1016

-0.000187543 19.1016
-0.000187631 19.1211

-0.00018763 19.1211
-0.000187728 19.1406

-0.000187736 19.1406
-0.000187828 19.1602

-0.000187827 19.1602
-0.000187899 19.1797

-0.000187902 19.1797
-0.000187951 19.1992

-0.00018795 19.1992
-0.000187972 19.2188

-0.000187968 19.2188
-0.000187973 19.2383

-0.000187974 19.2383
-0.000187969 19.2578

-0.000187959 19.2578
-0.000187966 19.2969

-0.00018796 19.2969
-0.00018801 19.3359

-0.000188001 19.3359
-0.000188123 19.375

-0.00018815 19.375
-0.000188236 19.3945

-0.000188235 19.3945
-0.000188294 19.4141

-0.00018829 19.4141
-0.000188331 19.4336

-0.000188331 19.4336
-0.000188364 19.4531

-0.000188362 19.4531
-0.000188392 19.4727

-0.000188391 19.4727
-0.000188424 19.4922

-0.000188417 19.4922
-0.000188522 19.5312

-0.000188532 19.5312
-0.000188604 19.5508

-0.000188601 19.5508
-0.00018868 19.5703

-0.000188689 19.5703
-0.000188764 19.5898

-0.000188764 19.5898
-0.000188814 19.6094

-0.000188815 19.6094
-0.000188841 19.6289

-0.000188843 19.6289
-0.000188839 19.6484

-0.00018883 19.6484
-0.000188811 19.668

-0.000188813 19.668
-0.000188794 19.6875

-0.000188792 19.6875
-0.000188772 19.707

-0.000188773 19.707
-0.000188756 19.7266

-0.000188756 19.7266
-0.000188728 19.7656

-0.000188701 19.7656
-0.000188736 19.8047

-0.000188757 19.8047
-0.000188813 19.8242

-0.000188811 19.8242
-0.000188867 19.8438

-0.000188867 19.8438
-0.000188925 19.8633

-0.00018893 19.8633
-0.000188982 19.8828

-0.000188982 19.8828
-0.000189015 19.9023

-0.000189018 19.9023
-0.000189023 19.9219

-0.000189011 19.9219
-0.000189006 19.9414

-0.00018901 19.9414
-0.000189011 19.9609

-0.000189011 19.9609
-0.000189012 19.9805

-0.000189012 19.9805
-0.000189012 20

0.108762 0
0.108692 0.0195312

0.108662 0.0195312
0.108513 0.0390625

0.108491 0.0390625
0.108365 0.0585938

0.108364 0.0585938
0.108307 0.078125

0.108312 0.078125
0.108316 0.0976562

0.108324 0.0976562
0.108363 0.117188

0.108371 0.117188
0.108413 0.136719

0.108375 0.136719
0.10848 0.15625

0.108444 0.15625
0.108758 0.175781

0.108785 0.175781
0.109325 0.195312

0.109386 0.195312
0.109978 0.214844

0.110027 0.214844
0.110449 0.234375

0.11045 0.234375
0.110601 0.253906

0.110558 0.253906
0.11052 0.273438

0.110484 0.273438
0.110413 0.292969

0.110389 0.292969
0.110404 0.3125

0.110363 0.3125
0.110591 0.332031

0.110555 0.332031
0.111153 0.351562

0.111196 0.351562
0.112151 0.371094

0.112275 0.371094
0.113254 0.390625

0.113409 0.390625
0.113856 0.410156

0.113964 0.410156
0.113353 0.429688

0.113343 0.429688
0.111477 0.449219

0.11134 0.449219
0.108514 0.46875

0.108384 0.46875
0.105131 0.488281

0.105085 0.488281
0.101758 0.507812

0.0976562 0.530987
0.0942893 0.546875

0.101863 0.507812
0.0983442 0.527344

0.0976562 0.531604
0.0985591 0.527344

0.0940449 0.546875
0.0896056 0.566406

0.0892263 0.566406
0.085787 0.585938

0.0858512 0.585938
0.0840421 0.605469

0.0842916 0.605469
0.0834853 0.625

0.553208 0
0.554496 0.0195312

0.55444 0.0195312
0.558415 0.0390625

0.558341 0.0390625
0.565264 0.0585938

0.56518 0.0585938
0.566406 0.0609361

0.566406 0.061037
0.575414 0.078125

0.575642 0.078125
0.585938 0.092131

0.585938 0.0948971
0.588049 0.0976562

0.589651 0.0976562
0.605469 0.11366

0.605469 0.114223
0.609345 0.117188

0.610007 0.117188
0.625 0.12807

0.078125 0.698603
0.0775339 0.703125

0.0775664 0.703125
0.0744154 0.722656

0.0743431 0.722656
0.0708447 0.742188

0.0707864 0.742188
0.0672019 0.761719

0.0671866 0.761719
0.0636632 0.78125

0.0836727 0.625
0.0829956 0.644531

0.0830935 0.644531
0.0819749 0.664062

0.0820064 0.664062
0.0801872 0.683594

0.078125 0.699431
0.0801951 0.683594

0.0585938 0.810175
0.0567583 0.820312

0.0636852 0.78125
0.0602096 0.800781

0.0585938 0.809548
0.0601811 0.800781

0.0567238 0.820312
0.0530259 0.839844

0.0530313 0.839844
0.0491246 0.859375

0.0390625 0.906247
0.0363587 0.917969

0.0362138 0.917969
0.0314749 0.9375

0.0491173 0.859375
0.0450055 0.878906

0.0450044 0.878906
0.0407042 0.898438

0.0390625 0.904399
0.0404376 0.898438

0.0314686 0.9375
0.0264978 0.957031

0.0264929 0.957031
0.0213124 0.976562

0.0195312 0.983422
0.0160329 0.996094

0.0159431 0.996094
0.0102931 1.01562

0.0195312 0.982216
0.021092 0.976562

0.0102959 1.01562
0.00434855 1.03516

0 1.04826
0.00417032 1.03516

0.625 0.127853
0.643662 0.136719

0.643797 0.136719
0.644531 0.137062

0.644531 0.136943
0.664062 0.142314

0.664062 0.142295
0.683594 0.144169

0.683594 0.144181
0.703125 0.142571

0.703125 0.14274
0.722656 0.137283

0.742188 0.127349
0.724369 0.136719

0.722656 0.137297
0.723821 0.136719

0.761719 0.110587
0.754903 0.117188

0.78125 0.082652
0.772369 0.0976562

0.761719 0.110294
0.772241 0.0976562

0.742188 0.127573
0.755107 0.117188

0.799361 0
0.798495 0.0195312

0.798598 0.0195312
0.795793 0.0390625

0.795844 0.0390625
0.790793 0.0585938

0.790885 0.0585938
0.783299 0.078125

0.78125 0.0827489
0.783851 0.078125

1.87598 0
1.87802 0.0195312

1.87793 0.0195312
1.88422 0.0390625

1.88417 0.0390625
1.89453 0.057799

1.89446 0.0585938
1.89453 0.0586932

1.89453 0.0585302
1.89457 0.0585938

1.89453 0.0586567
1.91086 0.078125

1.91098 0.078125
1.91406 0.0811532

1.91406 0.0811268
1.93359 0.0971701

1.93539 0.0976562
1.95312 0.107908

1.95312 0.107602
1.97266 0.115853

1.97266 0.116124
1.97603 0.117188

1.9776 0.117188
1.99219 0.12179

1.99219 0.121741
2.01172 0.126362

2.01172 0.126245
2.03125 0.129866

2.03125 0.129839
2.05078 0.132749

2.05078 0.13283
2.07031 0.134919

2.07031 0.134983
2.08984 0.135962

2.08984 0.135997
2.10938 0.135666

2.08984 0.136748
2.09159 0.136719

2.10938 0.135638
2.12891 0.13398

2.10938 0.136729
2.1095 0.136719

2.12891 0.134006
2.14844 0.131026

2.14844 0.131095
2.16797 0.126606

2.16797 0.126717
2.1875 0.120356

2.26562 0.0581773
2.26543 0.0585938

2.26562 0.0587478
2.2513 0.078125

2.20703 0.11174
2.1949 0.117188

2.20703 0.11201
2.22656 0.0999919

2.1875 0.120524
2.19493 0.117188

2.24609 0.0836358
2.23011 0.0976562

2.22656 0.0999083
2.2296 0.0976562

2.24609 0.0836207
2.25123 0.078125

2.28101 0
2.27934 0.0195312

2.27938 0.0195312
2.27427 0.0390625

2.26562 0.0580547
2.27453 0.0390625

2.26562 0.058769
2.26573 0.0585938

