0 3.27115
0.00230642 3.28125

0.00231917 3.28125
0.00664532 3.30078

0.00664582 3.30078
0.0108351 3.32031

0.0108358 3.32031
0.0148857 3.33984

0.0148858 3.33984
0.0187945 3.35938

0.0188027 3.35938
0.0195312 3.36315

0.0195312 3.3632
0.022559 3.37891

0.0225604 3.37891
0.0261815 3.39844

0.0261814 3.39844
0.0296593 3.41797

0.0296593 3.41797
0.0329944 3.4375

0.0329941 3.4375
0.0361871 3.45703

0.0361873 3.45703
0.0390625 3.47542

0.0390625 3.47556
0.0392189 3.47656

0.0392393 3.47656
0.0421548 3.49609

0.0421543 3.49609
0.0449331 3.51562

0.0449327 3.51562
0.0475766 3.53516

0.0475762 3.53516
0.0500866 3.55469

0.050086 3.55469
0.052465 3.57422

0.0524644 3.57422
0.0547144 3.59375

-5.06857 0
-5.06018 0.0195312

-5.05955 0.0195312
-5.05859 0.0206492

-5.05859 0.0200379
-5.03906 0.0360091

-5.03906 0.0372508
-5.01953 0.0380688

-5 0.0143111
-5.00143 0.0195312

-5.01953 0.0384033
-5 0.0210883

-5.02854 0.0390625
-5.01953 0.0394603

-5.01953 0.0392838
-5.01901 0.0390625

-5 0.0157616
-4.99641 0

-5 0.0303409
-4.99396 0.0195312

0.054714 3.59375
0.0568371 3.61328

0.0568377 3.61328
0.0585938 3.63044

0.0585938 3.63056
0.0588246 3.63281

0.0588349 3.63281
0.0607097 3.65234

0.0607093 3.65234
0.062461 3.67188

0.0624608 3.67188
0.0640909 3.69141

0.0640907 3.69141
0.0656001 3.71094

0.0655998 3.71094
0.0669896 3.73047

0.0669891 3.73047
0.0682609 3.75

-2.15086 0
-2.14844 0.00608504

-2.14844 0.00238594
-2.12891 0.00538724

-2.12891 0.00828242
-2.12496 0

-1.82071 0
-1.81641 0.00905628

-1.81641 0.00651301
-1.79688 0.00288841

-1.79688 0.00584515
-1.79465 0

0.0682605 3.75
0.0694162 3.76953

0.0694159 3.76953
0.0704569 3.78906

-1.54334 0
-1.54297 0.00112191

-1.53592 0
-1.52344 0.0123918

-1.52344 0.0124001
-1.51103 0

-1.50391 0.00119683
-1.5035 0

-1.29489 0
-1.29116 0.0195312

-1.29298 0.0195312
-1.28906 0.0269929

-1.28906 0.0238495
-1.27819 0.0390625

-1.28131 0.0390625
-1.26953 0.0490164

-1.26953 0.0469483
-1.25 0.0553738

0.0704566 3.78906
0.0713841 3.80859

0.0713836 3.80859
0.0721992 3.82812

0.0721988 3.82812
0.0729043 3.84766

0.072904 3.84766
0.0735006 3.86719

0.0735004 3.86719
0.0739891 3.88672

0.0739886 3.88672
0.074371 3.90625

0.0743705 3.90625
0.0746484 3.92578

0.0746481 3.92578
0.0748232 3.94531

0.074823 3.94531
0.074896 3.96484

0.0748957 3.96484
0.0748675 3.98438

0.0748671 3.98438
0.0747392 4.00391

0.074739 4.00391
0.0745128 4.02344

0.074513 4.02344
0.0741885 4.04297

0.0741886 4.04297
0.0737652 4.0625

0.0737649 4.0625
0.0732431 4.08203

0.0732428 4.08203
0.0726237 4.10156

0.0726239 4.10156
0.0719076 4.12109

0.071908 4.12109
0.0710931 4.14062

0.071093 4.14062
0.0701789 4.16016

0.0701783 4.16016
0.0691667 4.17969

0.0691666 4.17969
0.0680586 4.19922

0.0680592 4.19922
0.066854 4.21875

0.0668538 4.21875
0.0655505 4.23828

0.0655495 4.23828
0.0641504 4.25781

0.0641497 4.25781
0.0626578 4.27734

0.0626582 4.27734
0.0610741 4.29688

0.0585938 4.3253
0.0576317 4.33594

0.0610745 4.29688
0.0593969 4.31641

0.0585938 4.3252
0.0593891 4.31641

0.057629 4.33594
0.0557763 4.35547

0.0557764 4.35547
0.0538341 4.375

0.0538341 4.375
0.0518019 4.39453

0.0518018 4.39453
0.0496802 4.41406

0.0496795 4.41406
0.0474702 4.43359

0.0474695 4.43359
0.0451754 4.45312

0.0390625 4.50213
0.0378243 4.51172

0.0378172 4.51172
0.0352318 4.53125

0.0451749 4.45312
0.0427986 4.47266

0.0427976 4.47266
0.0403422 4.49219

0.0390625 4.50198
0.0403276 4.49219

0.0352308 4.53125
0.0325795 4.55078

0.0325771 4.55078
0.0298669 4.57031

0.0298653 4.57031
0.0271041 4.58984

0.0271032 4.58984
0.0242956 4.60938

0.0195312 4.64204
0.0185911 4.64844

0.024293 4.60938
0.0214463 4.62891

0.0195312 4.64184
0.0214306 4.62891

0.0185727 4.64844
0.0156926 4.66797

0.0156913 4.66797
0.0128002 4.6875

0.0127978 4.6875
0.00990306 4.70703

0.00990019 4.70703
0.00701222 4.72656

0.00700945 4.72656
0.00413955 4.74609

0.00413681 4.74609
0.00129598 4.76562

0 4.77458
0.00128192 4.76562

-1.25 0.054819
-1.23047 0.0545416

-1.23047 0.0552414
-1.21094 0.045971

-1.19141 0.0250271
-1.20224 0.0390625

-1.186 0
-1.18964 0.0195312

-1.19141 0.0232934
-1.18927 0.0195312

-1.21094 0.0446692
-1.20419 0.0390625

-0.919398 0
-0.917969 0.00320439

-0.917969 0.00250126
-0.907143 0

-0.898438 0.000397945
-0.898304 0

-0.159716 0
-0.15625 0.00767381

-0.149428 0
-0.136719 0.0117871

-0.136719 0.00965574
-0.117613 0

-0.117188 0.00425004
-0.10462 0

-0.0888246 0
-0.078125 0.0127369

-0.078125 0.010217
-0.0585938 0.00529571

-0.0585938 0.0118785
-0.0528515 0

-6.19832e-05 1.09375
-0.00508654 1.11328

-0.00511428 1.11328
-0.0101551 1.13281

-0.0195312 1.17161
-0.0195938 1.17188

-0.0101984 1.13281
-0.0151136 1.15234

-0.0195312 1.17074
-0.015142 1.15234

-0.0197784 1.17188
-0.0241786 1.19141

-0.0241305 1.19141
-0.0284006 1.21094

-0.0283441 1.21094
-0.0326933 1.23047

-0.0326452 1.23047
-0.0372828 1.25

-0.3125 1.82744
-0.316635 1.83594

-0.332031 1.87297
-0.332812 1.875

-0.316649 1.83594
-0.325206 1.85547

-0.332031 1.87331
-0.32519 1.85547

-0.15625 1.55
-0.162723 1.5625

-0.078125 1.37051
-0.0849972 1.38672

-0.0850756 1.38672
-0.0933562 1.40625

-0.0390625 1.25717
-0.0422848 1.26953

-0.0423137 1.26953
-0.047977 1.28906

-0.0585938 1.32084
-0.0611631 1.32812

-0.0479756 1.28906
-0.0542654 1.30859

-0.0585938 1.32082
-0.0542851 1.30859

-0.0390625 1.25658
-0.0373487 1.25

-0.0611556 1.32812
-0.0686211 1.34766

-0.068664 1.34766
-0.0766477 1.36719

-0.078125 1.37053
-0.076709 1.36719

-0.117188 1.4654
-0.125059 1.48438

-0.0976562 1.41693
-0.101309 1.42578

-0.101418 1.42578
-0.109272 1.44531

-0.0976562 1.4163
-0.0935082 1.40625

-0.109207 1.44531
-0.11704 1.46484

-0.117188 1.46519
-0.117044 1.46484

-0.136719 1.51039
-0.14286 1.52344

-0.125007 1.48438
-0.133643 1.50391

-0.136719 1.51026
-0.133727 1.50391

-0.142859 1.52344
-0.152562 1.54297

-0.15625 1.54987
-0.152675 1.54297

-0.234375 1.69025
-0.23971 1.69922

-0.239678 1.69922
-0.251319 1.71875

-0.195312 1.62271
-0.205392 1.64062

-0.175781 1.58692
-0.183698 1.60156

-0.162745 1.5625
-0.173117 1.58203

-0.175781 1.58681
-0.173199 1.58203

-0.18368 1.60156
-0.194414 1.62109

-0.195312 1.62265
-0.19444 1.62109

-0.214844 1.65712
-0.21658 1.66016

-0.216549 1.66016
-0.227988 1.67969

-0.214844 1.65705
-0.205438 1.64062

-0.234375 1.69025
-0.228094 1.67969

-0.273438 1.7557
-0.27467 1.75781

-0.292969 1.78997
-0.296801 1.79688

-0.274606 1.75781
-0.285851 1.77734

-0.292969 1.79009
-0.285894 1.77734

-0.253906 1.72303
-0.263022 1.73828

-0.273438 1.75584
-0.263077 1.73828

-0.253906 1.72304
-0.251347 1.71875

-0.296785 1.79688
-0.307033 1.81641

-0.3125 1.82762
-0.307042 1.81641

-0.332753 1.875
-0.339063 1.89453

-0.339092 1.89453
-0.344042 1.91406

-0.344041 1.91406
-0.347575 1.93359

-0.347554 1.93359
-0.349715 1.95312

-0.349691 1.95312
-0.35057 1.97266

-0.350546 1.97266
-0.350238 1.99219

-0.35021 1.99219
-0.348817 2.01172

-0.348781 2.01172
-0.346431 2.03125

-0.346384 2.03125
-0.343243 2.05078

-0.343192 2.05078
-0.339457 2.07031

-0.339403 2.07031
-0.335283 2.08984

-0.335176 2.08984
-0.332031 2.10417

-0.332031 2.10517
-0.331107 2.10938

-0.330926 2.10938
-0.32661 2.12891

-0.326581 2.12891
-0.322326 2.14844

-0.322305 2.14844
-0.318212 2.16797

-0.318203 2.16797
-0.314331 2.1875

-0.314303 2.1875
-0.3125 2.19718

-0.3125 2.19752
-0.310728 2.20703

-0.310696 2.20703
-0.30729 2.22656

-0.307297 2.22656
-0.304109 2.24609

-0.304121 2.24609
-0.301115 2.26562

-0.301133 2.26562
-0.298246 2.28516

-0.298269 2.28516
-0.295417 2.30469

-0.295448 2.30469
-0.292969 2.3213

-0.292969 2.32108
-0.292501 2.32422

-0.292553 2.32422
-0.289472 2.34375

-0.289502 2.34375
-0.286144 2.36328

-0.286177 2.36328
-0.282417 2.38281

-0.282446 2.38281
-0.278162 2.40234

-0.278155 2.40234
-0.273438 2.42133

-0.273438 2.42153
-0.273353 2.42188

-0.273316 2.42188
-0.267879 2.44141

-0.267867 2.44141
-0.261843 2.46094

-0.261801 2.46094
-0.255298 2.48047

-0.255214 2.48047
-0.253906 2.4842

-0.253906 2.4844
-0.248439 2.5

4.61386 0
4.61565 0.0195312

4.61555 0.0195312
4.62112 0.0390625

4.6209 0.0390625
4.62891 0.0546707

4.62891 0.0546839
4.63091 0.0585938

4.63031 0.0585938
4.64644 0.078125

4.64667 0.078125
4.64844 0.0798597

4.64844 0.0800254
4.66797 0.0956503

4.66797 0.0955838
4.67215 0.0976562

4.67333 0.0976562
4.6875 0.104685

4.6875 0.10455
4.70703 0.109878

4.70703 0.109792
4.72656 0.111491

4.72656 0.111493
4.74609 0.109728

4.74609 0.109814
4.76562 0.104412

4.83867 0
4.83689 0.0195312

4.83699 0.0195312
4.83147 0.0390625

4.82422 0.0538072
4.82178 0.0585938

4.82232 0.0585938
4.80642 0.078125

4.82422 0.05379
4.83171 0.0390625

4.78516 0.0947374
4.77924 0.0976562

4.76562 0.104725
4.77995 0.0976562

4.78516 0.0956973
4.80469 0.0799718

4.80469 0.0799267
4.80649 0.078125

-0.248396 2.5
-0.24132 2.51953

-0.241263 2.51953
-0.234375 2.53836

-0.23412 2.53906
-0.227023 2.55859

-0.227003 2.55859
-0.220002 2.57812

-0.219953 2.57812
-0.214844 2.59269

-0.214844 2.5932
-0.213281 2.59766

-0.213154 2.59766
-0.206449 2.61719

-0.206463 2.61719
-0.199859 2.63672

-0.199853 2.63672
-0.195312 2.65024

-0.195312 2.65043
-0.19336 2.65625

-0.193335 2.65625
-0.18675 2.67578

-0.18676 2.67578
-0.180088 2.69531

-0.180053 2.69531
-0.175781 2.70762

-0.175781 2.70789
-0.173365 2.71484

-0.173313 2.71484
-0.166407 2.73438

-0.166396 2.73438
-0.159372 2.75391

-0.159294 2.75391
-0.15625 2.7623

-0.15625 2.76258
-0.152315 2.77344

-0.152265 2.77344
-0.145186 2.79297

-0.145174 2.79297
-0.138129 2.8125

-0.138083 2.8125
-0.136719 2.81633

-0.136719 2.81645
-0.131165 2.83203

-0.131159 2.83203
-0.124292 2.85156

-0.124288 2.85156
-0.117516 2.87109

-0.117509 2.87109
-0.117188 2.87203

-0.117188 2.87207
-0.110843 2.89062

-0.110848 2.89062
-0.104242 2.91016

-0.104239 2.91016
-0.0977006 2.92969

-0.097698 2.92969
-0.0976562 2.92981

-0.0976562 2.92984
-0.0912311 2.94922

-0.0912289 2.94922
-0.0848127 2.96875

-0.0848055 2.96875
-0.0784665 2.98828

-0.0784559 2.98828
-0.078125 2.98932

-0.078125 2.98935
-0.0722195 3.00781

-0.0722161 3.00781
-0.0660653 3.02734

-0.0660627 3.02734
-0.0600193 3.04688

-0.059994 3.04688
-0.0585938 3.05149

-0.0585938 3.05158
-0.0540995 3.06641

-0.054095 3.06641
-0.0482979 3.08594

-0.0482952 3.08594
-0.0426245 3.10547

-0.0426008 3.10547
-0.0390625 3.11796

-0.0390625 3.11817
-0.0371267 3.125

-0.0370894 3.125
-0.0316939 3.14453

-0.0316941 3.14453
-0.026434 3.16406

-0.0264343 3.16406
-0.0213085 3.18359

-0.0212925 3.18359
-0.0195312 3.19049

-0.0195312 3.19058
-0.0163257 3.20312

-0.0163182 3.20312
-0.0114625 3.22266

-0.0114637 3.22266
-0.00673891 3.24219

-0.00673809 3.24219
-0.00214335 3.26172

-0.00212908 3.26172
0 3.27104

2.7551e-06 5.64453
0.00171282 5.66406

0.00171532 5.66406
0.0033637 5.68359

0.00336603 5.68359
0.00494306 5.70312

0.00494536 5.70312
0.00644175 5.72266

0.00644391 5.72266
0.00785076 5.74219

0.0078527 5.74219
0.00916181 5.76172

0.0091635 5.76172
0.0103676 5.78125

0.0103691 5.78125
0.0114619 5.80078

0.0114632 5.80078
0.0124392 5.82031

0.0124403 5.82031
0.0132949 5.83984

0.0132958 5.83984
0.0140252 5.85938

0.0140259 5.85938
0.0146269 5.87891

0.0146274 5.87891
0.0150978 5.89844

0.0150981 5.89844
0.0154364 5.91797

0.0154365 5.91797
0.0156419 5.9375

0.0156418 5.9375
0.0157146 5.95703

0.0157142 5.95703
0.0156554 5.97656

0.0156547 5.97656
0.0154664 5.99609

0.0154655 5.99609
0.0151506 6.01562

0.0151495 6.01562
0.0147119 6.03516

0.0147105 6.03516
0.014155 6.05469

0.0141536 6.05469
0.0134859 6.07422

0.0134843 6.07422
0.0127104 6.09375

0.0127085 6.09375
0.0118356 6.11328

0.0118336 6.11328
0.0108694 6.13281

0.0108673 6.13281
0.00982028 6.15234

0.00981774 6.15234
0.00869711 6.17188

0.00869433 6.17188
0.00751072 6.19141

0.007508 6.19141
0.0062724 6.21094

0.00626924 6.21094
0.00499338 6.23047

0.00498991 6.23047
0.00368706 6.25

0 4.77469
-0.00149751 4.78516

-0.00150541 4.78516
-0.00424506 4.80469

-0.00424806 4.80469
-0.00692484 4.82422

-0.00692807 4.82422
-0.00952952 4.84375

-0.00953261 4.84375
-0.0120461 4.86328

-0.012049 4.86328
-0.0144625 4.88281

-0.0144655 4.88281
-0.0167673 4.90234

-0.0167699 4.90234
-0.0189487 4.92188

-0.0195312 4.92744
-0.0209961 4.94141

-0.0210005 4.94141
-0.0229094 4.96094

-0.0195312 4.92737
-0.0189548 4.92188

-0.0229114 4.96094
-0.0246723 4.98047

-0.0246741 4.98047
-0.0262794 5

0.003684 6.25
0.00236725 6.26953

0.00236405 6.26953
0.00104592 6.28906

0 6.30463
0.00103998 6.28906

0 6.87896
0.000746886 6.89453

0.000750666 6.89453
0.00163455 6.91406

0.00163734 6.91406
0.00245685 6.93359

0.00245938 6.93359
0.00320386 6.95312

0.0032061 6.95312
0.00386599 6.97266

0.00386788 6.97266
0.00443491 6.99219

0.00443641 6.99219
0.00490381 7.01172

0.00490495 7.01172
0.00526745 7.03125

0.00526818 7.03125
0.00552205 7.05078

0.00552238 7.05078
0.00566549 7.07031

0.00566545 7.07031
0.00569721 7.08984

0.00569672 7.08984
0.00561818 7.10938

0.00561726 7.10938
0.00543127 7.12891

0.00542997 7.12891
0.00514094 7.14844

0.00513915 7.14844
0.00475326 7.16797

0.00475107 7.16797
0.00427628 7.1875

0.00427378 7.1875
0.00371945 7.20703

0.00371643 7.20703
0.0030936 7.22656

0.00309031 7.22656
0.00241158 7.24609

0.00240823 7.24609
0.00168687 7.26562

0.0016831 7.26562
0.000933344 7.28516

0.000929382 7.28516
0.000166697 7.30469

0 7.30886
0.000162617 7.30469

6.8429e-06 7.77344
0.000507925 7.79297

0.000510423 7.79297
0.000960782 7.8125

0.000962952 7.8125
0.00135325 7.83203

0.00135501 7.83203
0.00167739 7.85156

0.00167869 7.85156
0.00192706 7.87109

0.00192788 7.87109
0.00209801 7.89062

0.00209832 7.89062
0.00218795 7.91016

0.00218777 7.91016
0.00219664 7.92969

0.00219599 7.92969
0.00212577 7.94922

0.00212456 7.94922
0.00197896 7.96875

0.00197728 7.96875
0.00176207 7.98828

0.00176001 7.98828
0.00148267 8.00781

0.00148012 8.00781
0.00114988 8.02734

0.00114708 8.02734
0.000774616 8.04688

0.000771724 8.04688
0.000368418 8.06641

0 8.08332
0.000365146 8.06641

0 8.50787
0.000104483 8.51562

0.000110287 8.51562
0.000333574 8.53516

0.000335004 8.53516
0.00051169 8.55469

0.00051267 8.55469
0.000637931 8.57422

0.000638396 8.57422
0.000709344 8.59375

0.000709307 8.59375
0.000725087 8.61328

0.000724527 8.61328
0.000686334 8.63281

0.000685254 8.63281
0.000596367 8.65234

0.000594905 8.65234
0.000460411 8.67188

0.000458516 8.67188
0.00028513 8.69141

0.000282881 8.69141
7.88928e-05 8.71094

0 8.71766
7.76527e-05 8.71094

0 9.15085
4.25593e-05 9.16016

4.58793e-05 9.16016
9.93845e-05 9.17969

9.95867e-05 9.17969
0.000115512 9.19922

0.000115232 9.19922
9.37347e-05 9.21875

9.29618e-05 9.21875
3.61496e-05 9.23828

0 9.24655
3.73418e-05 9.23828

-0.0262809 5
-0.0277241 5.01953

-0.0277254 5.01953
-0.0290007 5.03906

-0.0290019 5.03906
-0.0301041 5.05859

-0.0301048 5.05859
-0.03103 5.07812

-0.0310304 5.07812
-0.0317763 5.09766

-0.0317765 5.09766
-0.032342 5.11719

-0.032342 5.11719
-0.0327267 5.13672

-0.0327261 5.13672
-0.0329313 5.15625

-0.0329304 5.15625
-0.0329593 5.17578

-0.0329583 5.17578
-0.0328147 5.19531

-0.0328136 5.19531
-0.0325018 5.21484

-0.0325 5.21484
-0.0320257 5.23438

-0.0320237 5.23438
-0.0313942 5.25391

-0.0313926 5.25391
-0.0306149 5.27344

-0.0306133 5.27344
-0.0296942 5.29297

-0.0296919 5.29297
-0.0286393 5.3125

-0.0286368 5.3125
-0.0274601 5.33203

-0.0274581 5.33203
-0.0261661 5.35156

-0.0261639 5.35156
-0.0247649 5.37109

-0.0247618 5.37109
-0.0232663 5.39062

-0.0232632 5.39062
-0.0216835 5.41016

-0.0216804 5.41016
-0.0200288 5.42969

-0.0200201 5.42969
-0.0195312 5.43527

-0.0195312 5.43535
-0.018317 5.44922

-0.018314 5.44922
-0.0165524 5.46875

-0.0165497 5.46875
-0.0147443 5.48828

-0.0147418 5.48828
-0.012903 5.50781

-0.0129003 5.50781
-0.0110385 5.52734

-0.0110356 5.52734
-0.00916209 5.54688

-0.00915915 5.54688
-0.00728547 5.56641

-0.0072828 5.56641
-0.00542022 5.58594

-0.00541759 5.58594
-0.0035767 5.60547

-0.00357385 5.60547
-0.00176559 5.625

-0.0017625 5.625
0 5.64452

0 6.30477
-0.00025545 6.30859

-0.000265041 6.30859
-0.00154545 6.32812

-0.00154823 6.32812
-0.00279471 6.34766

-0.00279757 6.34766
-0.00399885 6.36719

-0.00400175 6.36719
-0.00514631 6.38672

-0.00514923 6.38672
-0.00622543 6.40625

-0.00622829 6.40625
-0.00722457 6.42578

-0.00722728 6.42578
-0.00813252 6.44531

-0.00813499 6.44531
-0.00893883 6.46484

-0.00894103 6.46484
-0.00963411 6.48438

-0.00963594 6.48438
-0.0102102 6.50391

-0.0102117 6.50391
-0.0106605 6.52344

-0.0106616 6.52344
-0.01098 6.54297

-0.0109806 6.54297
-0.0111651 6.5625

-0.0111653 6.5625
-0.0112142 6.58203

-0.0112139 6.58203
-0.0111272 6.60156

-0.0111264 6.60156
-0.0109063 6.62109

-0.010905 6.62109
-0.0105557 6.64062

-0.0105539 6.64062
-0.0100819 6.66016

-0.0100795 6.66016
-0.00949323 6.67969

-0.00949042 6.67969
-0.00880023 6.69922

-0.00879703 6.69922
-0.00801493 6.71875

-0.00801139 6.71875
-0.00715083 6.73828

-0.00714705 6.73828
-0.00622266 6.75781

-0.00621873 6.75781
-0.00524594 6.77734

-0.00524191 6.77734
-0.00423663 6.79688

-0.00423261 6.79688
-0.00321098 6.81641

-0.00320711 6.81641
-0.00218491 6.83594

-0.00218116 6.83594
-0.00117361 6.85547

-0.00117009 6.85547
-0.000191732 6.875

-0.000185761 6.875
0 6.87887

0 7.30889
-0.0005976 7.32422

-0.000601066 7.32422
-0.00134852 7.34375

-0.00135193 7.34375
-0.0020722 7.36328

-0.00207555 7.36328
-0.00275511 7.38281

-0.00275833 7.38281
-0.00338406 7.40234

-0.00338704 7.40234
-0.00394654 7.42188

-0.00394918 7.42188
-0.0044312 7.44141

-0.00443342 7.44141
-0.00482826 7.46094

-0.00482996 7.46094
-0.00512979 7.48047

-0.00513092 7.48047
-0.00533005 7.5

-0.00533056 7.5
-0.00542574 7.51953

-0.0054256 7.51953
-0.00541611 7.53906

-0.00541528 7.53906
-0.00530305 7.55859

-0.00530156 7.55859
-0.00509121 7.57812

-0.0050891 7.57812
-0.00478786 7.59766

-0.00478517 7.59766
-0.00440263 7.61719

-0.0043995 7.61719
-0.00394729 7.63672

-0.00394382 7.63672
-0.00343513 7.65625

-0.00343141 7.65625
-0.00288064 7.67578

-0.00287688 7.67578
-0.00229899 7.69531

-0.00229528 7.69531
-0.00170525 7.71484

-0.00170158 7.71484
-0.00111417 7.73438

-0.00111076 7.73438
-0.000540106 7.75391

-0.000537251 7.75391
0 7.77329

0 8.08328
-5.73865e-05 8.08594

-5.91788e-05 8.08594
-0.000486926 8.10547

-0.000489909 8.10547
-0.000912612 8.125

-0.000915567 8.125
-0.00132135 8.14453

-0.00132417 8.14453
-0.00170146 8.16406

-0.00170406 8.16406
-0.00204202 8.18359

-0.00204428 8.18359
-0.00233317 8.20312

-0.002335 8.20312
-0.00256667 8.22266

-0.002568 8.22266
-0.00273611 8.24219

-0.00273688 8.24219
-0.00283726 8.26172

-0.00283744 8.26172
-0.00286822 8.28125

-0.0028678 8.28125
-0.00282946 8.30078

-0.00282844 8.30078
-0.00272385 8.32031

-0.00272227 8.32031
-0.00255665 8.33984

-0.00255459 8.33984
-0.00233521 8.35938

-0.00233273 8.35938
-0.0020687 8.37891

-0.00206593 8.37891
-0.00176775 8.39844

-0.00176482 8.39844
-0.00144391 8.41797

-0.00144088 8.41797
-0.00110912 8.4375

-0.00110619 8.4375
-0.000775509 8.45703

-0.000772772 8.45703
-0.000454514 8.47656

-0.000451936 8.47656
-0.000156728 8.49609

-0.000152119 8.49609
0 8.50738

0 8.71752
-0.000149452 8.73047

-0.000151199 8.73047
-0.000389058 8.75

-0.000391495 8.75
-0.000632249 8.76953

-0.000634646 8.76953
-0.000868628 8.78906

-0.000870893 8.78906
-0.00108878 8.80859

-0.00109081 8.80859
-0.00128401 8.82812

-0.00128571 8.82812
-0.00144676 8.84766

-0.00144806 8.84766
-0.00157092 8.86719

-0.00157177 8.86719
-0.00165215 8.88672

-0.0016525 8.88672
-0.00168801 8.90625

-0.00168786 8.90625
-0.00167812 8.92578

-0.00167746 8.92578
-0.0016241 8.94531

-0.00162298 8.94531
-0.00152955 8.96484

-0.00152802 8.96484
-0.00139982 8.98438

-0.00139797 8.98438
-0.00124174 9.00391

-0.00123967 9.00391
-0.00106323 9.02344

-0.00106103 9.02344
-0.000872923 9.04297

-0.000870711 9.04297
-0.000679757 9.0625

-0.000677618 9.0625
-0.000492517 9.08203

-0.00049053 9.08203
-0.000319534 9.10156

-0.000317827 9.10156
-0.000168323 9.12109

-0.000166927 9.12109
-4.51202e-05 9.14062

-4.14124e-05 9.14062
0 9.14968

0 9.24567
-5.48375e-05 9.25781

-5.46896e-05 9.25781
-0.000169048 9.27734

-0.000170824 9.27734
-0.000304893 9.29688

-0.000306882 9.29688
-0.000453133 9.31641

-0.000455238 9.31641
-0.000605483 9.33594

-0.000607594 9.33594
-0.000753401 9.35547

-0.000755396 9.35547
-0.000888554 9.375

-0.00089031 9.375
-0.00100332 9.39453

-0.00100472 9.39453
-0.00109126 9.41406

-0.00109222 9.41406
-0.00114757 9.43359

-0.00114801 9.43359
-0.00116941 9.45312

-0.0011693 9.45312
-0.00115607 9.47266

-0.00115542 9.47266
-0.00110908 9.49219

-0.00110793 9.49219
-0.0010321 9.51172

-0.00103053 9.51172
-0.000930639 9.53125

-0.000928773 9.53125
-0.000811679 9.55078

-0.000809646 9.55078
-0.000683151 9.57031

-0.000681091 9.57031
-0.000553382 9.58984

-0.000551428 9.58984
-0.000430536 9.60938

-0.000428811 9.60938
-0.000322095 9.62891

-0.000320701 9.62891
-0.0002344 9.64844

-0.000233417 9.64844
-0.000172286 9.66797

-0.000171763 9.66797
-0.000138816 9.6875

-0.000138775 9.6875
-0.000135144 9.70703

-0.000135582 9.70703
-0.000160473 9.72656

-0.000161362 9.72656
-0.000212124 9.74609

-0.000213402 9.74609
-0.000285703 9.76562

-0.000287286 9.76562
-0.000375401 9.78516

-0.000377184 9.78516
-0.000474381 9.80469

-0.000476241 9.80469
-0.000575233 9.82422

-0.000577038 9.82422
-0.000670497 9.84375

-0.000672112 9.84375
-0.000753196 9.86328

-0.000754496 9.86328
-0.000817375 9.88281

-0.000818255 9.88281
-0.000858568 9.90234

-0.000858958 9.90234
-0.000874164 9.92188

-0.000874035 9.92188
-0.000863612 9.94141

-0.000862975 9.94141
-0.000828456 9.96094

-0.000827372 9.96094
-0.000772197 9.98047

-0.000770769 9.98047
-0.000699962 10

7.89206 0
7.89394 0.0195312

7.89382 0.0195312
7.89968 0.0390625

7.89937 0.0390625
7.91009 0.0585938

7.90995 0.0585938
7.91016 0.0588863

7.91016 0.059446
7.92698 0.078125

7.92673 0.078125
7.92969 0.0807469

7.92969 0.0804809
7.94922 0.0939807

7.94922 0.0934994
7.95977 0.0976562

7.96016 0.0976562
7.96875 0.10104

7.96875 0.100928
7.98828 0.104312

7.98828 0.104349
8.00781 0.103739

8.00781 0.103651
8.02734 0.099148

8.04688 0.0906172
8.03181 0.0976562

8.02734 0.0989713
8.0302 0.0976562

8.06641 0.0751781
8.06321 0.078125

8.08594 0.0480401
8.08022 0.0585938

8.06641 0.0751668
8.08055 0.0585938

8.09801 0
8.09614 0.0195312

8.09623 0.0195312
8.09044 0.0390625

8.08594 0.0479539
8.0907 0.0390625

8.04688 0.0907863
8.06312 0.078125

-0.000698321 10
-0.000618017 10.0195

-0.00061631 10.0195
-0.000533207 10.0391

-0.000531576 10.0391
-0.000452353 10.0586

-0.00045093 10.0586
-0.000381695 10.0781

-0.000380589 10.0781
-0.000326399 10.0977

-0.000325687 10.0977
-0.000290177 10.1172

-0.000289902 10.1172
-0.000275046 10.1367

-0.000275216 10.1367
-0.000281224 10.1562

-0.000281817 10.1562
-0.000307163 10.1758

-0.000308122 10.1758
-0.0003497 10.1953

-0.000350939 10.1953
-0.000404354 10.2148

-0.000405761 10.2148
-0.000465722 10.2344

-0.000467173 10.2344
-0.000527961 10.2539

-0.000529325 10.2539
-0.000585312 10.2734

-0.000586463 10.2734
-0.000632622 10.293

-0.000633455 10.293
-0.000665817 10.3125

-0.000666259 10.3125
-0.000682271 10.332

-0.00068229 10.332
-0.000681029 10.3516

-0.000680633 10.3516
-0.000662852 10.3711

-0.000662092 10.3711
-0.000630106 10.3906

-0.000629072 10.3906
-0.000586466 10.4102

-0.000585272 10.4102
-0.000536505 10.4297

-0.000535276 10.4297
-0.000485193 10.4492

-0.00048405 10.4492
-0.000437396 10.4688

-0.000436446 10.4688
-0.000397408 10.4883

-0.000396732 10.4883
-0.000368562 10.5078

-0.000368213 10.5078
-0.00035296 10.5273

-0.000352957 10.5273
-0.000351324 10.5469

-0.000351657 10.5469
-0.000362984 10.5664

-0.000363611 10.5664
-0.000385979 10.5859

-0.000386831 10.5859
-0.000417281 10.6055

-0.000418269 10.6055
-0.000453122 10.625

-0.000454143 10.625
-0.000489381 10.6445

-0.000490329 10.6445
-0.000522015 10.6641

-0.000522791 10.6641
-0.000547478 10.6836

-0.000547999 10.6836
-0.000563095 10.7031

-0.000563307 10.7031
-0.000567345 10.7227

-0.000567228 10.7227
-0.000560019 10.7422

-0.00055959 10.7422
-0.000542228 10.7617

-0.000541541 10.7617
-0.00051626 10.7812

-0.000515401 10.7812
-0.000485295 10.8008

-0.00048437 10.8008
-0.000453009 10.8203

-0.000452129 10.8203
-0.000423123 10.8398

-0.000422396 10.8398
-0.000398957 10.8594

-0.000398469 10.8594
-0.000383025 10.8789

-0.000382833 10.8789
-0.000376743 10.8984

-0.000376866 10.8984
-0.00038027 10.918

-0.000380687 10.918
-0.000392504 10.9375

-0.000393155 10.9375
-0.000411249 10.957

-0.000412041 10.957
-0.000433527 10.9766

-0.000434351 10.9766
-0.000455995 10.9961

-0.000456738 10.9961
-0.000475406 11.0156

-0.000475966 11.0156
-0.000489052 11.0352

-0.000489355 11.0352
-0.000495131 11.0547

-0.000495141 11.0547
-0.000492981 11.0742

-0.000492703 11.0742
-0.000483145 11.0938

-0.000482631 11.0938
-0.000467259 11.1133

-0.000466596 11.1133
-0.000447763 11.1328

-0.000447057 11.1328
-0.000427505 11.1523

-0.000426862 11.1523
-0.000409288 11.1719

-0.000408803 11.1719
-0.000395459 11.1914

-0.000395198 11.1914
-0.000387578 11.2109

-0.000387569 11.2109
-0.000386212 11.2305

-0.000386445 11.2305
-0.000390903 11.25

-0.000391333 11.25
-0.000400279 11.2695

-0.000400826 11.2695
-0.000412307 11.2891

-0.000412879 11.2891
-0.000424653 11.3086

-0.000425156 11.3086
-0.000435074 11.3281

-0.000435427 11.3281
-0.000441779 11.3477

-0.00044193 11.3477
-0.000443708 11.3672

-0.000443643 11.3672
-0.000440674 11.3867

-0.000440416 11.3867
-0.000433346 11.4062

-0.000432952 11.4062
-0.000423083 11.4258

-0.000422633 11.4258
-0.000411654 11.4453

-0.000411228 11.4453
-0.000400892 11.4648

-0.000400565 11.4648
-0.000392378 11.4844

-0.000392201 11.4844
-0.000387172 11.5039

-0.000387166 11.5039
-0.000385658 11.5234

-0.000385811 11.5234
-0.000387533 11.543

-0.000387804 11.543
-0.000391905 11.5625

-0.000392238 11.5625
-0.000397509 11.582

-0.000397837 11.582
-0.000402955 11.6016

-0.000403215 11.6016
-0.000407004 11.6211

-0.000407149 11.6211
-0.0004088 11.6406

-0.00040881 11.6406
-0.000408014 11.6602

-0.000407902 11.6602
-0.00040486 11.6797

-0.000404662 11.6797
-0.000399994 11.6992

-0.000399756 11.6992
-0.000394336 11.7188

-0.000394109 11.7188
-0.000388864 11.7383

-0.000388696 11.7383
-0.000384418 11.7578

-0.000384338 11.7578
-0.000381525 11.7773

-0.00038154 11.7773
-0.000380322 11.7969

-0.000380415 11.7969
-0.000380574 11.8164

-0.000380721 11.8164
-0.000381776 11.8359

-0.000381943 11.8359
-0.000383267 11.8555

-0.000383417 11.8555
-0.000384377 11.875

-0.00038447 11.875
-0.000384582 11.8945

-0.0003846 11.8945
-0.000383644 11.9141

-0.000383599 11.9141
-0.000381626 11.9336

-0.000381541 11.9336
-0.000378811 11.9531

-0.000378698 11.9531
-0.000375608 11.9727

-0.000375493 11.9727
-0.000372495 11.9922

-0.000372413 11.9922
-0.000369902 12.0117

-0.000369873 12.0117
-0.000368073 12.0312

-0.000368098 12.0312
-0.000367019 12.0508

-0.000367074 12.0508
-0.000366557 12.0703

-0.000366626 12.0703
-0.000366423 12.0898

-0.00036649 12.0898
-0.000366328 12.1094

-0.000366378 12.1094
-0.000366025 12.1289

-0.000366039 12.1289
-0.000365368 12.1484

-0.000365308 12.1484
-0.00036352 12.1875

-0.000363484 12.1875
-0.000362404 12.207

-0.000362399 12.207
-0.000361216 12.2266

-0.000361186 12.2266
-0.000358751 12.2656

-0.000358703 12.2656
-0.000356305 12.3047

-0.00035632 12.3047
-0.000354024 12.3438

-0.000354004 12.3438
-0.000351822 12.3828

-0.000351845 12.3828
-0.000350806 12.4023

-0.000350803 12.4023
-0.000349776 12.4219

-0.000349778 12.4219
-0.000347747 12.4609

-0.00034773 12.4609
-0.000345761 12.5

-0.000345774 12.5
-0.000343874 12.5391

-0.000343906 12.5391
-0.000342961 12.5586

-0.000342957 12.5586
-0.000341958 12.5781

-0.000341948 12.5781
-0.000340923 12.5977

-0.000340923 12.5977
-0.000339891 12.6172

-0.000339893 12.6172
-0.00033885 12.6367

-0.000338848 12.6367
-0.000337793 12.6562

-0.000337787 12.6562
-0.000336735 12.6758

-0.000336737 12.6758
-0.000335692 12.6953

-0.000335697 12.6953
-0.000334647 12.7148

-0.000334637 12.7148
-0.000333591 12.7344

-0.000333569 12.7344
-0.000331614 12.7734

-0.000331641 12.7734
-0.000329824 12.8125

-0.000329833 12.8125
-0.000328955 12.832

-0.000328955 12.832
-0.00032809 12.8516

-0.000328088 12.8516
-0.000327235 12.8711

-0.000327233 12.8711
-0.000326401 12.8906

-0.000326414 12.8906
-0.000325584 12.9102

-0.000325574 12.9102
-0.000324738 12.9297

-0.000324752 12.9297
-0.0003239 12.9492

-0.000323897 12.9492
-0.000323005 12.9688

-0.000323005 12.9688
-0.00032208 12.9883

-0.00032208 12.9883
-0.000321125 13.0078

-0.000321058 13.0078
-0.00031935 13.0469

-0.000319416 13.0469
-0.000318664 13.0664

-0.000318657 13.0664
-0.000317887 13.0859

-0.000317887 13.0859
-0.000317115 13.1055

-0.000317122 13.1055
-0.000316333 13.125

-0.000316336 13.125
-0.000315512 13.1445

-0.000315511 13.1445
-0.000314647 13.1641

-0.000314655 13.1641
-0.000313738 13.1836

-0.00031372 13.1836
-0.00031277 13.2031

-0.000312739 13.2031
-0.000310968 13.2422

-0.000310995 13.2422
-0.000309364 13.2812

-0.000309385 13.2812
-0.000308596 13.3008

-0.000308594 13.3008
-0.000307795 13.3203

-0.000307797 13.3203
-0.000306989 13.3398

-0.000306988 13.3398
-0.000306169 13.3594

-0.000306167 13.3594
-0.000305341 13.3789

-0.000305339 13.3789
-0.000304512 13.3984

-0.000304511 13.3984
-0.000303689 13.418

-0.00030369 13.418
-0.000302873 13.4375

-0.000302873 13.4375
-0.000302056 13.457

-0.000302056 13.457
-0.000301238 13.4766

-0.000301239 13.4766
-0.000300416 13.4961

-0.000300414 13.4961
-0.000299589 13.5156

-0.000299588 13.5156
-0.000298767 13.5352

-0.000298768 13.5352
-0.000297948 13.5547

-0.000297949 13.5547
-0.000297124 13.5742

-0.000297121 13.5742
-0.000296292 13.5938

-0.000296299 13.5938
-0.000295459 13.6133

-0.000295461 13.6133
-0.000294592 13.6328

-0.000294592 13.6328
-0.000293689 13.6523

-0.000293693 13.6523
-0.000292749 13.6719

-0.000292732 13.6719
-0.000291772 13.6914

-0.000291775 13.6914
-0.000290827 13.7109

-0.000290837 13.7109
-0.000288919 13.75

-0.000288913 13.75
-0.000287941 13.7695

-0.000287941 13.7695
-0.000286968 13.7891

-0.000286971 13.7891
-0.00028599 13.8086

-0.000285993 13.8086
-0.000284993 13.8281

-0.000284981 13.8281
-0.000282979 13.8672

-0.000282956 13.8672
-0.000281011 13.9062

-0.000281031 13.9062
-0.000280091 13.9258

-0.000280087 13.9258
-0.000279148 13.9453

-0.000279153 13.9453
-0.000278214 13.9648

-0.000278213 13.9648
-0.000277265 13.9844

-0.000277243 13.9844
-0.000275416 14.0234

-0.00027543 14.0234
-0.000273681 14.0625

-0.000273679 14.0625
-0.000271985 14.1016

-0.000271984 14.1016
-0.000270354 14.1406

-0.000270367 14.1406
-0.000269574 14.1602

-0.000269574 14.1602
-0.000268777 14.1797

-0.00026878 14.1797
-0.000267976 14.1992

-0.000267975 14.1992
-0.000267161 14.2188

-0.000267162 14.2188
-0.000266339 14.2383

-0.000266338 14.2383
-0.000265509 14.2578

-0.00026551 14.2578
-0.000264676 14.2773

-0.000264678 14.2773
-0.000263833 14.2969

-0.00026383 14.2969
-0.000262975 14.3164

-0.000262976 14.3164
-0.000262117 14.3359

-0.000262115 14.3359
-0.000261257 14.3555

-0.000261257 14.3555
-0.000260402 14.375

-0.000260396 14.375
-0.000258714 14.4141

-0.000258719 14.4141
-0.000257892 14.4336

-0.000257893 14.4336
-0.00025707 14.4531

-0.000257067 14.4531
-0.000256255 14.4727

-0.000256256 14.4727
-0.000255459 14.4922

-0.000255461 14.4922
-0.000254674 14.5117

-0.000254677 14.5117
-0.000253891 14.5312

-0.000253891 14.5312
-0.000253099 14.5508

-0.000253098 14.5508
-0.000252303 14.5703

-0.000252277 14.5703
-0.000250785 14.6094

-0.00025081 14.6094
-0.000249418 14.6484

-0.000249429 14.6484
-0.000248748 14.668

-0.000248748 14.668
-0.000248063 14.6875

-0.00024805 14.6875
-0.000246724 14.7266

-0.000246738 14.7266
-0.000246096 14.7461

-0.000246098 14.7461
-0.000245447 14.7656

-0.000245431 14.7656
-0.000244167 14.8047

-0.000244159 14.8047
-0.000243555 14.8242

-0.000243566 14.8242
-0.000242986 14.8438

-0.000242985 14.8438
-0.000242406 14.8633

-0.000242405 14.8633
-0.00024183 14.8828

-0.00024183 14.8828
-0.00024126 14.9023

-0.000241257 14.9023
-0.000240698 14.9219

-0.000240681 14.9219
-0.000239663 14.9609

-0.000239681 14.9609
-0.00023922 14.9805

-0.000239224 14.9805
-0.000238769 15

-0.000238769 15
-0.000238311 15.0195

-0.000238308 15.0195
-0.000237851 15.0391

-0.000237851 15.0391
-0.0002374 15.0586

-0.000237403 15.0586
-0.000236954 15.0781

-0.00023695 15.0781
-0.000236505 15.0977

-0.000236505 15.0977
-0.000236073 15.1172

-0.000236076 15.1172
-0.000235225 15.1562

-0.000235233 15.1562
-0.000234809 15.1758

-0.000234809 15.1758
-0.000234372 15.1953

-0.000234375 15.1953
-0.000233922 15.2148

-0.000233919 15.2148
-0.000233453 15.2344

-0.000233451 15.2344
-0.000232979 15.2539

-0.000232983 15.2539
-0.000232502 15.2734

-0.000232468 15.2734
-0.000231601 15.3125

-0.000231634 15.3125
-0.000230857 15.3516

-0.000230867 15.3516
-0.000230484 15.3711

-0.000230488 15.3711
-0.00023008 15.3906

-0.000230072 15.3906
-0.000229217 15.4297

-0.000229217 15.4297
-0.000228774 15.4492

-0.000228773 15.4492
-0.000228313 15.4688

-0.000228316 15.4688
-0.000227355 15.5078

-0.000227337 15.5078
-0.000226356 15.5469

-0.000226362 15.5469
-0.000225875 15.5664

-0.000225874 15.5664
-0.000225379 15.5859

-0.000225378 15.5859
-0.000224381 15.625

-0.000224388 15.625
-0.000223368 15.6641

-0.000223369 15.6641
-0.000222843 15.6836

-0.000222844 15.6836
-0.000222298 15.7031

-0.000222299 15.7031
-0.000221729 15.7227

-0.000221726 15.7227
-0.000221135 15.7422

-0.000221137 15.7422
-0.000220528 15.7617

-0.000220528 15.7617
-0.000219897 15.7812

-0.00021984 15.7812
-0.000218759 15.8203

-0.000218835 15.8203
-0.000217885 15.8594

-0.00021786 15.8594
-0.000216936 15.8984

-0.000216959 15.8984
-0.000216518 15.918

-0.000216513 15.918
-0.000216056 15.9375

-0.000216062 15.9375
-0.000215587 15.957

-0.000215587 15.957
-0.000215082 15.9766

-0.000215086 15.9766
-0.000214543 15.9961

-0.000214539 15.9961
-0.00021396 16.0156

-0.000213946 16.0156
-0.000212788 16.0547

-0.000212792 16.0547
-0.000212218 16.0742

-0.000212214 16.0742
-0.000211646 16.0938

-0.000211646 16.0938
-0.000211089 16.1133

-0.000211092 16.1133
-0.00021054 16.1328

-0.000210537 16.1328
-0.000209991 16.1523

-0.000209995 16.1523
-0.000209454 16.1719

-0.000209436 16.1719
-0.000208426 16.2109

-0.00020844 16.2109
-0.000207508 16.25

-0.000207519 16.25
-0.000207068 16.2695

-0.000207066 16.2695
-0.000206613 16.2891

-0.000206614 16.2891
-0.000206162 16.3086

-0.000206163 16.3086
-0.000205704 16.3281

-0.000205701 16.3281
-0.000205238 16.3477

-0.000205238 16.3477
-0.000204777 16.3672

-0.000204778 16.3672
-0.000204315 16.3867

-0.000204315 16.3867
-0.000203851 16.4062

-0.000203843 16.4062
-0.000202949 16.4453

-0.00020295 16.4453
-0.000202104 16.4844

-0.000202104 16.4844
-0.000201699 16.5039

-0.000201696 16.5039
-0.000201315 16.5234

-0.000201328 16.5234
-0.00020095 16.543

-0.00020095 16.543
-0.000200548 16.5625

-0.000200533 16.5625
-0.000199745 16.6016

-0.000199748 16.6016
-0.000198989 16.6406

-0.000198992 16.6406
-0.000198621 16.6602

-0.000198619 16.6602
-0.000198255 16.6797

-0.000198251 16.6797
-0.000197905 16.6992

-0.000197905 16.6992
-0.000197587 16.7188

-0.000197592 16.7188
-0.000196992 16.7578

-0.000196994 16.7578
-0.000196708 16.7773

-0.000196708 16.7773
-0.000196434 16.7969

-0.000196436 16.7969
-0.000196171 16.8164

-0.00019617 16.8164
-0.00019591 16.8359

-0.00019591 16.8359
-0.000195655 16.8555

-0.000195653 16.8555
-0.000195405 16.875

-0.000195411 16.875
-0.000195163 16.8945

-0.000195159 16.8945
-0.000194906 16.9141

-0.000194902 16.9141
-0.000194657 16.9336

-0.000194662 16.9336
-0.000194422 16.9531

-0.000194419 16.9531
-0.000194178 16.9727

-0.00019418 16.9727
-0.000193942 16.9922

-0.00019394 16.9922
-0.000193705 17.0117

-0.000193702 17.0117
-0.000193481 17.0312

-0.000193478 17.0312
-0.000193285 17.0508

-0.000193288 17.0508
-0.00019312 17.0703

-0.000193089 17.0703
-0.000192912 17.1094

-0.000192958 17.1094
-0.000192944 17.1289

-0.000192943 17.1289
-0.000192911 17.1484

-0.000192908 17.1484
-0.000192865 17.168

-0.000192865 17.168
-0.000192817 17.1875

-0.000192822 17.1875
-0.000192761 17.207

-0.000192757 17.207
-0.000192681 17.2266

-0.000192678 17.2266
-0.000192601 17.2461

-0.000192603 17.2461
-0.000192523 17.2656

-0.00019252 17.2656
-0.00019244 17.2852

-0.00019244 17.2852
-0.000192367 17.3047

-0.000192369 17.3047
-0.00019223 17.3438

-0.000192229 17.3438
-0.000192101 17.3828

-0.000192112 17.3828
-0.000191973 17.4219

-0.000191977 17.4219
-0.000191892 17.4414

-0.00019189 17.4414
-0.000191787 17.4609

-0.000191785 17.4609
-0.000191556 17.5

-0.000191549 17.5
-0.000191426 17.5195

-0.00019143 17.5195
-0.000191305 17.5391

-0.000191308 17.5391
-0.000191169 17.5586

-0.00019117 17.5586
-0.000191012 17.5781

-0.000191003 17.5781
-0.000190843 17.5977

-0.000190845 17.5977
-0.000190699 17.6172

-0.0001907 17.6172
-0.000190424 17.6562

-0.000190419 17.6562
-0.000190291 17.6758

-0.000190297 17.6758
-0.000190178 17.6953

-0.000190168 17.6953
-0.000190068 17.7148

-0.000190068 17.7148
-0.000190005 17.7344

-0.000190013 17.7344
-0.000189972 17.7539

-0.000189974 17.7539
-0.000189934 17.7734

-0.000189936 17.7734
-0.000189891 17.793

-0.000189894 17.793
-0.000189835 17.8125

-0.000189834 17.8125
-0.000189758 17.832

-0.000189758 17.832
-0.000189667 17.8516

-0.000189666 17.8516
-0.000189561 17.8711

-0.000189561 17.8711
-0.000189442 17.8906

-0.000189446 17.8906
-0.000189306 17.9102

-0.000189306 17.9102
-0.00018914 17.9297

-0.000189144 17.9297
-0.000188944 17.9492

-0.000188945 17.9492
-0.0001887 17.9688

-0.000188662 17.9688
-0.000188231 18.0078

-0.000188274 18.0078
-0.000187867 18.0469

-0.000187849 18.0469
-0.000187629 18.0664

-0.00018763 18.0664
-0.000187426 18.0859

-0.000187431 18.0859
-0.00018723 18.1055

-0.00018723 18.1055
-0.00018702 18.125

-0.000187023 18.125
-0.000186799 18.1445

-0.000186802 18.1445
-0.000186554 18.1641

-0.000186545 18.1641
-0.000186028 18.2031

-0.000186029 18.2031
-0.000185762 18.2227

-0.000185762 18.2227
-0.000185487 18.2422

-0.000185458 18.2422
-0.000185013 18.2812

-0.000185023 18.2812
-0.000184719 18.3203

-0.000184723 18.3203
-0.000184533 18.3594

-0.000184553 18.3594
-0.000184493 18.3789

-0.00018449 18.3789
-0.000184427 18.3984

-0.000184425 18.3984
-0.000184371 18.418

-0.000184372 18.418
-0.000184329 18.4375

-0.000184328 18.4375
-0.000184294 18.457

-0.000184292 18.457
-0.000184274 18.4766

-0.000184263 18.4766
-0.00018431 18.5156

-0.000184335 18.5156
-0.000184394 18.5352

-0.000184394 18.5352
-0.000184438 18.5547

-0.00018442 18.5547
-0.000184548 18.5938

-0.000184549 18.5938
-0.000184745 18.6328

-0.000184756 18.6328
-0.000184876 18.6523

-0.000184873 18.6523
-0.000184998 18.6719

-0.000185004 18.6719
-0.000185128 18.6914

-0.000185125 18.6914
-0.000185243 18.7109

-0.000185245 18.7109
-0.00018536 18.7305

-0.00018536 18.7305
-0.000185471 18.75

-0.000185449 18.75
-0.000185747 18.7891

-0.00018577 18.7891
-0.00018614 18.8281

-0.000186135 18.8281
-0.00018654 18.8672

-0.000186556 18.8672
-0.000186769 18.8867

-0.000186767 18.8867
-0.000186963 18.9062

-0.000186965 18.9062
-0.000187144 18.9258

-0.000187144 18.9258
-0.000187301 18.9453

-0.0001873 18.9453
-0.000187436 18.9648

-0.000187436 18.9648
-0.000187555 18.9844

-0.000187531 18.9844
-0.000187833 19.0234

-0.000187873 19.0234
-0.000188199 19.0625

-0.0001882 19.0625
-0.000188341 19.082

-0.000188337 19.082
-0.000188458 19.1016

-0.000188449 19.1016
-0.000188702 19.1406

-0.000188716 19.1406
-0.000188846 19.1602

-0.000188846 19.1602
-0.000188951 19.1797

-0.000188948 19.1797
-0.000189033 19.1992

-0.000189037 19.1992
-0.0001891 19.2188

-0.000189099 19.2188
-0.000189136 19.2383

-0.000189135 19.2383
-0.000189147 19.2578

-0.00018914 19.2578
-0.000189145 19.2969

-0.000189119 19.2969
-0.00018916 19.3359

-0.000189185 19.3359
-0.000189263 19.375

-0.000189262 19.375
-0.000189296 19.3945

-0.000189298 19.3945
-0.000189327 19.4141

-0.000189324 19.4141
-0.000189347 19.4336

-0.000189351 19.4336
-0.000189364 19.4531

-0.000189361 19.4531
-0.000189361 19.4922

-0.000189349 19.4922
-0.000189344 19.5312

-0.00018935 19.5312
-0.000189353 19.5508

-0.00018935 19.5508
-0.000189351 19.5703

-0.000189358 19.5703
-0.000189349 19.5898

-0.000189345 19.5898
-0.000189322 19.6094

-0.000189321 19.6094
-0.000189294 19.6289

-0.000189293 19.6289
-0.000189265 19.6484

-0.000189269 19.6484
-0.000189206 19.6875

-0.000189189 19.6875
-0.000189144 19.7266

-0.000189161 19.7266
-0.000189134 19.7656

-0.000189131 19.7656
-0.000189097 19.8047

-0.000189087 19.8047
-0.000189071 19.8438

-0.00018909 19.8438
-0.000189089 19.8633

-0.000189087 19.8633
-0.000189059 19.8828

-0.000189058 19.8828
-0.000189008 19.9023

-0.000189006 19.9023
-0.00018894 19.9219

-0.000188921 19.9219
-0.000188841 19.9609

-0.000188855 19.9609
-0.000188844 19.9805

-0.000188842 19.9805
-0.000188838 20

0.0388065 0
0.0390625 0.00118852

0.0348411 0.0195312
0.0390625 0.0237267

0.0390625 0.00219134
0.0585938 0.00284609

0.078125 0.00925699
0.0773167 0.0195312

0.0893968 0
0.0865242 0.0195312

0.0831586 0.0195312
0.0811534 0.0390625

0.0828205 0.0390625
0.0848891 0.0585938

0.0857286 0.0585938
0.0868289 0.078125

0.0976562 0.075362
0.0978591 0.078125

0.0860402 0.078125
0.0860688 0.0976562

0.0860834 0.0976562
0.0866029 0.117188

0.0976562 0.0958447
0.0976586 0.0976562

0.0868443 0.117188
0.087343 0.136719

0.0873052 0.136719
0.0873761 0.15625

0.0872404 0.15625
0.0872309 0.175781

0.0871999 0.175781
0.0874435 0.195312

0.087542 0.195312
0.0879035 0.214844

0.0880192 0.214844
0.08807 0.234375

0.0880956 0.234375
0.0875532 0.253906

0.087514 0.253906
0.0864053 0.273438

0.0863217 0.273438
0.0848922 0.292969

0.0847771 0.292969
0.0834244 0.3125

0.078125 0.45325
0.0771856 0.46875

0.0833732 0.3125
0.0824297 0.332031

0.0824736 0.332031
0.0819536 0.351562

0.0820375 0.351562
0.0816857 0.371094

0.0817458 0.371094
0.0812741 0.390625

0.0812865 0.390625
0.0805499 0.410156

0.0805288 0.410156
0.0795447 0.429688

0.0795164 0.429688
0.0783838 0.449219

0.078125 0.452742
0.0783385 0.449219

0.0771675 0.46875
0.0759976 0.488281

0.0759923 0.488281
0.0748712 0.507812

0.0748735 0.507812
0.0738071 0.527344

0.0738168 0.527344
0.072781 0.546875

0.0727934 0.546875
0.0717439 0.566406

0.0717535 0.566406
0.0706461 0.585938

0.0706495 0.585938
0.0694583 0.605469

0.0694562 0.605469
0.0681787 0.625

0.449492 0
0.450636 0.0195312

0.450598 0.0195312
0.454108 0.0390625

0.453996 0.0390625
0.460171 0.0585938

0.460003 0.0585938
0.46875 0.0766753

0.46875 0.0778219
0.468897 0.078125

0.469013 0.078125
0.482946 0.0976562

0.483465 0.0976562
0.488281 0.103081

0.488281 0.10388
0.502829 0.117188

0.50286 0.117188
0.507812 0.121015

0.507812 0.12096
0.527344 0.132696

0.527344 0.132497
0.538421 0.136719

0.538604 0.136719
0.546875 0.139871

0.546875 0.13983
0.566406 0.143601

0.566406 0.143617
0.585938 0.143845

0.585938 0.143913
0.605469 0.140431

0.625 0.133376
0.616454 0.136719

0.605469 0.14017
0.614292 0.136719

0.0681742 0.625
0.0668234 0.644531

0.0668197 0.644531
0.0654118 0.664062

0.0654101 0.664062
0.0639562 0.683594

0.0639574 0.683594
0.0624587 0.703125

0.0624642 0.703125
0.0609074 0.722656

0.0609164 0.722656
0.0592724 0.742188

0.0585938 0.749803
0.0575151 0.761719

0.057518 0.761719
0.0555988 0.78125

0.0585938 0.749764
0.0592796 0.742188

0.0556026 0.78125
0.0535162 0.800781

0.0535183 0.800781
0.0512528 0.820312

0.0512512 0.820312
0.0488056 0.839844

0.0488018 0.839844
0.0461873 0.859375

0.0390625 0.907646
0.0374067 0.917969

0.0373564 0.917969
0.0340074 0.9375

0.0461862 0.859375
0.0434128 0.878906

0.0434179 0.878906
0.0404775 0.898438

0.0390625 0.906896
0.0404192 0.898438

0.0340061 0.9375
0.0304352 0.957031

0.0304298 0.957031
0.0266505 0.976562

0.0195312 1.01113
0.0185798 1.01562

0.0266442 0.976562
0.0226795 0.996094

0.0195312 1.0109
0.0226673 0.996094

0.0185547 1.01562
0.0142273 1.03516

0.0142327 1.03516
0.00967951 1.05469

0.00967003 1.05469
0.00489918 1.07422

0 1.09355
0.00487886 1.07422

0.69508 0
0.694101 0.0195312

0.694082 0.0195312
0.691181 0.0390625

0.683594 0.0655149
0.678223 0.078125

0.691341 0.0390625
0.686237 0.0585938

0.683594 0.065787
0.686657 0.0585938

0.664062 0.100609
0.648343 0.117188

0.625 0.133351
0.644531 0.120431

0.644531 0.120895
0.648857 0.117188

0.67839 0.078125
0.665915 0.0976562

0.664062 0.0997081
0.665649 0.0976562

2.01827 0
2.01921 0.0195312

2.01915 0.0195312
2.02212 0.0390625

2.022 0.0390625
2.02735 0.0585938

2.02709 0.0585938
2.03125 0.0683305

2.03125 0.0679763
2.03558 0.078125

2.03546 0.078125
2.04726 0.0976562

2.04682 0.0976562
2.05078 0.102902

2.05078 0.102444
2.06322 0.117188

2.06511 0.117188
2.07031 0.122301

2.07031 0.124558
2.08534 0.136719

2.08745 0.136719
2.08984 0.138397

2.08984 0.139399
2.10938 0.150151

2.10938 0.150201
2.12635 0.15625

2.12722 0.15625
2.12891 0.156852

2.12891 0.156942
2.14844 0.16044

2.14844 0.160368
2.16797 0.160919

2.16797 0.160896
2.1875 0.158691

2.20703 0.153552
2.19654 0.15625

2.20703 0.153823
2.22656 0.145673

2.24609 0.133825
2.24122 0.136719

2.22656 0.145831
2.2419 0.136719

2.24609 0.134458
2.26562 0.118612

2.30469 0.0629571
2.29759 0.078125

2.31795 0
2.31669 0.0195312

2.31667 0.0195312
2.31291 0.0390625

2.31297 0.0390625
2.30666 0.0585938

2.30469 0.063066
2.30678 0.0585938

2.28516 0.09758
2.2851 0.0976562

2.28516 0.0976857
2.26716 0.117188

2.28516 0.0974805
2.29804 0.078125

2.26562 0.118446
2.26696 0.117188

2.1875 0.158919
2.19788 0.15625

