0 1.76757
0.00277364 1.77734

0.00278902 1.77734
0.00798417 1.79688

0.00798729 1.79688
0.0128234 1.81641

0.0128273 1.81641
0.0172904 1.83594

0.0172876 1.83594
0.0195312 1.84664

0.0195312 1.84667
0.0213747 1.85547

0.0213838 1.85547
0.025109 1.875

-2.17447 0
-2.16797 0.0159665

-2.16797 0.0182205
-2.1674 0.0195312

-2.16481 0.0195312
-2.14844 0.0344847

-2.14844 0.0368063
-2.13042 0.0390625

-2.12891 0.0380078
-2.10938 0.0232813

-2.13863 0.0390625
-2.12891 0.0402688

0.0251087 1.875
0.0284549 1.89453

0.0284539 1.89453
0.0314235 1.91406

0.0314248 1.91406
0.0340172 1.93359

0.0340194 1.93359
0.0362277 1.95312

0.0362291 1.95312
0.0380461 1.97266

0.038084 1.97266
0.0390625 1.9861

0.0390625 1.98804
0.039364 1.99219

0.0394681 1.99219
0.0404918 2.01172

0.0404894 2.01172
0.0411205 2.03125

0.0411183 2.03125
0.0413657 2.05078

0.0413627 2.05078
0.0412371 2.07031

0.0412309 2.07031
0.0407506 2.08984

0.0407546 2.08984
0.0399242 2.10938

0.0390625 2.12357
0.038744 2.12891

0.0387518 2.12891
0.0372671 2.14844

0.0372726 2.14844
0.0354484 2.16797

0.0354478 2.16797
0.0332742 2.1875

0.0390625 2.12364
0.0399136 2.10938

0.0332744 2.1875
0.0307524 2.20703

0.0307585 2.20703
0.0278754 2.22656

0.027864 2.22656
0.0246303 2.24609

0.0246241 2.24609
0.0210751 2.26562

0.0195312 2.2735
0.017246 2.28516

0.0172353 2.28516
0.0131433 2.30469

0.0195312 2.27335
0.0210467 2.26562

0.0131355 2.30469
0.0087948 2.32422

0.00879881 2.32422
0.00421685 2.34375

0 2.36092
0.00416415 2.34375

-2.0982 0
-2.1055 0.0195312

-2.10938 0.0274944
-2.10278 0.0195312

-1.62552 0
-1.62109 0.00865088

-1.61544 0
-1.60156 0.0103271

-1.60156 0.00658985
-1.58203 0.00150268

-1.58203 0.0113813
-1.57367 0

-1.48724 0
-1.48438 0.00722356

-1.48438 0.00331875
-1.46484 0.00779022

-1.46484 0.010765
-1.45927 0

-1.38707 0
-1.38672 0.00100305

-1.38672 0.000725459
-1.37101 0

2.2422 0
2.24519 0.0195312

2.24362 0.0195312
2.24609 0.0246558

2.24609 0.0238334
2.25612 0.0390625

2.25384 0.0390625
2.26562 0.0493271

2.26562 0.046843
2.28516 0.0565805

2.28516 0.0550689
2.30015 0.0585938

2.29572 0.0585938
2.30469 0.060703

2.30469 0.0601081
2.32422 0.0616855

2.32422 0.0616938
2.34375 0.0600665

2.38281 0.0282993
2.37695 0.0390625

2.36328 0.0534016
2.35288 0.0585938

2.34375 0.0613695
2.34981 0.0585938

2.36328 0.0514319
2.37569 0.0390625

2.38837 0
2.3858 0.0195312

2.38281 0.0271254
2.38668 0.0195312

-1.03971 0
-1.03606 0.0195312

-1.03539 0.0195312
-1.03516 0.0199813

-1.03516 0.0233286
-1.02381 0.0390625

-1.02405 0.0390625
-1.01562 0.0464851

-1.01562 0.046416
-0.996094 0.0557699

-0.996094 0.0548583
-0.976562 0.0547448

-0.9375 0.0249277
-0.948015 0.0390625

-0.976562 0.0550921
-0.957031 0.0466398

-0.957031 0.0482781
-0.945844 0.0390625

-0.931156 0
-0.934966 0.0195312

-0.9375 0.0262127
-0.933851 0.0195312

-0.664062 0.271888
-0.665779 0.273438

-0.683594 0.291145
-0.685247 0.292969

-0.685245 0.292969
-0.701122 0.3125

-0.683594 0.291113
-0.665867 0.273438

-0.664062 0.272047
-0.644531 0.2558

-0.625 0.24186
-0.641676 0.253906

-0.644531 0.25586
-0.64188 0.253906

-0.722656 0.350651
-0.723099 0.351562

-0.703125 0.315614
-0.713695 0.332031

-0.722656 0.350625
-0.713552 0.332031

-0.723065 0.351562
-0.729995 0.371094

-0.729869 0.371094
-0.734521 0.390625

-0.734462 0.390625
-0.737204 0.410156

-0.737159 0.410156
-0.738196 0.429688

-0.738147 0.429688
-0.737666 0.449219

-0.737608 0.449219
-0.735822 0.46875

-0.703125 0.315642
-0.701086 0.3125

-0.735762 0.46875
-0.732908 0.488281

-0.73288 0.488281
-0.729134 0.507812

-0.729126 0.507812
-0.724559 0.527344

-0.724547 0.527344
-0.722656 0.534224

-0.722656 0.534278
-0.719194 0.546875

-0.719159 0.546875
-0.713051 0.566406

-0.713042 0.566406
-0.706272 0.585938

-0.706228 0.585938
-0.703125 0.594112

-0.703125 0.59431
-0.698889 0.605469

-0.698822 0.605469
-0.690835 0.625

-0.690837 0.625
-0.683594 0.641618

-0.683594 0.641788
-0.682398 0.644531

-0.682339 0.644531
-0.673265 0.664062

-0.673233 0.664062
-0.664062 0.682748

-0.664062 0.682882
-0.663713 0.683594

-0.66368 0.683594
-0.65358 0.703125

-0.653561 0.703125
-0.644531 0.719668

-0.644531 0.719816
-0.642981 0.722656

-0.642864 0.722656
-0.631752 0.742188

-0.631609 0.742188
-0.625 0.753338

-0.605469 0.229523
-0.613116 0.234375

-0.605469 0.22957
-0.585938 0.21839

-0.566406 0.208257
-0.579113 0.214844

-0.585938 0.218459
-0.578963 0.214844

-0.566406 0.208337
-0.546875 0.199123

-0.625 0.241912
-0.613183 0.234375

-0.527344 0.19062
-0.538125 0.195312

-0.527344 0.190638
-0.507812 0.182822

-0.546875 0.199225
-0.537884 0.195312

-0.488281 0.175583
-0.488811 0.175781

-0.507812 0.182949
-0.488696 0.175781

-0.488281 0.17553
-0.46875 0.168638

-0.429688 0.156234
-0.410156 0.15049

-0.410156 0.150563
-0.390625 0.145252

-0.390625 0.14527
-0.371094 0.140214

-0.351562 0.135231
-0.357533 0.136719

-0.371094 0.140279
-0.356802 0.136719

-0.351562 0.135265
-0.332031 0.130755

-0.332031 0.130818
-0.3125 0.12673

-0.46875 0.168674
-0.449219 0.16233

-0.449219 0.16243
-0.429688 0.156362

-0.429688 0.156408
-0.429149 0.15625

-0.3125 0.126742
-0.292969 0.122924

-0.292969 0.12292
-0.273438 0.119355

-0.253906 0.115973
-0.261135 0.117188

-0.253906 0.116017
-0.234375 0.113129

-0.273438 0.119391
-0.260322 0.117188

-0.234375 0.113203
-0.214844 0.11065

-0.214844 0.110696
-0.195312 0.108238

-0.195312 0.108253
-0.175781 0.105769

-0.175781 0.105794
-0.15625 0.103201

-0.15625 0.103175
-0.136719 0.100476

-0.136719 0.100502
-0.117188 0.0976973

-0.117188 0.0975469
-0.0976562 0.0948834

-0.117188 0.0977393
-0.116579 0.0976562

-0.0976562 0.0949258
-0.078125 0.0926196

-0.078125 0.0926537
-0.0585938 0.0905546

-0.0585938 0.0905608
-0.0390625 0.0885882

-0.0390625 0.0885735
-0.0195312 0.0867441

-0.0195312 0.0867438
0 0.0850876

-0.625 0.754153
-0.620516 0.761719

-0.620194 0.761719
-0.608118 0.78125

-0.60778 0.78125
-0.605469 0.784903

-0.605469 0.785528
-0.595689 0.800781

-0.595453 0.800781
-0.585938 0.81516

-0.585938 0.815889
-0.583034 0.820312

-0.582637 0.820312
-0.569394 0.839844

-0.569212 0.839844
-0.566406 0.844008

-0.566406 0.844206
-0.555897 0.859375

-0.555732 0.859375
-0.546875 0.871945

-0.546875 0.872328
-0.54229 0.878906

-0.542032 0.878906
-0.528164 0.898438

-0.528171 0.898438
-0.527344 0.899614

-0.527344 0.89962
-0.514247 0.917969

-0.514232 0.917969
-0.507812 0.926907

-0.507812 0.926934
-0.500178 0.9375

-0.500127 0.9375
-0.488281 0.953596

-0.488281 0.953791
-0.48592 0.957031

-0.485724 0.957031
-0.471213 0.976562

-0.471168 0.976562
-0.46875 0.979853

-0.46875 0.97987
-0.456688 0.996094

-0.456604 0.996094
-0.449219 1.00605

-0.449219 1.00622
-0.44226 1.01562

-0.442155 1.01562
-0.429688 1.03217

-0.429688 1.03265
-0.427811 1.03516

-0.427468 1.03516
-0.412501 1.05469

-0.41239 1.05469
-0.410156 1.05761

-0.410156 1.05763
-0.397419 1.07422

-0.39731 1.07422
-0.390625 1.08309

-0.390625 1.08321
-0.38264 1.09375

-0.382509 1.09375
-0.371094 1.10877

-0.371094 1.10918
-0.368017 1.11328

-0.367772 1.11328
-0.352812 1.13281

-0.352734 1.13281
-0.351562 1.13434

-0.351562 1.13436
-0.337727 1.15234

-0.33755 1.15234
-0.332031 1.15971

-0.332031 1.15983
-0.322879 1.17188

-0.322731 1.17188
-0.3125 1.18553

-0.3125 1.18596
-0.30851 1.19141

-0.308246 1.19141
-0.293707 1.21094

-0.293657 1.21094
-0.292969 1.21187

-0.292969 1.21189
-0.279211 1.23047

-0.279034 1.23047
-0.273438 1.23822

-0.273438 1.23843
-0.265025 1.25

-0.264879 1.25
-0.253906 1.26542

-0.253906 1.26602
-0.251471 1.26953

-0.25115 1.26953
-0.237389 1.28906

-0.237211 1.28906
-0.234375 1.2932

-0.234375 1.29327
-0.223727 1.30859

-0.223619 1.30859
-0.214844 1.32157

-0.214844 1.32203
-0.210773 1.32812

-0.210574 1.32812
-0.197601 1.34766

-0.19747 1.34766
-0.195312 1.35103

-0.195312 1.35108
-0.184839 1.36719

-0.184779 1.36719
-0.175781 1.38147

-0.175781 1.38187
-0.172748 1.38672

-0.172588 1.38672
-0.160567 1.40625

-0.160451 1.40625
-0.15625 1.41326

-0.15625 1.4134
-0.148831 1.42578

-0.148831 1.42578
-0.137504 1.44531

-0.137495 1.44531
-0.136719 1.44669

-0.136719 1.44672
-0.126487 1.46484

-0.126441 1.46484
-0.117188 1.48174

-0.117188 1.48199
-0.115883 1.48438

-0.11578 1.48438
-0.105435 1.50391

-0.105403 1.50391
-0.0976562 1.51903

-0.0976562 1.51921
-0.0954911 1.52344

-0.095431 1.52344
-0.0857719 1.54297

-0.0857453 1.54297
-0.078125 1.55895

-0.078125 1.55913
-0.0765157 1.5625

-0.0764482 1.5625
-0.0674975 1.58203

-0.0674938 1.58203
-0.0589099 1.60156

-0.0589058 1.60156
-0.0585938 1.6023

-0.0585938 1.60231
-0.0507007 1.62109

-0.0507048 1.62109
-0.0428628 1.64062

-0.0428564 1.64062
-0.0390625 1.65051

-0.0390625 1.65057
-0.0353861 1.66016

-0.0353778 1.66016
-0.0282193 1.67969

-0.028224 1.67969
-0.0213841 1.69922

-0.0213724 1.69922
-0.0195312 1.70473

-0.0195312 1.70477
-0.0148585 1.71875

-0.0148522 1.71875
-0.00863993 1.73828

-0.00863444 1.73828
-0.00275388 1.75781

-0.0027434 1.75781
0 1.76748

0 2.36111
-0.000526415 2.36328

-0.000558868 2.36328
-0.00537117 2.38281

-0.00538635 2.38281
-0.0102603 2.40234

-0.0102783 2.40234
-0.0151477 2.42188

-0.0195312 2.43972
-0.0199426 2.44141

-0.01997 2.44141
-0.0245581 2.46094

-0.0195312 2.43969
-0.015175 2.42188

-0.0245785 2.46094
-0.0288983 2.48047

-0.0289199 2.48047
-0.0328872 2.5

-0.0390625 2.53696
-0.0393823 2.53906

-0.0394087 2.53906
-0.0418191 2.55859

-0.0418352 2.55859
-0.0435957 2.57812

-0.0329252 2.5
-0.0364208 2.51953

-0.0390625 2.53698
-0.0364091 2.51953

-0.0436059 2.57812
-0.0446639 2.59766

-0.0446615 2.59766
-0.0450017 2.61719

-0.0449979 2.61719
-0.0446326 2.63672

-0.0446285 2.63672
-0.0435733 2.65625

-0.0435562 2.65625
-0.0418536 2.67578

-0.0418133 2.67578
-0.0395781 2.69531

-0.0395643 2.69531
-0.0390625 2.69898

-0.0390625 2.69903
-0.0369005 2.71484

-0.0368824 2.71484
-0.033826 2.73438

-0.033798 2.73438
-0.0304455 2.75391

-0.0304131 2.75391
-0.0268853 2.77344

-0.026855 2.77344
-0.0232775 2.79297

-0.0232438 2.79297
-0.0197446 2.8125

-0.0197272 2.8125
-0.0195312 2.81365

-0.0195312 2.8137
-0.0163996 2.83203

-0.0163821 2.83203
-0.0132563 2.85156

-0.0132441 2.85156
-0.0103882 2.87109

-0.0103792 2.87109
-0.0078353 2.89062

-0.00782739 2.89062
-0.00562925 2.91016

-0.00562132 2.91016
-0.00380064 2.92969

-0.00379298 2.92969
-0.00238095 2.94922

-0.00237534 2.94922
-0.00139852 2.96875

-0.00139519 2.96875
-0.000871468 2.98828

-0.00087068 2.98828
-0.000808286 3.00781

-0.000811794 3.00781
-0.00120529 3.02734

-0.00121319 3.02734
-0.00203976 3.04688

-0.00205188 3.04688
-0.0032715 3.06641

-0.00328875 3.06641
-0.0048427 3.08594

-0.00486409 3.08594
-0.00667509 3.10547

-0.00669896 3.10547
-0.00867646 3.125

-0.00870219 3.125
-0.010747 3.14453

-0.0107736 3.14453
-0.012781 3.16406

-0.0128093 3.16406
-0.0146695 3.18359

-0.0146975 3.18359
-0.0162978 3.20312

-0.0163205 3.20312
-0.0175594 3.22266

-0.0175738 3.22266
-0.0183769 3.24219

-0.0183825 3.24219
-0.0187101 3.26172

-0.0187064 3.26172
-0.0185548 3.28125

-0.0185424 3.28125
-0.0179437 3.30078

-0.0179252 3.30078
-0.0169412 3.32031

-0.016919 3.32031
-0.0156313 3.33984

-0.0156067 3.33984
-0.0141085 3.35938

-0.0140832 3.35938
-0.0124743 3.37891

-0.0124495 3.37891
-0.01083 3.39844

-0.0108076 3.39844
-0.00927179 3.41797

-0.00925235 3.41797
-0.00788391 3.4375

-0.00786799 3.4375
-0.00673765 3.45703

-0.00672555 3.45703
-0.00588934 3.47656

-0.00588166 3.47656
-0.00537913 3.49609

-0.00537609 3.49609
-0.00522868 3.51562

-0.00523128 3.51562
-0.00543988 3.53516

-0.00544938 3.53516
-0.00598982 3.55469

-0.00600706 3.55469
-0.00682586 3.57422

-0.00685127 3.57422
-0.0078631 3.59375

-0.00789594 3.59375
-0.0089843 3.61328

-0.00902297 3.61328
-0.0100448 3.63281

-0.0100807 3.63281
-0.010887 3.65234

-0.0109113 3.65234
-0.0113816 3.67188

-0.01139 3.67188
-0.0114591 3.69141

-0.0114504 3.69141
-0.011119 3.71094

-0.0110954 3.71094
-0.0104281 3.73047

-0.0103956 3.73047
-0.00950443 3.75

-0.00946991 3.75
-0.00848901 3.76953

-0.00845789 3.76953
-0.00751852 3.78906

-0.00749438 3.78906
-0.00670707 3.80859

-0.00669191 3.80859
-0.00613525 3.82812

-0.00612951 3.82812
-0.00584531 3.84766

-0.005848 3.84766
-0.00584235 3.86719

-0.00585367 3.86719
-0.00609854 3.88672

-0.00611955 3.88672
-0.00655027 3.90625

-0.00657925 3.90625
-0.00709583 3.92578

-0.0071278 3.92578
-0.00760836 3.94531

-0.00763572 3.94531
-0.00796158 3.96484

-0.00797579 3.96484
-0.00806382 3.98438

-0.00805867 3.98438
-0.00789072 4.00391

-0.00786863 4.00391
-0.00749919 4.02344

-0.00746961 4.02344
-0.00700203 4.04297

-0.00697497 4.04297
-0.00652254 4.0625

-0.00650481 4.0625
-0.00615709 4.08203

-0.00615077 4.08203
-0.00595586 4.10156

-0.00596086 4.10156
-0.00592136 4.12109

-0.00593614 4.12109
-0.00601248 4.14062

-0.00603233 4.14062
-0.00615525 4.16016

-0.00617212 4.16016
-0.00626815 4.17969

-0.00627531 4.17969
-0.00629641 4.19922

-0.00629332 4.19922
-0.00623132 4.21875

-0.00622234 4.21875
-0.0061014 4.23828

-0.00609189 4.23828
-0.005949 4.25781

-0.00594256 4.25781
-0.00580961 4.27734

-0.0058074 4.27734
-0.00570168 4.29688

-0.00570292 4.29688
-0.00562636 4.31641

-0.00562933 4.31641
-0.00557353 4.33594

-0.00557649 4.33594
-0.00552957 4.35547

-0.00553145 4.35547
-0.00548376 4.375

-0.00548434 4.375
-0.00543097 4.39453

-0.0054306 4.39453
-0.00537114 4.41406

-0.0053704 4.41406
-0.00530708 4.43359

-0.0053064 4.43359
-0.00524208 4.45312

-0.00524168 4.45312
-0.00517849 4.47266

-0.00517838 4.47266
-0.00511733 4.49219

-0.00511741 4.49219
-0.00505855 4.51172

-0.00505869 4.51172
-0.00500159 4.53125

-0.00500171 4.53125
-0.00494584 4.55078

-0.0049459 4.55078
-0.00489091 4.57031

-0.00489092 4.57031
-0.00483666 4.58984

-0.00483668 4.58984
-0.00478308 4.60938

-0.00478306 4.60938
-0.00473013 4.62891

-0.0047301 4.62891
-0.00467793 4.64844

-0.00467793 4.64844
-0.00462658 4.66797

-0.00462658 4.66797
-0.00457606 4.6875

-0.00457607 4.6875
-0.00452634 4.70703

-0.00452636 4.70703
-0.00447738 4.72656

-0.00447739 4.72656
-0.00442912 4.74609

-0.00442913 4.74609
-0.00438153 4.76562

-0.00438153 4.76562
-0.00433459 4.78516

-0.00433459 4.78516
-0.00428828 4.80469

-0.00428828 4.80469
-0.00424262 4.82422

-0.00424262 4.82422
-0.00419759 4.84375

-0.00419759 4.84375
-0.00415322 4.86328

-0.00415322 4.86328
-0.0041095 4.88281

-0.00410951 4.88281
-0.00406643 4.90234

-0.00406643 4.90234
-0.00402397 4.92188

-0.00402398 4.92188
-0.00398213 4.94141

-0.00398213 4.94141
-0.00394087 4.96094

-0.00394087 4.96094
-0.00390021 4.98047

-0.00390023 4.98047
-0.00386016 5

-0.00386011 5
-0.00382069 5.01953

-0.00382078 5.01953
-0.00378193 5.03906

-0.00378188 5.03906
-0.00374351 5.05859

-0.00374354 5.05859
-0.00370569 5.07812

-0.00370567 5.07812
-0.0036683 5.09766

-0.0036683 5.09766
-0.00363146 5.11719

-0.00363146 5.11719
-0.00359516 5.13672

-0.00359517 5.13672
-0.00355937 5.15625

-0.00355938 5.15625
-0.00352407 5.17578

-0.00352407 5.17578
-0.0034892 5.19531

-0.00348921 5.19531
-0.00345475 5.21484

-0.00345475 5.21484
-0.00342069 5.23438

-0.00342069 5.23438
-0.00338703 5.25391

-0.00338704 5.25391
-0.0033538 5.27344

-0.00335379 5.27344
-0.00332097 5.29297

-0.00332097 5.29297
-0.00328859 5.3125

-0.00328858 5.3125
-0.00325666 5.33203

-0.00325667 5.33203
-0.00322519 5.35156

-0.0032252 5.35156
-0.00319416 5.37109

-0.00319416 5.37109
-0.00316356 5.39062

-0.00316357 5.39062
-0.0031334 5.41016

-0.0031334 5.41016
-0.00310364 5.42969

-0.00310364 5.42969
-0.00307427 5.44922

-0.00307427 5.44922
-0.00304531 5.46875

-0.00304531 5.46875
-0.00301677 5.48828

-0.00301677 5.48828
-0.00298862 5.50781

-0.00298863 5.50781
-0.00296085 5.52734

-0.00296086 5.52734
-0.00293342 5.54688

-0.00293342 5.54688
-0.00290632 5.56641

-0.00290632 5.56641
-0.00287956 5.58594

-0.00287956 5.58594
-0.00285313 5.60547

-0.00285314 5.60547
-0.00282704 5.625

-0.00282704 5.625
-0.00280125 5.64453

-0.00280125 5.64453
-0.00277576 5.66406

-0.00277576 5.66406
-0.00275057 5.68359

-0.00275057 5.68359
-0.00272567 5.70312

-0.00272567 5.70312
-0.00270105 5.72266

-0.00270105 5.72266
-0.00267674 5.74219

-0.00267673 5.74219
-0.00265272 5.76172

-0.00265272 5.76172
-0.00262902 5.78125

-0.00262902 5.78125
-0.00260562 5.80078

-0.00260563 5.80078
-0.00258253 5.82031

-0.00258253 5.82031
-0.00255972 5.83984

-0.00255972 5.83984
-0.00253719 5.85938

-0.00253719 5.85938
-0.00251495 5.87891

-0.00251495 5.87891
-0.00249297 5.89844

-0.00249298 5.89844
-0.00247126 5.91797

-0.00247126 5.91797
-0.00244977 5.9375

-0.00244977 5.9375
-0.00242851 5.95703

-0.00242851 5.95703
-0.0024075 5.97656

-0.0024075 5.97656
-0.00238675 5.99609

-0.00238675 5.99609
-0.00236626 6.01562

-0.00236627 6.01562
-0.00234603 6.03516

-0.00234603 6.03516
-0.00232604 6.05469

-0.00232604 6.05469
-0.00230627 6.07422

-0.00230627 6.07422
-0.00228674 6.09375

-0.00228674 6.09375
-0.00226744 6.11328

-0.00226744 6.11328
-0.00224835 6.13281

-0.00224836 6.13281
-0.00222947 6.15234

-0.00222947 6.15234
-0.00221078 6.17188

-0.00221078 6.17188
-0.00219231 6.19141

-0.00219231 6.19141
-0.00217406 6.21094

-0.00217406 6.21094
-0.00215604 6.23047

-0.00215604 6.23047
-0.00213823 6.25

-0.00213823 6.25
-0.00212061 6.26953

-0.00212061 6.26953
-0.00210317 6.28906

-0.00210317 6.28906
-0.00208591 6.30859

-0.00208591 6.30859
-0.00206883 6.32812

-0.00206883 6.32812
-0.00205194 6.34766

-0.00205194 6.34766
-0.00203523 6.36719

-0.00203523 6.36719
-0.0020187 6.38672

-0.0020187 6.38672
-0.00200235 6.40625

-0.00200235 6.40625
-0.00198618 6.42578

-0.00198617 6.42578
-0.00197018 6.44531

-0.00197017 6.44531
-0.00195439 6.46484

-0.00195441 6.46484
-0.00193882 6.48438

-0.0019388 6.48438
-0.00192338 6.50391

-0.00192339 6.50391
-0.00190814 6.52344

-0.00190815 6.52344
-0.00189304 6.54297

-0.00189304 6.54297
-0.00187807 6.5625

-0.00187807 6.5625
-0.00186325 6.58203

-0.00186325 6.58203
-0.0018486 6.60156

-0.0018486 6.60156
-0.0018341 6.62109

-0.0018341 6.62109
-0.00181977 6.64062

-0.00181977 6.64062
-0.00180558 6.66016

-0.00180558 6.66016
-0.00179153 6.67969

-0.00179153 6.67969
-0.00177759 6.69922

-0.00177759 6.69922
-0.00176379 6.71875

-0.00176378 6.71875
-0.0017501 6.73828

-0.0017501 6.73828
-0.00173656 6.75781

-0.00173656 6.75781
-0.00172315 6.77734

-0.00172315 6.77734
-0.00170987 6.79688

-0.00170987 6.79688
-0.0016967 6.81641

-0.0016967 6.81641
-0.00168367 6.83594

-0.00168367 6.83594
-0.00167078 6.85547

-0.00167079 6.85547
-0.00165804 6.875

-0.00165804 6.875
-0.00164543 6.89453

-0.00164543 6.89453
-0.00163295 6.91406

-0.00163296 6.91406
-0.0016206 6.93359

-0.0016206 6.93359
-0.00160834 6.95312

-0.00160833 6.95312
-0.00159617 6.97266

-0.00159617 6.97266
-0.00158411 6.99219

-0.0015841 6.99219
-0.00157216 7.01172

-0.00157216 7.01172
-0.00156034 7.03125

-0.00156034 7.03125
-0.00154864 7.05078

-0.00154864 7.05078
-0.00153707 7.07031

-0.00153707 7.07031
-0.00152562 7.08984

-0.00152562 7.08984
-0.0015143 7.10938

-0.00151429 7.10938
-0.00150311 7.12891

-0.00150311 7.12891
-0.00149207 7.14844

-0.00149208 7.14844
-0.0014812 7.16797

-0.0014812 7.16797
-0.00147046 7.1875

-0.00147047 7.1875
-0.00145988 7.20703

-0.00145988 7.20703
-0.00144944 7.22656

-0.00144944 7.22656
-0.00143911 7.24609

-0.00143912 7.24609
-0.00142889 7.26562

-0.00142889 7.26562
-0.00141874 7.28516

-0.00141874 7.28516
-0.00140865 7.30469

-0.00140863 7.30469
-0.00139862 7.32422

-0.00139862 7.32422
-0.00138871 7.34375

-0.00138872 7.34375
-0.0013789 7.36328

-0.0013789 7.36328
-0.00136914 7.38281

-0.00136913 7.38281
-0.00135945 7.40234

-0.00135946 7.40234
-0.00134989 7.42188

-0.00134989 7.42188
-0.00134039 7.44141

-0.00134039 7.44141
-0.00133096 7.46094

-0.00133096 7.46094
-0.00132161 7.48047

-0.0013216 7.48047
-0.00131232 7.5

-0.00131232 7.5
-0.00130314 7.51953

-0.00130314 7.51953
-0.00129408 7.53906

-0.00129409 7.53906
-0.00128513 7.55859

-0.00128513 7.55859
-0.00127625 7.57812

-0.00127625 7.57812
-0.00126749 7.59766

-0.0012675 7.59766
-0.00125884 7.61719

-0.00125882 7.61719
-0.0012503 7.63672

-0.0012503 7.63672
-0.00124194 7.65625

-0.00124197 7.65625
-0.00123373 7.67578

-0.00123373 7.67578
-0.00122556 7.69531

-0.00122556 7.69531
-0.00121747 7.71484

-0.00121747 7.71484
-0.00120946 7.73438

-0.00120945 7.73438
-0.00120155 7.75391

-0.00120154 7.75391
-0.00119374 7.77344

-0.00119374 7.77344
-0.00118605 7.79297

-0.00118605 7.79297
-0.00117845 7.8125

-0.00117845 7.8125
-0.00117094 7.83203

-0.00117093 7.83203
-0.00116353 7.85156

-0.00116354 7.85156
-0.00115623 7.87109

-0.00115624 7.87109
-0.00114899 7.89062

-0.00114899 7.89062
-0.00114181 7.91016

-0.00114181 7.91016
-0.00113469 7.92969

-0.0011347 7.92969
-0.00112763 7.94922

-0.00112763 7.94922
-0.0011206 7.96875

-0.00112061 7.96875
-0.00111361 7.98828

-0.00111361 7.98828
-0.00110664 8.00781

-0.00110663 8.00781
-0.00109972 8.02734

-0.00109972 8.02734
-0.00109289 8.04688

-0.0010929 8.04688
-0.00108613 8.06641

-0.00108613 8.06641
-0.00107941 8.08594

-0.00107941 8.08594
-0.00107276 8.10547

-0.00107276 8.10547
-0.00106618 8.125

-0.00106618 8.125
-0.00105968 8.14453

-0.00105967 8.14453
-0.00105324 8.16406

-0.00105324 8.16406
-0.00104688 8.18359

-0.00104688 8.18359
-0.00104061 8.20312

-0.00104061 8.20312
-0.00103442 8.22266

-0.00103442 8.22266
-0.00102832 8.24219

-0.00102832 8.24219
-0.00102229 8.26172

-0.00102229 8.26172
-0.00101635 8.28125

-0.00101636 8.28125
-0.0010105 8.30078

-0.00101049 8.30078
-0.00100468 8.32031

-0.00100468 8.32031
-0.000998905 8.33984

-0.000998905 8.33984
-0.000993151 8.35938

-0.000993128 8.35938
-0.000981764 8.39844

-0.000981797 8.39844
-0.000976183 8.41797

-0.000976179 8.41797
-0.000970572 8.4375

-0.000970505 8.4375
-0.000959588 8.47656

-0.000959655 8.47656
-0.000954345 8.49609

-0.000954348 8.49609
-0.000949046 8.51562

-0.00094904 8.51562
-0.000943749 8.53516

-0.000943747 8.53516
-0.000938485 8.55469

-0.0009385 8.55469
-0.00093324 8.57422

-0.000933234 8.57422
-0.00092796 8.59375

-0.000927954 8.59375
-0.00092269 8.61328

-0.000922685 8.61328
-0.000917451 8.63281

-0.000917394 8.63281
-0.000907233 8.67188

-0.000907306 8.67188
-0.000902374 8.69141

-0.00090237 8.69141
-0.000897449 8.71094

-0.000897447 8.71094
-0.000887647 8.75

-0.00088764 8.75
-0.000882764 8.76953

-0.000882763 8.76953
-0.000877926 8.78906

-0.000877938 8.78906
-0.000873119 8.80859

-0.000873111 8.80859
-0.000868304 8.82812

-0.000868302 8.82812
-0.000863527 8.84766

-0.000863526 8.84766
-0.000858787 8.86719

-0.000858724 8.86719
-0.00084958 8.90625

-0.000849678 8.90625
-0.000845259 8.92578

-0.000845252 8.92578
-0.000840804 8.94531

-0.000840803 8.94531
-0.000836339 8.96484

-0.000836335 8.96484
-0.000831864 8.98438

-0.00083185 8.98438
-0.000827406 9.00391

-0.000827407 9.00391
-0.000823016 9.02344

-0.000823026 9.02344
-0.000818667 9.04297

-0.000818666 9.04297
-0.00081432 9.0625

-0.000814261 9.0625
-0.000805832 9.10156

-0.000805897 9.10156
-0.000797729 9.14062

-0.000797735 9.14062
-0.000789685 9.17969

-0.000789699 9.17969
-0.000785709 9.19922

-0.000785709 9.19922
-0.000781727 9.21875

-0.000781728 9.21875
-0.000777754 9.23828

-0.000777751 9.23828
-0.000773787 9.25781

-0.000773789 9.25781
-0.000769834 9.27734

-0.000769833 9.27734
-0.000765887 9.29688

-0.000765889 9.29688
-0.000761948 9.31641

-0.000761948 9.31641
-0.000758007 9.33594

-0.000757985 9.33594
-0.000750196 9.375

-0.000750141 9.375
-0.000742597 9.41406

-0.000742662 9.41406
-0.000739007 9.43359

-0.000739006 9.43359
-0.000735341 9.45312

-0.00073534 9.45312
-0.000731669 9.47266

-0.000731662 9.47266
-0.000727998 9.49219

-0.000727996 9.49219
-0.000724357 9.51172

-0.000724358 9.51172
-0.000720747 9.53125

-0.000720748 9.53125
-0.000713578 9.57031

-0.000713612 9.57031
-0.00071004 9.58984

-0.000710034 9.58984
-0.000706417 9.60938

-0.000706429 9.60938
-0.000702755 9.62891

-0.000702751 9.62891
-0.000699001 9.64844

-0.000698984 9.64844
-0.000695199 9.66797

-0.0006952 9.66797
-0.000691412 9.6875

-0.000691412 9.6875
-0.000687618 9.70703

-0.000687625 9.70703
-0.000683811 9.72656

-0.000683776 9.72656
-0.000676226 9.76562

-0.000676169 9.76562
-0.000668864 9.80469

-0.000668906 9.80469
-0.000661874 9.84375

-0.000661853 9.84375
-0.000655054 9.88281

-0.00065509 9.88281
-0.000651785 9.90234

-0.000651782 9.90234
-0.000648505 9.92188

-0.000648513 9.92188
-0.000645253 9.94141

-0.000645254 9.94141
-0.000641993 9.96094

-0.000641992 9.96094
-0.000638734 9.98047

-0.000638731 9.98047
-0.000635484 10

-0.000635483 10
-0.000632253 10.0195

-0.000632253 10.0195
-0.000629043 10.0391

-0.000629039 10.0391
-0.000625857 10.0586

-0.000625857 10.0586
-0.000622709 10.0781

-0.000622673 10.0781
-0.000616586 10.1172

-0.000616638 10.1172
-0.000613694 10.1367

-0.000613693 10.1367
-0.000610746 10.1562

-0.000610704 10.1562
-0.000604983 10.1953

-0.000605021 10.1953
-0.000602249 10.2148

-0.000602245 10.2148
-0.000599495 10.2344

-0.000599491 10.2344
-0.000596776 10.2539

-0.000596775 10.2539
-0.000594104 10.2734

-0.000594096 10.2734
-0.000588878 10.3125

-0.000588858 10.3125
-0.000583843 10.3516

-0.000583912 10.3516
-0.000579001 10.3906

-0.000579015 10.3906
-0.000576541 10.4102

-0.000576534 10.4102
-0.000574026 10.4297

-0.000574007 10.4297
-0.000569024 10.4688

-0.000569072 10.4688
-0.000566586 10.4883

-0.000566587 10.4883
-0.000564008 10.5078

-0.000563918 10.5078
-0.000558933 10.5469

-0.000559023 10.5469
-0.000556618 10.5664

-0.000556616 10.5664
-0.000554121 10.5859

-0.000554045 10.5859
-0.000549185 10.625

-0.00054927 10.625
-0.000544478 10.6641

-0.000544422 10.6641
-0.000539637 10.7031

-0.000539675 10.7031
-0.000537316 10.7227

-0.000537311 10.7227
-0.000534917 10.7422

-0.000534919 10.7422
-0.000532497 10.7617

-0.0005325 10.7617
-0.000530043 10.7812

-0.000530018 10.7812
-0.000525121 10.8203

-0.000525098 10.8203
-0.000520291 10.8594

-0.000520267 10.8594
-0.000515643 10.8984

-0.000515678 10.8984
-0.000513445 10.918

-0.000513445 10.918
-0.000511219 10.9375

-0.000511211 10.9375
-0.000506806 10.9766

-0.000506824 10.9766
-0.00050464 10.9961

-0.000504638 10.9961
-0.000502442 11.0156

-0.000502438 11.0156
-0.000498045 11.0547

-0.000498007 11.0547
-0.000495828 11.0742

-0.000495832 11.0742
-0.000493737 11.0938

-0.000493752 11.0938
-0.000491704 11.1133

-0.000491703 11.1133
-0.000489674 11.1328

-0.00048968 11.1328
-0.000487663 11.1523

-0.000487663 11.1523
-0.000485646 11.1719

-0.000485642 11.1719
-0.000483631 11.1914

-0.000483625 11.1914
-0.000481639 11.2109

-0.000481643 11.2109
-0.000479686 11.2305

-0.000479684 11.2305
-0.000477754 11.25

-0.000477705 11.25
-0.000474106 11.2891

-0.000474172 11.2891
-0.000470819 11.3281

-0.00047081 11.3281
-0.000467587 11.3672

-0.000467612 11.3672
-0.000466049 11.3867

-0.000466047 11.3867
-0.000464485 11.4062

-0.000464483 11.4062
-0.000461375 11.4453

-0.000461398 11.4453
-0.000459844 11.4648

-0.000459843 11.4648
-0.000458241 11.4844

-0.000458223 11.4844
-0.000454997 11.5234

-0.00045499 11.5234
-0.000451771 11.5625

-0.00045178 11.5625
-0.000450174 11.582

-0.000450172 11.582
-0.000448555 11.6016

-0.000448552 11.6016
-0.000445313 11.6406

-0.000445312 11.6406
-0.000443692 11.6602

-0.000443693 11.6602
-0.000442075 11.6797

-0.000442072 11.6797
-0.000440458 11.6992

-0.000440465 11.6992
-0.000438848 11.7188

-0.000438858 11.7188
-0.000435556 11.7578

-0.000435535 11.7578
-0.000433854 11.7773

-0.000433854 11.7773
-0.000432184 11.7969

-0.000432196 11.7969
-0.000430514 11.8164

-0.000430516 11.8164
-0.000428798 11.8359

-0.000428761 11.8359
-0.000425393 11.875

-0.000425437 11.875
-0.000423785 11.8945

-0.000423786 11.8945
-0.000422074 11.9141

-0.000422067 11.9141
-0.000420307 11.9336

-0.000420291 11.9336
-0.00041853 11.9531

-0.000418524 11.9531
-0.000416803 11.9727

-0.000416807 11.9727
-0.000415128 11.9922

-0.000415164 11.9922
-0.000413446 12.0117

-0.000413434 12.0117
-0.000411632 12.0312

-0.00041155 12.0312
-0.000408148 12.0703

-0.000408209 12.0703
-0.000406618 12.0898

-0.000406615 12.0898
-0.00040502 12.1094

-0.000405023 12.1094
-0.000403424 12.1289

-0.000403424 12.1289
-0.000401818 12.1484

-0.000401807 12.1484
-0.000400216 12.168

-0.000400215 12.168
-0.000398659 12.1875

-0.000398671 12.1875
-0.000397128 12.207

-0.000397129 12.207
-0.000395573 12.2266

-0.000395572 12.2266
-0.000394005 12.2461

-0.000394005 12.2461
-0.000392432 12.2656

-0.000392439 12.2656
-0.000390845 12.2852

-0.000390845 12.2852
-0.000389214 12.3047

-0.000389187 12.3047
-0.000387573 12.3242

-0.00038758 12.3242
-0.000386024 12.3438

-0.000386028 12.3438
-0.00038299 12.3828

-0.000383007 12.3828
-0.000381517 12.4023

-0.000381516 12.4023
-0.000380021 12.4219

-0.000380014 12.4219
-0.000378529 12.4414

-0.000378532 12.4414
-0.000377065 12.4609

-0.000377007 12.4609
-0.000374333 12.5

-0.000374414 12.5
-0.000373197 12.5195

-0.000373196 12.5195
-0.000371941 12.5391

-0.000371948 12.5391
-0.000370647 12.5586

-0.000370646 12.5586
-0.000369287 12.5781

-0.000369276 12.5781
-0.000367881 12.5977

-0.000367881 12.5977
-0.000366469 12.6172

-0.000366467 12.6172
-0.000365039 12.6367

-0.000365038 12.6367
-0.0003636 12.6562

-0.000363596 12.6562
-0.000362158 12.6758

-0.000362159 12.6758
-0.000360725 12.6953

-0.000360681 12.6953
-0.000357999 12.7344

-0.000358036 12.7344
-0.000356791 12.7539

-0.000356788 12.7539
-0.00035557 12.7734

-0.000355551 12.7734
-0.000353255 12.8125

-0.000353278 12.8125
-0.000352198 12.832

-0.000352199 12.832
-0.000351139 12.8516

-0.000351135 12.8516
-0.000349061 12.8906

-0.000349058 12.8906
-0.000348048 12.9102

-0.000348051 12.9102
-0.000347069 12.9297

-0.000347066 12.9297
-0.000346114 12.9492

-0.000346126 12.9492
-0.000345186 12.9688

-0.00034518 12.9688
-0.00034424 12.9883

-0.000344244 12.9883
-0.000343306 13.0078

-0.000343309 13.0078
-0.000342358 13.0273

-0.000342354 13.0273
-0.000341391 13.0469

-0.0003414 13.0469
-0.000340413 13.0664

-0.00034041 13.0664
-0.000339388 13.0859

-0.000339383 13.0859
-0.000338339 13.1055

-0.00033834 13.1055
-0.00033728 13.125

-0.000337281 13.125
-0.000336202 13.1445

-0.000336202 13.1445
-0.000335101 13.1641

-0.000335089 13.1641
-0.000332889 13.2031

-0.000332842 13.2031
-0.000330749 13.2422

-0.000330805 13.2422
-0.000329816 13.2617

-0.000329806 13.2617
-0.000328783 13.2812

-0.000328791 13.2812
-0.000327742 13.3008

-0.000327739 13.3008
-0.000326654 13.3203

-0.00032665 13.3203
-0.000325542 13.3398

-0.000325545 13.3398
-0.000324414 13.3594

-0.000324405 13.3594
-0.000322122 13.3984

-0.000322126 13.3984
-0.000320976 13.418

-0.000320977 13.418
-0.000319807 13.4375

-0.000319779 13.4375
-0.000317502 13.4766

-0.000317529 13.4766
-0.000316422 13.4961

-0.00031642 13.4961
-0.000315296 13.5156

-0.000315292 13.5156
-0.000313034 13.5547

-0.000313031 13.5547
-0.000311899 13.5742

-0.000311896 13.5742
-0.000310773 13.5938

-0.000310772 13.5938
-0.000309667 13.6133

-0.000309669 13.6133
-0.000308581 13.6328

-0.000308593 13.6328
-0.0003064 13.6719

-0.000306375 13.6719
-0.000304195 13.7109

-0.000304202 13.7109
-0.000302072 13.75

-0.000302007 13.75
-0.000300045 13.7891

-0.00030008 13.7891
-0.000299205 13.8086

-0.000299209 13.8086
-0.000298362 13.8281

-0.000298364 13.8281
-0.000297532 13.8477

-0.00029753 13.8477
-0.000296714 13.8672

-0.000296718 13.8672
-0.000295109 13.9062

-0.000295107 13.9062
-0.000294313 13.9258

-0.000294311 13.9258
-0.000293532 13.9453

-0.000293541 13.9453
-0.000292764 13.9648

-0.000292768 13.9648
-0.000291967 13.9844

-0.000291953 13.9844
-0.000290342 14.0234

-0.000290334 14.0234
-0.000288742 14.0625

-0.000288751 14.0625
-0.000287966 14.082

-0.000287967 14.082
-0.000287173 14.1016

-0.000287168 14.1016
-0.000286373 14.1211

-0.000286369 14.1211
-0.00028559 14.1406

-0.000285591 14.1406
-0.000284833 14.1602

-0.000284835 14.1602
-0.000284092 14.1797

-0.000284095 14.1797
-0.000283357 14.1992

-0.000283361 14.1992
-0.000282618 14.2188

-0.000282622 14.2188
-0.00028186 14.2383

-0.00028186 14.2383
-0.000281071 14.2578

-0.000281071 14.2578
-0.000280254 14.2773

-0.000280257 14.2773
-0.000279407 14.2969

-0.000279399 14.2969
-0.000278525 14.3164

-0.000278526 14.3164
-0.000277646 14.3359

-0.000277647 14.3359
-0.000276758 14.3555

-0.00027675 14.3555
-0.000275864 14.375

-0.000275869 14.375
-0.00027499 14.3945

-0.000275003 14.3945
-0.000274093 14.4141

-0.000274038 14.4141
-0.000272323 14.4531

-0.000272358 14.4531
-0.000271561 14.4727

-0.000271564 14.4727
-0.000270749 14.4922

-0.000270754 14.4922
-0.000269904 14.5117

-0.000269903 14.5117
-0.00026901 14.5312

-0.000269004 14.5312
-0.000268081 14.5508

-0.000268076 14.5508
-0.000267147 14.5703

-0.000267137 14.5703
-0.000266231 14.5898

-0.000266227 14.5898
-0.000265375 14.6094

-0.000265414 14.6094
-0.000263678 14.6484

-0.000263584 14.6484
-0.000262723 14.668

-0.000262722 14.668
-0.000262056 14.6875

-0.000262143 14.6875
-0.000260856 14.7266

-0.000260889 14.7266
-0.000259506 14.7656

-0.000259436 14.7656
-0.000258032 14.8047

-0.000258037 14.8047
-0.000256742 14.8438

-0.000256746 14.8438
-0.000256136 14.8633

-0.000256136 14.8633
-0.000255558 14.8828

-0.000255555 14.8828
-0.000254466 14.9219

-0.000254473 14.9219
-0.000253961 14.9414

-0.000253963 14.9414
-0.000253466 14.9609

-0.000253471 14.9609
-0.000252976 14.9805

-0.000252972 14.9805
-0.000252476 15

-0.000252471 15
-0.00025199 15.0195

-0.000251991 15.0195
-0.00025153 15.0391

-0.000251513 15.0391
-0.000250691 15.0781

-0.000250723 15.0781
-0.000250357 15.0977

-0.00025036 15.0977
-0.000249968 15.1172

-0.000249938 15.1172
-0.000249213 15.1562

-0.000249219 15.1562
-0.000248587 15.1953

-0.000248611 15.1953
-0.000248317 15.2148

-0.000248316 15.2148
-0.000247998 15.2344

-0.000247996 15.2344
-0.000247662 15.2539

-0.000247663 15.2539
-0.000247316 15.2734

-0.000247333 15.2734
-0.00024694 15.293

-0.000246942 15.293
-0.000246463 15.3125

-0.000246463 15.3125
-0.000245896 15.332

-0.000245893 15.332
-0.000245244 15.3516

-0.000245238 15.3516
-0.000244521 15.3711

-0.000244516 15.3711
-0.000243753 15.3906

-0.000243755 15.3906
-0.00024295 15.4102

-0.00024295 15.4102
-0.000242099 15.4297

-0.00024207 15.4297
-0.000241231 15.4492

-0.000241233 15.4492
-0.00024046 15.4688

-0.00024048 15.4688
-0.000239727 15.4883

-0.000239727 15.4883
-0.000238954 15.5078

-0.000238897 15.5078
-0.000237534 15.5469

-0.000237571 15.5469
-0.00023699 15.5664

-0.000236992 15.5664
-0.000236437 15.5859

-0.000236437 15.5859
-0.000235903 15.6055

-0.000235905 15.6055
-0.000235388 15.625

-0.000235363 15.625
-0.000234451 15.6641

-0.000234491 15.6641
-0.00023409 15.6836

-0.000234096 15.6836
-0.000233661 15.7031

-0.00023365 15.7031
-0.000232739 15.7422

-0.000232756 15.7422
-0.000231773 15.7812

-0.000231729 15.7812
-0.000230729 15.8203

-0.000230717 15.8203
-0.000229808 15.8594

-0.000229839 15.8594
-0.000229417 15.8789

-0.000229416 15.8789
-0.000228969 15.8984

-0.000228971 15.8984
-0.000228499 15.918

-0.000228498 15.918
-0.000227998 15.9375

-0.000227998 15.9375
-0.000227471 15.957

-0.000227469 15.957
-0.000226921 15.9766

-0.00022692 15.9766
-0.000226359 15.9961

-0.00022636 15.9961
-0.000225787 16.0156

-0.000225794 16.0156
-0.000225194 16.0352

-0.000225194 16.0352
-0.000224553 16.0547

-0.000224516 16.0547
-0.000223302 16.0938

-0.000223319 16.0938
-0.000222754 16.1133

-0.000222753 16.1133
-0.000222199 16.1328

-0.000222165 16.1328
-0.00022122 16.1719

-0.000221254 16.1719
-0.000220479 16.2109

-0.000220476 16.2109
-0.000219809 16.25

-0.000219833 16.25
-0.000219536 16.2695

-0.000219536 16.2695
-0.000219228 16.2891

-0.000219221 16.2891
-0.000218607 16.3281

-0.000218609 16.3281
-0.000218305 16.3477

-0.000218303 16.3477
-0.000218001 16.3672

-0.000218008 16.3672
-0.000217698 16.3867

-0.000217699 16.3867
-0.000217367 16.4062

-0.000217365 16.4062
-0.000216666 16.4453

-0.000216623 16.4453
-0.000215965 16.4844

-0.000215993 16.4844
-0.000215704 16.5039

-0.000215711 16.5039
-0.000215391 16.5234

-0.000215382 16.5234
-0.000215034 16.543

-0.000215035 16.543
-0.000214677 16.5625

-0.00021468 16.5625
-0.000214308 16.582

-0.000214309 16.582
-0.000213915 16.6016

-0.000213907 16.6016
-0.000213508 16.6211

-0.000213505 16.6211
-0.000213122 16.6406

-0.000213141 16.6406
-0.000212742 16.6602

-0.000212736 16.6602
-0.000212293 16.6797

-0.000212292 16.6797
-0.000211819 16.6992

-0.000211818 16.6992
-0.000211319 16.7188

-0.000211314 16.7188
-0.000210801 16.7383

-0.000210804 16.7383
-0.00021028 16.7578

-0.000210272 16.7578
-0.000209749 16.7773

-0.000209756 16.7773
-0.000209235 16.7969

-0.000209232 16.7969
-0.000208703 16.8164

-0.000208702 16.8164
-0.000208172 16.8359

-0.000208163 16.8359
-0.000207141 16.875

-0.000207158 16.875
-0.000206662 16.8945

-0.000206658 16.8945
-0.000206154 16.9141

-0.000206151 16.9141
-0.000205651 16.9336

-0.00020565 16.9336
-0.000205163 16.9531

-0.00020513 16.9531
-0.000204321 16.9922

-0.000204352 16.9922
-0.000204029 17.0117

-0.000204028 17.0117
-0.000203727 17.0312

-0.000203724 17.0312
-0.000203452 17.0508

-0.000203447 17.0508
-0.000203221 17.0703

-0.000203238 17.0703
-0.00020303 17.0898

-0.000203025 17.0898
-0.000202813 17.1094

-0.000202808 17.1094
-0.000202612 17.1289

-0.000202613 17.1289
-0.000202442 17.1484

-0.000202443 17.1484
-0.000202293 17.168

-0.000202293 17.168
-0.000202162 17.1875

-0.000202147 17.1875
-0.000201978 17.2266

-0.000202001 17.2266
-0.000201961 17.2461

-0.000201963 17.2461
-0.000201917 17.2656

-0.00020191 17.2656
-0.000201869 17.2852

-0.000201866 17.2852
-0.00020185 17.3047

-0.000201878 17.3047
-0.000201791 17.3438

-0.000201801 17.3438
-0.000201715 17.3633

-0.000201714 17.3633
-0.000201567 17.3828

-0.000201556 17.3828
-0.000201372 17.4023

-0.000201373 17.4023
-0.000201172 17.4219

-0.000201173 17.4219
-0.000200949 17.4414

-0.000200947 17.4414
-0.000200701 17.4609

-0.000200672 17.4609
-0.000200261 17.5

-0.000200283 17.5
-0.00020012 17.5195

-0.000200123 17.5195
-0.000199954 17.5391

-0.00019995 17.5391
-0.000199779 17.5586

-0.000199781 17.5586
-0.000199614 17.5781

-0.000199611 17.5781
-0.000199292 17.6172

-0.000199324 17.6172
-0.000199159 17.6367

-0.000199158 17.6367
-0.000198927 17.6562

-0.000198918 17.6562
-0.000198639 17.6758

-0.000198642 17.6758
-0.000198327 17.6953

-0.000198325 17.6953
-0.000197972 17.7148

-0.00019797 17.7148
-0.000197586 17.7344

-0.000197594 17.7344
-0.000197168 17.7539

-0.000197167 17.7539
-0.000196684 17.7734

-0.000196678 17.7734
-0.000196149 17.793

-0.000196162 17.793
-0.000195571 17.8125

-0.000195484 17.8125
-0.000194471 17.8516

-0.000194517 17.8516
-0.000194112 17.8711

-0.000194112 17.8711
-0.000193718 17.8906

-0.000193719 17.8906
-0.000192944 17.9297

-0.00019281 17.9297
-0.000192318 17.9688

-0.000192419 17.9688
-0.000192353 17.9883

-0.000192354 17.9883
-0.000192261 18.0078

-0.000192257 18.0078
-0.000192145 18.0273

-0.000192145 18.0273
-0.000192019 18.0469

-0.000192022 18.0469
-0.000191877 18.0664

-0.000191875 18.0664
-0.000191711 18.0859

-0.000191704 18.0859
-0.000191537 18.1055

-0.000191542 18.1055
-0.000191374 18.125

-0.000191374 18.125
-0.000191198 18.1445

-0.000191202 18.1445
-0.000191008 18.1641

-0.000191018 18.1641
-0.000190534 18.2031

-0.000190522 18.2031
-0.000190233 18.2227

-0.000190239 18.2227
-0.000189914 18.2422

-0.000189874 18.2422
-0.000189289 18.2812

-0.000189352 18.2812
-0.000188759 18.3203

-0.000188675 18.3203
-0.000188115 18.3594

-0.000188173 18.3594
-0.00018795 18.3789

-0.00018795 18.3789
-0.00018767 18.3984

-0.000187613 18.3984
-0.00018739 18.418

-0.000187404 18.418
-0.000187321 18.4375

-0.000187383 18.4375
-0.000187194 18.4766

-0.000187142 18.4766
-0.000186964 18.5156

-0.000186972 18.5156
-0.000186926 18.5352

-0.000186945 18.5352
-0.000186887 18.5547

-0.000186886 18.5547
-0.000186778 18.5742

-0.000186776 18.5742
-0.000186623 18.5938

-0.000186624 18.5938
-0.000186428 18.6133

-0.000186409 18.6133
-0.000186205 18.6328

-0.000186207 18.6328
-0.00018603 18.6523

-0.000186036 18.6523
-0.000185872 18.6719

-0.000185868 18.6719
-0.000185716 18.6914

-0.000185721 18.6914
-0.000185581 18.7109

-0.000185576 18.7109
-0.000185446 18.7305

-0.000185448 18.7305
-0.000185335 18.75

-0.000185332 18.75
-0.000185238 18.7695

-0.000185233 18.7695
-0.000185176 18.7891

-0.000185164 18.7891
-0.000185198 18.8281

-0.000185224 18.8281
-0.000185402 18.8672

-0.000185434 18.8672
-0.000185547 18.8867

-0.000185531 18.8867
-0.000185636 18.9062

-0.000185631 18.9062
-0.000185769 18.9258

-0.000185775 18.9258
-0.000185947 18.9453

-0.000185962 18.9453
-0.000186128 18.9648

-0.000186133 18.9648
-0.000186255 18.9844

-0.000186245 18.9844
-0.000186331 19.0039

-0.000186329 19.0039
-0.000186402 19.0234

-0.000186408 19.0234
-0.000186463 19.043

-0.000186466 19.043
-0.000186484 19.0625

-0.00018645 19.0625
-0.000186541 19.1016

-0.000186584 19.1016
-0.00018669 19.1406

-0.000186704 19.1406
-0.000186711 19.1797

-0.000186698 19.1797
-0.000186656 19.1992

-0.000186657 19.1992
-0.000186592 19.2188

-0.000186594 19.2188
-0.000186501 19.2383

-0.000186501 19.2383
-0.000186379 19.2578

-0.000186355 19.2578
-0.000186145 19.2969

-0.000186111 19.2969
-0.000186033 19.3359

-0.000186074 19.3359
-0.000186098 19.3555

-0.000186096 19.3555
-0.000186109 19.375

-0.000186069 19.375
-0.000186242 19.4141

-0.000186273 19.4141
-0.000186437 19.4336

-0.000186436 19.4336
-0.000186616 19.4531

-0.000186621 19.4531
-0.000186995 19.4922

-0.000186985 19.4922
-0.00018739 19.5312

-0.000187407 19.5312
-0.000187622 19.5508

-0.000187615 19.5508
-0.000187823 19.5703

-0.000187823 19.5703
-0.000188038 19.5898

-0.000188038 19.5898
-0.00018826 19.6094

-0.000188261 19.6094
-0.000188489 19.6289

-0.000188493 19.6289
-0.000188717 19.6484

-0.000188722 19.6484
-0.000188925 19.668

-0.000188913 19.668
-0.000189108 19.6875

-0.00018915 19.6875
-0.000189405 19.7266

-0.000189395 19.7266
-0.000189443 19.7461

-0.000189448 19.7461
-0.000189426 19.7656

-0.00018938 19.7656
-0.00018937 19.7852

-0.000189371 19.7852
-0.00018946 19.8047

-0.000189516 19.8047
-0.000189665 19.8438

-0.000189659 19.8438
-0.000189699 19.8633

-0.000189696 19.8633
-0.00018972 19.8828

-0.000189719 19.8828
-0.000189733 19.9023

-0.000189728 19.9023
-0.000189747 19.9219

-0.000189751 19.9219
-0.000189776 19.9414

-0.000189772 19.9414
-0.000189804 19.9609

-0.000189811 19.9609
-0.000189842 19.9805

-0.000189845 19.9805
-0.000189857 20

0 0.08508
0.0195312 0.0836127

0.0195312 0.0836076
0.0390625 0.0823545

0.0390625 0.0823676
0.0585938 0.0813124

0.0585938 0.0813555
0.078125 0.0803855

0.117188 0.0780991
0.116806 0.078125

0.117188 0.0779915
0.136719 0.0764998

0.136719 0.0764984
0.15625 0.0750891

0.078125 0.0804235
0.0976562 0.0793768

0.0976562 0.0794407
0.117021 0.078125

0.117188 0.0781563
0.117597 0.078125

0.15625 0.0750995
0.175781 0.0737553

0.175781 0.073757
0.195312 0.0724536

0.195312 0.0724467
0.214844 0.0711947

0.214844 0.0711841
0.234375 0.0700187

0.234375 0.0700079
0.253906 0.0689717

0.253906 0.0689582
0.273438 0.0680997

0.273438 0.0680964
0.292969 0.0674495

0.292969 0.0674676
0.3125 0.0670026

0.3125 0.0670159
0.332031 0.0666697

0.332031 0.0666796
0.351562 0.0664056

0.351562 0.0664112
0.371094 0.0661783

0.371094 0.0661815
0.390625 0.0659721

0.390625 0.0659782
0.410156 0.0657738

0.410156 0.0657821
0.429688 0.0655541

0.452319 0
0.466679 0.0195312

0.468096 0.0195312
0.46875 0.0198668

0.429688 0.0655493
0.449219 0.0652905

0.449219 0.065263
0.46875 0.0650382

0.46875 0.0185143
0.470687 0.0195312

0.487412 0.0195312
0.488281 0.01976

0.507812 0.018964
0.503897 0.0195312

0.488281 0.0199536
0.494107 0.0195312

0.46875 0.0650094
0.488281 0.0649311

0.488281 0.0649256
0.507812 0.0650625

0.527344 0.00892397
0.516749 0.0195312

0.527344 0.00730552
0.534965 0

0.507812 0.0650815
0.527344 0.0654068

0.527344 0.0654114
0.546875 0.0658777

0.551327 0
0.565688 0.0195312

0.565995 0.0195312
0.566406 0.0197365

0.566406 0.0192009
0.567076 0.0195312

0.581508 0.0195312
0.585938 0.0206344

0.546875 0.0658816
0.566406 0.0664717

0.566406 0.0664473
0.585938 0.067202

0.605469 0.010855
0.596031 0.0195312

0.585938 0.0213618
0.590068 0.0195312

0.605469 0.0135
0.612236 0

0.585938 0.0671863
0.605469 0.0681859

0.605469 0.0682375
0.625 0.0694104

0.625 0.0695022
0.644531 0.0705617

0.644531 0.0706425
0.664062 0.0712434

0.664062 0.071311
0.683594 0.0711564

0.683594 0.0712259
0.703125 0.0700418

0.703125 0.0700601
0.722656 0.067671

0.722656 0.0677036
0.742188 0.0640074

0.761719 0.0580879
0.759957 0.0585938

0.742188 0.0643004
0.761719 0.0586915

0.761719 0.0582508
0.78125 0.0510233

0.761719 0.0586807
0.761954 0.0585938

0.820312 0.0334826
0.807346 0.0390625

0.78125 0.0511737
0.800781 0.0428627

0.800781 0.0427414
0.80933 0.0390625

0.820312 0.0329634
0.839844 0.0274538

0.839844 0.0247228
0.859375 0.0292697

0.859375 0.0273026
0.873358 0.0390625

0.86544 0.0390625
0.878906 0.0519692

0.878906 0.0524585
0.885366 0.0585938

0.885889 0.0585938
0.898438 0.0683614

0.898438 0.0690023
0.91648 0.078125

0.917252 0.078125
0.917969 0.0784689

0.919227 0.078125
0.9375 0.0831323

0.996094 0.0777516
0.994895 0.078125

1.01562 0.0671467
0.997872 0.078125

0.9375 0.083409
0.957031 0.0858347

0.957031 0.085986
0.976562 0.0846516

0.976562 0.0850056
0.996094 0.0789235

0.996094 0.0787573
0.997269 0.078125

1.05006 0
1.0476 0.0195312

1.04784 0.0195312
1.03996 0.0390625

1.03516 0.0461474
1.0253 0.0585938

1.01562 0.0676303
1.02576 0.0585938

1.03516 0.0469155
1.04037 0.0390625

