0.115778 0
0.153065 0.15625

0.144507 0.15625
0.15625 0.177173

0.15625 0.178255
0.231878 0.3125

0.227208 0.3125
0.3125 0.402351

0.3125 0.405918
0.424374 0.46875

0.436093 0.46875
0.46875 0.483696

0.46875 0.47011
0.625 0.489982

0.78125 0.467827
0.776915 0.46875

0.625 0.504216
0.78125 0.470931

0.78125 0.467441
0.9375 0.35916

0.78125 0.474163
0.791334 0.46875

1.09375 0.12732
1.0884 0.15625

1.09375 0.163069
0.99168 0.3125

1.09375 0.127097
1.11725 0

1.09375 0.163379
1.09735 0.15625

0.9375 0.359435
0.986152 0.3125

