0.131588 0
0.15625 0.122732

0.155564 0.15625
0.15625 0.15761

0.15625 0.135745
0.159735 0.15625

0.15625 0.157592
0.244321 0.3125

0.240743 0.3125
0.3125 0.389868

0.3125 0.393062
0.435237 0.46875

0.443827 0.46875
0.46875 0.480637

0.46875 0.468366
0.471216 0.46875

0.479309 0.46875
0.625 0.491422

0.625 0.502559
0.78125 0.474642

0.9375 0.372468
0.788657 0.46875

0.78125 0.47861
0.799966 0.46875

1.09375 0.18073
1.00478 0.3125

1.12828 0
1.09996 0.15625

1.09375 0.183356
1.10807 0.15625

0.9375 0.370987
0.998782 0.3125

