-0.5 -6.83325e-05 
-0.49 0.0117356 
-0.48 0.0235395 
-0.47 0.0353434 
-0.46 0.047182 
-0.45 0.0590256 
-0.44 0.0708691 
-0.43 0.0827127 
-0.42 0.0945562 
-0.41 0.1064 
-0.4 0.118293 
-0.39 0.130217 
-0.38 0.142141 
-0.37 0.154065 
-0.36 0.165988 
-0.35 0.177912 
-0.34 0.18988 
-0.33 0.201921 
-0.32 0.213962 
-0.31 0.226004 
-0.3 0.238045 
-0.29 0.250086 
-0.28 0.262146 
-0.27 0.274335 
-0.26 0.286525 
-0.25 0.298715 
-0.24 0.310904 
-0.23 0.323094 
-0.22 0.335283 
-0.21 0.347623 
-0.2 0.359984 
-0.19 0.372345 
-0.18 0.384707 
-0.17 0.397068 
-0.16 0.409429 
-0.15 0.421909 
-0.14 0.434459 
-0.13 0.44701 
-0.12 0.45956 
-0.11 0.472111 
-0.1 0.484662 
-0.09 0.497289 
-0.08 0.510046 
-0.07 0.522803 
-0.06 0.535559 
-0.05 0.548316 
-0.04 0.561073 
-0.03 0.573859 
-0.02 0.586852 
-0.01 0.599846 
3.08781e-16 0.612839 
0.01 0.625832 
0.02 0.638825 
0.03 0.651819 
0.04 0.661984 
0.05 0.671746 
0.06 0.681508 
0.07 0.691269 
0.08 0.701031 
0.09 0.710793 
0.1 0.719015 
0.11 0.726313 
0.12 0.73361 
0.13 0.740908 
0.14 0.748206 
0.15 0.755504 
0.16 0.762643 
0.17 0.76952 
0.18 0.776396 
0.19 0.783272 
0.2 0.790148 
0.21 0.797024 
0.22 0.803907 
0.23 0.81084 
0.24 0.817772 
0.25 0.824704 
0.26 0.831636 
0.27 0.838569 
0.28 0.845501 
0.29 0.852475 
0.3 0.859454 
0.31 0.866434 
0.32 0.873414 
0.33 0.880393 
0.34 0.887373 
0.35 0.894376 
0.36 0.901394 
0.37 0.908411 
0.38 0.915429 
0.39 0.922446 
0.4 0.929464 
0.41 0.936491 
0.42 0.943536 
0.43 0.95058 
0.44 0.957624 
0.45 0.964669 
0.46 0.971713 
0.47 0.978762 
0.48 0.985841 
0.49 0.992921 
0.5 0.999292 

# Multigrid, 11 steps, 23.8458 CPU, 22.88 real, 7.88e+03 points.step/s, 27 var
