-1.95605 0
-1.9535 0.078125

-1.95319 0.078125
-1.95312 0.0786173

-1.95312 0.094303
-1.94444 0.15625

-1.94895 0.15625
-1.91681 0.234375

-1.9026 0.234375
-1.875 0.293225

-1.875 0.320175
-1.84082 0.390625

-1.82959 0.390625
-1.79688 0.451383

-1.79688 0.471994
-1.7522 0.546875

-1.71875 0.60437
-1.70076 0.625

-1.64062 0.688182
-1.62581 0.703125

-1.56468 0.703125
-1.5625 0.705315

-1.5625 0.769353
-1.54898 0.78125

-1.48438 0.816109
-1.41148 0.859375

-1.39089 0.859375
-1.32812 0.893208

-1.32812 0.908247
-1.25292 0.9375

-1.25 0.930349
-1.17188 0.937132

-1.17188 0.93639
-1.09954 0.9375

-1.09375 0.93616
-1.01562 0.936116

-1.01562 0.936775
-0.9375 0.937025

-0.9375 0.936364
-0.859375 0.936913

-0.703125 0.930891
-0.77143 0.9375

-0.625 0.907541
-0.701243 0.9375

-0.859375 0.938507
-0.781805 0.9375

-0.15625 0.49151
-0.1882 0.546875

-0.16203 0.546875
-0.196753 0.625

-0.078125 0.43821
-0.134912 0.46875

-0.078125 0.423908
0 0.467776

-0.15625 0.483548
-0.140545 0.46875

-0.0264258 0.46875
0 0.502339

-0.625 0.892183
-0.559091 0.859375

-0.46875 0.826059
-0.535679 0.859375

-0.3125 0.739282
-0.382905 0.78125

-0.46875 0.815514
-0.404063 0.78125

-0.234375 0.689477
-0.247625 0.703125

-0.3125 0.709841
-0.304859 0.703125

-0.234375 0.625825
-0.233674 0.625

-0.00107582 0.703125
-0.00239934 0.78125

-0.00139017 0.78125
-0.00149989 0.859375

-0.00192148 0.859375
-0.00199257 0.9375

-0.00169543 0.9375
-0.00147897 1.01562

-0.0015939 1.01562
-0.00145432 1.09375

-0.00138793 1.09375
-0.00122819 1.17188

-0.00126426 1.17188
-0.00114503 1.25

-0.00113072 1.25
-0.00100844 1.32812

-0.00101141 1.32812
-0.000908778 1.40625

-0.000906419 1.40625
-0.000822197 1.48438

-0.000819511 1.48438
-0.000763793 1.5625

-0.000779302 1.5625
-0.000673581 1.71875

-0.000666545 1.71875
-0.000566533 1.875

-0.000572519 1.875
-0.000528031 1.95312

-0.000523111 1.95312
-0.000482008 2.03125

-0.000484373 2.03125
-0.000451766 2.10938

-0.000449353 2.10938
-0.000425335 2.1875

-0.000430489 2.1875
-0.000409578 2.26562

-0.000408769 2.26562
-0.000382274 2.34375

-0.000379455 2.34375
-0.000354635 2.42188

-0.000355954 2.42188
-0.000335809 2.5

-0.000336284 2.5
-0.000317229 2.57812

-0.000317504 2.57812
-0.000298038 2.65625

-0.000295791 2.65625
-0.000279859 2.73438

-0.000279685 2.73438
-0.000272129 2.8125

-0.000277161 2.8125
-0.000259368 2.96875

-0.000256643 2.96875
-0.000235916 3.125

-0.000236151 3.125
-0.000198784 3.4375

-0.000197672 3.4375
-0.000167403 3.75

-0.000168022 3.75
-0.000145837 4.0625

-0.00014635 4.0625
-0.000129985 4.375

-0.000130388 4.375
-0.000118013 4.6875

-0.000118225 4.6875
-0.000108613 5

-0.000108767 5
-0.000101186 5.3125

-0.00010129 5.3125
-9.5224e-05 5.625

-9.53e-05 5.625
-9.03879e-05 5.9375

-9.04434e-05 5.9375
-8.64225e-05 6.25

-8.6464e-05 6.25
-8.31403e-05 6.5625

-8.31717e-05 6.5625
-8.03994e-05 6.875

-8.04234e-05 6.875
-7.80917e-05 7.1875

-7.81103e-05 7.1875
-7.6134e-05 7.5

-7.61485e-05 7.5
-7.44614e-05 7.8125

-7.44729e-05 7.8125
-7.30231e-05 8.125

-7.30322e-05 8.125
-7.17786e-05 8.4375

-7.17859e-05 8.4375
-7.06958e-05 8.75

-7.07017e-05 8.75
-6.97486e-05 9.0625

-6.97534e-05 9.0625
-6.8916e-05 9.375

-6.892e-05 9.375
-6.81809e-05 9.6875

-6.81841e-05 9.6875
-6.7529e-05 10

-6.75317e-05 10
-6.69488e-05 10.3125

-6.69511e-05 10.3125
-6.64306e-05 10.625

-6.64324e-05 10.625
-6.59661e-05 10.9375

-6.59677e-05 10.9375
-6.55487e-05 11.25

-6.555e-05 11.25
-6.51725e-05 11.5625

-6.51736e-05 11.5625
-6.48327e-05 11.875

-6.48337e-05 11.875
-6.45252e-05 12.1875

-6.4526e-05 12.1875
-6.42463e-05 12.5

-6.4247e-05 12.5
-6.39931e-05 12.8125

-6.39938e-05 12.8125
-6.3763e-05 13.125

-6.37635e-05 13.125
-6.35536e-05 13.4375

-6.3554e-05 13.4375
-6.3363e-05 13.75

-6.33634e-05 13.75
-6.31894e-05 14.0625

-6.31898e-05 14.0625
-6.30314e-05 14.375

-6.30317e-05 14.375
-6.28877e-05 14.6875

-6.2888e-05 14.6875
-6.27571e-05 15

-6.27574e-05 15
-6.26386e-05 15.3125

-6.26388e-05 15.3125
-6.25313e-05 15.625

-6.25315e-05 15.625
-6.24344e-05 15.9375

-6.24346e-05 15.9375
-6.23472e-05 16.25

-6.23474e-05 16.25
-6.22691e-05 16.5625

-6.22693e-05 16.5625
-6.21996e-05 16.875

-6.21997e-05 16.875
-6.21382e-05 17.1875

-6.21383e-05 17.1875
-6.20844e-05 17.5

-6.20845e-05 17.5
-6.20378e-05 17.8125

-6.20379e-05 17.8125
-6.19982e-05 18.125

-6.19983e-05 18.125
-6.19653e-05 18.4375

-6.19654e-05 18.4375
-6.19388e-05 18.75

-6.19388e-05 18.75
-6.19184e-05 19.0625

-6.19184e-05 19.0625
-6.1904e-05 19.375

-6.19041e-05 19.375
-6.18955e-05 19.6875

-6.18955e-05 19.6875
-6.18927e-05 20

0 0.57569
0.00217211 0.625

0.00180777 0.625
0.000596239 0.703125

