-1.00261 0
-1.00074 0.078125

-0.996372 0.078125
-0.999513 0.15625

-1.01562 0.283748
-1.01754 0.3125

-1.00354 0.15625
-1.01237 0.234375

-1.01562 0.263783
-1.01367 0.234375

-1.01932 0.3125
-1.01736 0.390625

-1.02213 0.390625
-1.01562 0.412326

-1.01562 0.418769
-1.00052 0.46875

-1.00478 0.46875
-0.938174 0.546875

-0.937768 0.546875
-0.9375 0.547088

-0.9375 0.540659
-0.928237 0.546875

-0.928852 0.546875
-0.859375 0.589838

-0.859375 0.583203
-0.78125 0.615496

-0.78125 0.616025
-0.757201 0.625

-0.755603 0.625
-0.703125 0.644585

-0.703125 0.643951
-0.625 0.671376

-0.625 0.671299
-0.546875 0.698796

-0.546875 0.699581
-0.538605 0.703125

-0.528281 0.703125
-0.46875 0.728638

-0.46875 0.731174
-0.390625 0.772845

-0.390625 0.776604
-0.383397 0.78125

-0.370666 0.78125
-0.3125 0.82145

-0.3125 0.829211
-0.276611 0.859375

-0.270214 0.859375
-0.234375 0.892295

-0.234375 0.894895
-0.193436 0.9375

-0.191264 0.9375
-0.15625 0.982205

-0.15625 0.982784
-0.132115 1.01562

-0.131867 1.01562
-0.0848993 1.09375

-0.0843968 1.09375
-0.078125 1.10786

-0.078125 1.10847
-0.0499517 1.17188

-0.0499722 1.17188
-0.0279279 1.25

-0.0245602 1.25
-0.0217826 1.32812

-0.0258941 1.32812
-0.0408956 1.40625

-0.046368 1.40625
-0.0599808 1.48438

-0.0591457 1.48438
-0.0620954 1.5625

-0.0604769 1.5625
-0.0576707 1.64062

-0.0571306 1.64062
-0.0528858 1.71875

-0.0527115 1.71875
-0.048457 1.79688

-0.0484654 1.79688
-0.0445329 1.875

-0.0445049 1.875
-0.0409338 1.95312

-0.0409503 1.95312
-0.0377636 2.03125

-0.0377736 2.03125
-0.0349184 2.10938

-0.0349211 2.10938
-0.032372 2.1875

-0.0323908 2.1875
-0.0301049 2.26562

-0.0301255 2.26562
-0.028024 2.34375

-0.0280205 2.34375
-0.0260692 2.42188

-0.0260742 2.42188
-0.0242705 2.5

-0.0242751 2.5
-0.0225997 2.57812

-0.0225994 2.57812
-0.0210435 2.65625

-0.0210441 2.65625
-0.0196068 2.73438

-0.0196103 2.73438
-0.0182834 2.8125

-0.0182881 2.8125
-0.0170555 2.89062

-0.0170405 2.89062
-0.0159228 2.96875

-0.0159192 2.96875
-0.0149539 3.04688

-0.0149809 3.04688
-0.0141211 3.125

-0.0141325 3.125
-0.0133014 3.20312

-0.0132906 3.20312
-0.0124869 3.28125

-0.012473 3.28125
-0.0117463 3.35938

-0.0117463 3.35938
-0.0111246 3.4375

-0.0111269 3.4375
-0.0106052 3.51562

-0.0106205 3.51562
-0.0101637 3.59375

-0.0101701 3.59375
-0.00973491 3.67188

-0.00971973 3.67188
-0.00932378 3.75

-0.00931435 3.75
-0.00900684 3.82812

-0.00902774 3.82812
-0.00878572 3.90625

-0.00879711 3.90625
-0.00855596 3.98438

-0.00854532 3.98438
-0.00830356 4.0625

-0.00829091 4.0625
-0.0080951 4.14062

-0.00809713 4.14062
-0.00796853 4.21875

-0.00798252 4.21875
-0.00788908 4.29688

-0.0078966 4.29688
-0.0077953 4.375

-0.00778698 4.375
-0.00767941 4.45312

-0.0076781 4.45312
-0.00758353 4.53125

-0.00758737 4.53125
-0.00750074 4.60938

-0.00748677 4.60938
-0.00742834 4.6875

-0.0074333 4.6875
-0.00742107 4.76562

-0.00743206 4.76562
-0.00743415 4.84375

-0.00747548 4.84375
-0.00738722 4.92188

-0.00743032 4.92188
-0.00708286 5

-0.00702291 5
-0.00644998 5.07812

-0.00640311 5.07812
-0.00581836 5.15625

-0.0058401 5.15625
-0.00529381 5.23438

-0.00527783 5.23438
-0.00475846 5.3125

-0.00474056 5.3125
-0.00431584 5.39062

-0.00433225 5.39062
-0.00400516 5.46875

-0.00400563 5.46875
-0.0037424 5.54688

-0.00372996 5.54688
-0.00355452 5.625

-0.00356832 5.625
-0.00347792 5.70312

-0.00346673 5.70312
-0.00345617 5.78125

-0.00346437 5.78125
-0.00353962 5.85938

-0.00356134 5.85938
-0.00366257 5.9375

-0.00365541 5.9375
-0.00375349 6.01562

-0.00375905 6.01562
-0.00385721 6.09375

-0.00386205 6.09375
-0.00393949 6.17188

-0.00393312 6.17188
-0.00399286 6.25

-0.00399388 6.25
-0.00404662 6.32812

-0.0040686 6.32812
-0.00406835 6.40625

-0.00411924 6.40625
-0.00392028 6.48438

-0.00392879 6.48438
-0.00341234 6.5625

-0.00333316 6.5625
-0.00264056 6.64062

-0.0025797 6.64062
-0.00199105 6.71875

-0.00198744 6.71875
-0.00163168 6.79688

-0.00166021 6.79688
-0.00148748 6.875

-0.00148876 6.875
-0.00143944 6.95312

-0.00147612 6.95312
-0.0014743 7.03125

-0.00149296 7.03125
-0.00142793 7.10938

-0.00137098 7.10938
-0.00131933 7.1875

-0.00131174 7.1875
-0.00140254 7.26562

-0.00139434 7.26562
-0.00165915 7.34375

-0.00166999 7.34375
-0.0021035 7.42188

-0.00215783 7.42188
-0.00262972 7.5

-0.00270754 7.5
-0.0029535 7.57812

-0.00291166 7.57812
-0.0028597 7.65625

-0.00278855 7.65625
-0.00266468 7.73438

-0.00267816 7.73438
-0.00259773 7.8125

-0.00257922 7.8125
-0.00255231 7.89062

-0.00257025 7.89062
-0.00259802 7.96875

-0.00262011 7.96875
-0.00262249 8.04688

-0.00261772 8.04688
-0.00256009 8.125

-0.00256306 8.125
-0.00244902 8.20312

-0.0024301 8.20312
-0.00229153 8.28125

-0.00227811 8.28125
-0.00217966 8.35938

-0.00216639 8.35938
-0.00216147 8.4375

-0.00219308 8.4375
-0.00224502 8.51562

-0.00224585 8.51562
-0.00228978 8.59375

-0.00227529 8.59375
-0.00233852 8.67188

-0.00234716 8.67188
-0.00244139 8.75

-0.00245428 8.75
-0.00253643 8.82812

-0.00254424 8.82812
-0.00257291 8.90625

-0.00256539 8.90625
-0.00254001 8.98438

-0.00257035 8.98438
-0.00244526 9.0625

-0.00250076 9.0625
-0.00210429 9.14062

-0.00203327 9.14062
-0.00139646 9.21875

-0.00130643 9.21875
-0.000751343 9.29688

-0.000751115 9.29688
-0.000458247 9.375

-0.000466883 9.375
-0.00041942 9.45312

-0.000503873 9.45312
-0.000515638 9.53125

-0.000492941 9.53125
-0.000440422 9.60938

-0.000366692 9.60938
-0.000442741 9.6875

-0.000466724 9.6875
-0.000770835 9.76562

-0.000794813 9.76562
-0.00123107 9.84375

-0.00127062 9.84375
-0.00171195 9.92188

-0.00176088 9.92188
-0.00203033 10

-0.00199644 10
-0.00206394 10.0781

-0.00205121 10.0781
-0.00200999 10.1562

-0.00198142 10.1562
-0.0019141 10.2344

-0.00191039 10.2344
-0.00188151 10.3125

-0.00188834 10.3125
-0.00189166 10.3906

-0.00191403 10.3906
-0.00189113 10.4688

-0.00185977 10.4688
-0.00182861 10.5469

-0.00180864 10.5469
-0.00187187 10.625

-0.00192884 10.625
-0.00201247 10.7031

-0.0020167 10.7031
-0.00199831 10.7812

-0.00198062 10.7812
-0.00188713 10.8594

-0.00184905 10.8594
-0.001792 10.9375

-0.0018525 10.9375
-0.00178705 11.0156

-0.00174399 11.0156
-0.00163523 11.0938

-0.00164868 11.0938
-0.00155581 11.1719

-0.00152919 11.1719
-0.00147858 11.25

-0.00150563 11.25
-0.00149641 11.3281

-0.00148568 11.3281
-0.00148518 11.4062

-0.00148383 11.4062
-0.00151624 11.4844

-0.0015202 11.4844
-0.00158028 11.5625

-0.00158521 11.5625
-0.00165518 11.6406

-0.00165409 11.6406
-0.00172628 11.7188

-0.00173859 11.7188
-0.00179057 11.7969

-0.00179131 11.7969
-0.00179697 11.875

-0.00177907 11.875
-0.00177272 11.9531

-0.00177249 11.9531
-0.00179041 12.0312

-0.00179236 12.0312
-0.00183113 12.1094

-0.00183292 12.1094
-0.00188504 12.1875

-0.00189968 12.1875
-0.0019323 12.2656

-0.00192897 12.2656
-0.00191945 12.3438

-0.00192985 12.3438
-0.00186408 12.4219

-0.00186669 12.4219
-0.00171864 12.5

-0.00168979 12.5
-0.00151195 12.5781

-0.00151492 12.5781
-0.00135904 12.6562

-0.00135748 12.6562
-0.00122077 12.7344

-0.00122298 12.7344
-0.00110417 12.8125

-0.00109587 12.8125
-0.00100712 12.8906

-0.00100441 12.8906
-0.00096774 12.9688

-0.000976894 12.9688
-0.000979433 13.0469

-0.000985902 13.0469
-0.0009964 13.125

-0.000976594 13.125
-0.00102173 13.2031

-0.00102281 13.2031
-0.00114003 13.2812

-0.00117458 13.2812
-0.00129261 13.3594

-0.00129105 13.3594
-0.00134388 13.4375

-0.00132645 13.4375
-0.00135208 13.5156

-0.00135321 13.5156
-0.00138422 13.5938

-0.00138328 13.5938
-0.00141929 13.6719

-0.00142341 13.6719
-0.00145806 13.75

-0.00145084 13.75
-0.00149036 13.8281

-0.00148961 13.8281
-0.00154994 13.9062

-0.00155021 13.9062
-0.00163232 13.9844

-0.00163411 13.9844
-0.00173388 14.0625

-0.00175404 14.0625
-0.00182758 14.1406

-0.00182595 14.1406
-0.00183622 14.2188

-0.00184535 14.2188
-0.00177736 14.2969

-0.00178926 14.2969
-0.00160098 14.375

-0.00154512 14.375
-0.00132446 14.4531

-0.00133192 14.4531
-0.00117569 14.5312

-0.00118587 14.5312
-0.00105879 14.6094

-0.00106662 14.6094
-0.000932653 14.6875

-0.000903901 14.6875
-0.000804904 14.7656

-0.000811466 14.7656
-0.000791815 14.8438

-0.000804278 14.8438
-0.000825923 14.9219

-0.000838522 14.9219
-0.000851338 15

-0.000819676 15
-0.000861787 15.0781

-0.000874943 15.0781
-0.000983362 15.1562

-0.00100268 15.1562
-0.00111246 15.2344

-0.00112372 15.2344
-0.00117372 15.3125

-0.001147 15.3125
-0.00116814 15.3906

-0.00117744 15.3906
-0.00120457 15.4688

-0.00119591 15.4688
-0.00122778 15.5469

-0.00124529 15.5469
-0.00126418 15.625

-0.0012411 15.625
-0.00125816 15.7031

-0.00127081 15.7031
-0.0013069 15.7812

-0.00130244 15.7812
-0.00134119 15.8594

-0.00135973 15.8594
-0.00137296 15.9375

-0.00134311 15.9375
-0.00135344 16.0156

-0.00135959 16.0156
-0.00141441 16.0938

-0.00148705 16.0938
-0.00142878 16.1719

-0.00141227 16.1719
-0.00112866 16.25

-0.00105324 16.25
-0.000728181 16.3281

-0.000685868 16.3281
-0.000554827 16.4062

-0.000597946 16.4062
-0.000659311 16.4844

-0.000618348 16.4844
-0.000867808 16.5625

-0.00100517 16.5625
-0.00124993 16.6406

-0.0012136 16.6406
-0.0012516 16.7188

-0.00120737 16.7188
-0.00119974 16.7969

-0.00121978 16.7969
-0.00121488 16.875

-0.00120145 16.875
-0.00118604 16.9531

-0.00118775 16.9531
-0.00118527 17.0312

-0.0011831 17.0312
-0.00119448 17.1094

-0.00120583 17.1094
-0.0012127 17.1875

-0.00120165 17.1875
-0.00120344 17.2656

-0.00120527 17.2656
-0.00122045 17.3438

-0.00122863 17.3438
-0.00123716 17.4219

-0.00124244 17.4219
-0.00121741 17.5

-0.00120261 17.5
-0.00116307 17.5781

-0.00116402 17.5781
-0.00113768 17.6562

-0.00113084 17.6562
-0.0011295 17.7344

-0.00113738 17.7344
-0.00115896 17.8125

-0.00116813 17.8125
-0.00118901 17.9688

-0.00117971 17.9688
-0.00117906 18.0469

-0.00118604 18.0469
-0.00117891 18.125

-0.00117278 18.125
-0.0011575 18.2031

-0.00115846 18.2031
-0.00114539 18.2812

-0.00113315 18.2812
-0.00114485 18.3594

-0.00114925 18.3594
-0.00120141 18.4375

-0.00121814 18.4375
-0.00126851 18.5156

-0.0012685 18.5156
-0.00128362 18.5938

-0.00128235 18.5938
-0.00126474 18.6719

-0.00127885 18.6719
-0.00120281 18.75

-0.00116581 18.75
-0.00107709 18.8281

-0.00108235 18.8281
-0.00104441 18.9062

-0.00105456 18.9062
-0.00103657 18.9844

-0.00103657 18.9844
-0.00101823 19.0625

-0.00101729 19.0625
-0.00100048 19.1406

-0.000999774 19.1406
-0.000987767 19.2188

-0.000983682 19.2188
-0.000986064 19.2969

-0.000990172 19.2969
-0.0010069 19.375

-0.00100496 19.375
-0.00103168 19.4531

-0.00103143 19.4531
-0.00107252 19.5312

-0.00107769 19.5312
-0.00112329 19.6094

-0.00112812 19.6094
-0.00115824 19.6875

-0.00115005 19.6875
-0.0011714 19.7656

-0.00117332 19.7656
-0.00119845 19.8438

-0.00120175 19.8438
-0.00122021 19.9219

-0.00121986 19.9219
-0.00122578 20

