-0.859375 0.268154
-0.892118 0.3125

-0.78125 0.206308
-0.817926 0.234375

-0.859375 0.269025
-0.826033 0.234375

-0.625 0.118481
-0.694183 0.15625

-0.78125 0.207495
-0.703125 0.159779

-0.703125 0.160588
-0.695179 0.15625

-0.896079 0.3125
-0.910331 0.390625

-0.905919 0.390625
-0.873636 0.46875

-0.876225 0.46875
-0.859375 0.492249

-0.859375 0.483605
-0.801911 0.546875

-0.802659 0.546875
-0.78125 0.564884

-0.78125 0.561766
-0.703125 0.616529

-0.703125 0.61333
-0.68273 0.625

-0.682532 0.625
-0.625 0.65792

-0.625 0.122126
-0.553227 0.078125

-0.477451 0
-0.528386 0.078125

-0.625 0.658459
-0.546875 0.698653

-0.546875 0.697718
-0.536781 0.703125

-0.530637 0.703125
-0.46875 0.736477

-0.46875 0.736249
-0.402814 0.78125

-0.401182 0.78125
-0.390625 0.788687

-0.390625 0.79086
-0.3125 0.85439

-0.3125 0.858874
-0.311925 0.859375

-0.303898 0.859375
-0.234375 0.927808

-0.234375 0.931889
-0.229324 0.9375

-0.226701 0.9375
-0.164011 1.01562

-0.164321 1.01562
-0.15625 1.02804

-0.15625 1.02849
-0.114046 1.09375

-0.113996 1.09375
-0.078125 1.16481

-0.078125 1.16568
-0.0750239 1.17188

-0.0751068 1.17188
-0.0456742 1.25

-0.0447112 1.25
-0.02619 1.32812

-0.0230514 1.32812
-0.0236448 1.40625

-0.0286195 1.40625
-0.0446554 1.48438

-0.0493009 1.48438
-0.0615388 1.5625

-0.0602797 1.5625
-0.0619467 1.64062

-0.0604772 1.64062
-0.0570306 1.71875

-0.0564848 1.71875
-0.0519552 1.79688

-0.0518638 1.79688
-0.0475256 1.875

-0.047494 1.875
-0.043593 1.95312

-0.0436171 1.95312
-0.0401685 2.03125

-0.0401767 2.03125
-0.0371161 2.10938

-0.0371325 2.10938
-0.0344108 2.1875

-0.0344331 2.1875
-0.0319729 2.26562

-0.0319821 2.26562
-0.0297203 2.34375

-0.0297165 2.34375
-0.0276424 2.42188

-0.0276629 2.42188
-0.0257432 2.5

-0.0257421 2.5
-0.0239382 2.57812

-0.02392 2.57812
-0.0222705 2.65625

-0.0222842 2.65625
-0.0207978 2.73438

-0.0208128 2.73438
-0.0194321 2.8125

-0.0194234 2.8125
-0.0181358 2.89062

-0.0181287 2.89062
-0.0169658 2.96875

-0.0169736 2.96875
-0.0159344 3.04688

-0.0159444 3.04688
-0.0149932 3.125

-0.014994 3.125
-0.0141089 3.20312

-0.0141105 3.20312
-0.0132863 3.28125

-0.0132843 3.28125
-0.012522 3.35938

-0.0125135 3.35938
-0.0118341 3.4375

-0.011828 3.4375
-0.0112607 3.51562

-0.0112785 3.51562
-0.0108 3.59375

-0.0108147 3.59375
-0.0103598 3.67188

-0.0103413 3.67188
-0.00991779 3.75

-0.00990332 3.75
-0.00957709 3.82812

-0.00960585 3.82812
-0.00934832 3.90625

-0.00935715 3.90625
-0.00909316 3.98438

-0.00907383 3.98438
-0.00882439 4.0625

-0.0088176 4.0625
-0.00863494 4.14062

-0.00864348 4.14062
-0.00852411 4.21875

-0.00852929 4.21875
-0.00844577 4.29688

-0.00846861 4.29688
-0.00836487 4.375

-0.00835886 4.375
-0.00820126 4.45312

-0.00817162 4.45312
-0.00803144 4.53125

-0.00802494 4.53125
-0.00797449 4.60938

-0.00799105 4.60938
-0.00801021 4.6875

-0.00802581 4.6875
-0.00805024 4.76562

-0.00807449 4.76562
-0.00802448 4.84375

-0.0080436 4.84375
-0.00783239 4.92188

-0.00782758 4.92188
-0.00742657 5

-0.00739901 5
-0.00687294 5.07812

-0.00683569 5.07812
-0.00631422 5.15625

-0.00633606 5.15625
-0.00584999 5.23438

-0.00585708 5.23438
-0.00534855 5.3125

-0.00532079 5.3125
-0.00483114 5.39062

-0.0048161 5.39062
-0.00443095 5.46875

-0.0044495 5.46875
-0.00416182 5.54688

-0.00416544 5.54688
-0.00393091 5.625

-0.00391364 5.625
-0.00375956 5.70312

-0.00376588 5.70312
-0.00371414 5.78125

-0.0037294 5.78125
-0.00373686 5.85938

-0.00372469 5.85938
-0.00378518 5.9375

-0.00378593 5.9375
-0.0039223 6.01562

-0.00394291 6.01562
-0.00411244 6.09375

-0.00412319 6.09375
-0.00426315 6.17188

-0.00426742 6.17188
-0.00434779 6.25

-0.00435381 6.25
-0.00435403 6.32812

-0.00437548 6.32812
-0.0042406 6.40625

-0.00427751 6.40625
-0.00389078 6.48438

-0.00385669 6.48438
-0.00321246 6.5625

-0.00311345 6.5625
-0.00247792 6.64062

-0.00248088 6.64062
-0.00204615 6.71875

-0.00205545 6.71875
-0.00179701 6.79688

-0.00180303 6.79688
-0.00169022 6.875

-0.00174179 6.875
-0.00165943 6.95312

-0.001623 6.95312
-0.00154082 7.03125

-0.00154088 7.03125
-0.0015316 7.10938

-0.00158279 7.10938
-0.00154392 7.1875

-0.00147655 7.1875
-0.00144045 7.26562

-0.00141859 7.26562
-0.00156373 7.34375

-0.00156612 7.34375
-0.00193145 7.42188

-0.00193631 7.42188
-0.00250733 7.5

-0.00267353 7.5
-0.00310814 7.57812

-0.00307269 7.57812
-0.00310939 7.65625

-0.00301298 7.65625
-0.00291549 7.73438

-0.00291854 7.73438
-0.00287358 7.8125

-0.00288479 7.8125
-0.00286384 7.89062

-0.00284989 7.89062
-0.00285842 7.96875

-0.00288487 7.96875
-0.00289787 8.04688

-0.00291133 8.04688
-0.00284897 8.125

-0.00283513 8.125
-0.00269814 8.20312

-0.00268205 8.20312
-0.0025303 8.28125

-0.00252396 8.28125
-0.00240229 8.35938

-0.00239452 8.35938
-0.00233115 8.4375

-0.00233278 8.4375
-0.00233999 8.51562

-0.00234607 8.51562
-0.00240843 8.59375

-0.00241722 8.59375
-0.00250498 8.67188

-0.00250677 8.67188
-0.00259875 8.75

-0.00260257 8.75
-0.00268755 8.82812

-0.00269842 8.82812
-0.00274703 8.90625

-0.00277489 8.90625
-0.00270969 8.98438

-0.00275527 8.98438
-0.00242935 9.0625

-0.00239835 9.0625
-0.00178255 9.14062

-0.00167584 9.14062
-0.00104558 9.21875

-0.00102306 9.21875
-0.000636798 9.29688

-0.000674389 9.29688
-0.000501981 9.375

-0.000469274 9.375
-0.000500954 9.45312

-0.000604087 9.45312
-0.000699003 9.53125

-0.000731075 9.53125
-0.00061882 9.60938

-0.000483488 9.60938
-0.000370581 9.6875

-0.000377018 9.6875
-0.000521251 9.76562

-0.000519065 9.76562
-0.000911936 9.84375

-0.000959861 9.84375
-0.00150989 9.92188

-0.00161137 9.92188
-0.00201975 10

-0.0019797 10
-0.00212356 10.0781

-0.00208719 10.0781
-0.00211936 10.1562

-0.00212542 10.1562
-0.00210651 10.2344

-0.00210199 10.2344
-0.00202892 10.3125

-0.00200045 10.3125
-0.00193922 10.3906

-0.00194769 10.3906
-0.00193834 10.4688

-0.00193223 10.4688
-0.00197002 10.5469

-0.00198959 10.5469
-0.00204758 10.625

-0.0020475 10.625
-0.00208671 10.7031

-0.00211968 10.7031
-0.00207434 10.7812

-0.00202706 10.7812
-0.00192577 10.8594

-0.00190852 10.8594
-0.00188033 10.9375

-0.00193092 10.9375
-0.00190916 11.0156

-0.00189544 11.0156
-0.00180639 11.0938

-0.00179456 11.0938
-0.00168928 11.1719

-0.00165621 11.1719
-0.00162449 11.25

-0.00166596 11.25
-0.00169101 11.3281

-0.00165448 11.3281
-0.00172643 11.4062

-0.00177751 11.4062
-0.00186726 11.4844

-0.0018366 11.4844
-0.00190331 11.5625

-0.00192227 11.5625
-0.00198934 11.6406

-0.00198088 11.6406
-0.0020273 11.7188

-0.00203306 11.7188
-0.00206422 11.7969

-0.00206236 11.7969
-0.00207044 11.875

-0.0020613 11.875
-0.00206831 11.9531

-0.00206836 11.9531
-0.00209248 12.0312

-0.00209695 12.0312
-0.00212913 12.1094

-0.00213125 12.1094
-0.0021583 12.1875

-0.00216543 12.1875
-0.00216884 12.2656

-0.00216817 12.2656
-0.002135 12.3438

-0.0021415 12.3438
-0.00206006 12.4219

-0.00205801 12.4219
-0.0019194 12.5

-0.00190954 12.5
-0.00173759 12.5781

-0.00173934 12.5781
-0.00155029 12.6562

-0.00153299 12.6562
-0.00135796 12.7344

-0.00136118 12.7344
-0.00122833 12.8125

-0.00122655 12.8125
-0.00113298 12.8906

-0.00113127 12.8906
-0.00108399 12.9688

-0.00108779 12.9688
-0.00108263 13.0469

-0.00108594 13.0469
-0.00110872 13.125

-0.00109989 13.125
-0.00116162 13.2031

-0.00116476 13.2031
-0.00127681 13.2812

-0.00129682 13.2812
-0.00141288 13.3594

-0.00141759 13.3594
-0.00148824 13.4375

-0.00147 13.4375
-0.0015223 13.5156

-0.00153125 13.5156
-0.00158377 13.5938

-0.00157678 13.5938
-0.0016256 13.6719

-0.00163752 13.6719
-0.00167279 13.75

-0.00164839 13.75
-0.00169507 13.8281

-0.00170881 13.8281
-0.00178822 13.9062

-0.00178502 13.9062
-0.00187607 13.9844

-0.00189601 13.9844
-0.00196521 14.0625

-0.00195171 14.0625
-0.00198619 14.1406

-0.002008 14.1406
-0.00199112 14.2188

-0.00198566 14.2188
-0.00188472 14.2969

-0.00188109 14.2969
-0.00171428 14.375

-0.00170243 14.375
-0.0015007 14.4531

-0.00149473 14.4531
-0.00129371 14.5312

-0.00129022 14.5312
-0.00110883 14.6094

-0.00111577 14.6094
-0.0009471 14.6875

-0.000920132 14.6875
-0.000804253 14.7656

-0.000812511 14.7656
-0.000786839 14.8438

-0.000804344 14.8438
-0.000817351 14.9219

-0.000816342 14.9219
-0.000835037 15

-0.00082056 15
-0.000875915 15.0781

-0.000891164 15.0781
-0.000981634 15.1562

-0.000980092 15.1562
-0.00107826 15.2344

-0.00109243 15.2344
-0.00117305 15.3125

-0.00116683 15.3125
-0.00121403 15.3906

-0.0012115 15.3906
-0.00124278 15.4688

-0.00124237 15.4688
-0.00126358 15.5469

-0.00126402 15.5469
-0.00127511 15.625

-0.00126581 15.625
-0.00128449 15.7031

-0.00128708 15.7031
-0.00132677 15.7812

-0.00134253 15.7812
-0.00136653 15.8594

-0.0013631 15.8594
-0.00134672 15.9375

-0.00132471 15.9375
-0.00131883 16.0156

-0.00135838 16.0156
-0.00132792 16.0938

-0.00133679 16.0938
-0.00118492 16.1719

-0.00115955 16.1719
-0.000919261 16.25

-0.000914988 16.25
-0.000645585 16.3281

-0.000558858 16.3281
-0.000442336 16.4062

-0.00048162 16.4062
-0.000612865 16.4844

-0.000613553 16.4844
-0.000912622 16.5625

-0.00100495 16.5625
-0.00128581 16.6406

-0.00125141 16.6406
-0.00139819 16.7188

-0.00140455 16.7188
-0.00147331 16.7969

-0.00146609 16.7969
-0.00145857 16.875

-0.00144032 16.875
-0.00140749 16.9531

-0.00140691 16.9531
-0.00138643 17.0312

-0.00138799 17.0312
-0.0013779 17.1094

-0.00139136 17.1094
-0.00136159 17.1875

-0.00133493 17.1875
-0.0013119 17.2656

-0.00131635 17.2656
-0.00134449 17.3438

-0.00136872 17.3438
-0.00139068 17.4219

-0.00139165 17.4219
-0.00135702 17.5

-0.0013369 17.5
-0.00128397 17.5781

-0.0012828 17.5781
-0.00125415 17.6562

-0.0012557 17.6562
-0.00125058 17.7344

-0.00126126 17.7344
-0.00125519 17.8125

-0.00124156 17.8125
-0.00124044 17.8906

-0.00124244 17.8906
-0.00126955 17.9688

-0.00128342 17.9688
-0.00130703 18.0469

-0.00130843 18.0469
-0.00129798 18.125

-0.00128542 18.125
-0.00126323 18.2031

-0.001263 18.2031
-0.00125467 18.2812

-0.00124518 18.2812
-0.00127016 18.3594

-0.00127428 18.3594
-0.0013433 18.4375

-0.00136338 18.4375
-0.00142806 18.5156

-0.00142563 18.5156
-0.00145067 18.5938

-0.00145866 18.5938
-0.00143293 18.6719

-0.00144755 18.6719
-0.00132583 18.75

-0.00127314 18.75
-0.00113158 18.8281

-0.00113752 18.8281
-0.00106962 18.9062

-0.00108472 18.9062
-0.00104837 18.9844

-0.00104867 18.9844
-0.00101308 19.0625

-0.00101037 19.0625
-0.000980367 19.1406

-0.000977032 19.1406
-0.000964689 19.2188

-0.000967098 19.2188
-0.000974272 19.2969

-0.000980722 19.2969
-0.000989696 19.375

-0.000973801 19.375
-0.00100347 19.4531

-0.00100285 19.4531
-0.00108623 19.5312

-0.00110751 19.5312
-0.00120327 19.6094

-0.00120956 19.6094
-0.00126257 19.6875

-0.00124276 19.6875
-0.00128007 19.7656

-0.00128534 19.7656
-0.00133601 19.8438

-0.00134332 19.8438
-0.00138217 19.9219

-0.00138197 19.9219
-0.00139478 20

