-1.37277 0
-1.37304 0.078125

-1.37573 0.078125
-1.37114 0.15625

-1.37015 0.15625
-1.35728 0.234375

-1.3594 0.234375
-1.33601 0.3125

-1.33943 0.3125
-1.32812 0.335434

-1.32812 0.326909
-1.29661 0.390625

-1.29654 0.390625
-1.25 0.460034

-1.25089 0.46875
-1.25 0.469957

-1.25 0.46131
-1.24491 0.46875

-1.24816 0.46875
-1.17616 0.546875

-1.1857 0.546875
-1.17188 0.559181

-1.17188 0.552389
-1.09375 0.604521

-1.09375 0.604986
-1.01562 0.623621

-1.01562 0.607561
-0.9375 0.623777

-1.09394 0.625
-1.09375 0.625095

-1.02307 0.625
-1.01562 0.626776

-0.94391 0.625
-0.9375 0.62633

-0.9375 0.631798
-0.859375 0.661841

-0.859375 0.667248
-0.78125 0.684375

-0.78125 0.679713
-0.703125 0.682434

-0.703125 0.679478
-0.625 0.683029

-0.625 0.683334
-0.546875 0.693014

-0.546875 0.693246
-0.502839 0.703125

-0.482512 0.703125
-0.46875 0.706212

-0.46875 0.707825
-0.390625 0.738628

-0.390625 0.741974
-0.314898 0.78125

-0.313596 0.78125
-0.3125 0.781819

-0.306528 0.78125
-0.234375 0.831092

-0.234375 0.83627
-0.208211 0.859375

-0.203448 0.859375
-0.15625 0.907869

-0.15625 0.910983
-0.133611 0.9375

0 9.51279
4.95201e-05 9.53125

0 9.56439
9.90537e-05 9.53125

-0.131293 0.9375
-0.078125 1.01409

-0.0774929 1.01562
-0.0396729 1.09375

-0.0384723 1.09375
-0.0186182 1.17188

-0.0170194 1.17188
-0.0207299 1.25

-0.0274459 1.25
-0.0444867 1.32812

-0.0477171 1.32812
-0.0581951 1.40625

-0.0564796 1.40625
-0.0573646 1.48438

-0.0562546 1.48438
-0.0531977 1.5625

-0.0527869 1.5625
-0.0488296 1.64062

-0.048748 1.64062
-0.044875 1.71875

-0.0448491 1.71875
-0.0412755 1.79688

-0.0412857 1.79688
-0.0380428 1.875

-0.038055 1.875
-0.0350977 1.95312

-0.035099 1.95312
-0.0324004 2.03125

-0.0323972 2.03125
-0.0299609 2.10938

-0.0299749 2.10938
-0.0277793 2.1875

-0.0277767 2.1875
-0.0257991 2.26562

-0.0258137 2.26562
-0.0240301 2.34375

-0.0240489 2.34375
-0.0223926 2.42188

-0.0223778 2.42188
-0.0208408 2.5

-0.0208479 2.5
-0.0194456 2.57812

-0.0194707 2.57812
-0.0181383 2.65625

-0.0181256 2.65625
-0.0168382 2.73438

-0.016823 2.73438
-0.0156363 2.8125

-0.0156382 2.8125
-0.0145787 2.89062

-0.0145836 2.89062
-0.0136376 2.96875

-0.0136385 2.96875
-0.012794 3.04688

-0.0128013 3.04688
-0.0120418 3.125

-0.0120523 3.125
-0.0113423 3.20312

-0.0113376 3.20312
-0.0106655 3.28125

-0.0106525 3.28125
-0.0100536 3.35938

-0.0100576 3.35938
-0.00954981 3.4375

-0.00956683 3.4375
-0.00910831 3.51562

-0.00910189 3.51562
-0.00867142 3.59375

-0.00865527 3.59375
-0.00829797 3.67188

-0.00831331 3.67188
-0.00803082 3.75

-0.00804899 3.75
-0.0077743 3.82812

-0.00775236 3.82812
-0.007493 3.90625

-0.0074909 3.90625
-0.00729495 3.98438

-0.00731259 3.98438
-0.00714896 4.0625

-0.00714953 4.0625
-0.00698178 4.14062

-0.00697369 4.14062
-0.00681687 4.21875

-0.00681788 4.21875
-0.00668612 4.29688

-0.00667196 4.29688
-0.00659156 4.375

-0.00659681 4.375
-0.0065856 4.45312

-0.00662097 4.45312
-0.00659769 4.53125

-0.00659168 4.53125
-0.00649763 4.60938

-0.00648523 4.60938
-0.00635721 4.6875

-0.00632825 4.6875
-0.00624896 4.76562

-0.00626307 4.76562
-0.00626221 4.84375

-0.00631523 4.84375
-0.00625851 4.92188

-0.00627484 4.92188
-0.00602359 5

-0.0060103 5
-0.00555844 5.07812

-0.00555042 5.07812
-0.00494057 5.15625

-0.0048817 5.15625
-0.00424765 5.23438

-0.0042171 5.23438
-0.00373769 5.3125

-0.00377452 5.3125
-0.00343721 5.39062

-0.00343767 5.39062
-0.00316788 5.46875

-0.00316141 5.46875
-0.00297115 5.54688

-0.00296354 5.54688
-0.00288097 5.625

-0.00289638 5.625
-0.0029059 5.70312

-0.00290644 5.70312
-0.00297615 5.78125

-0.00297837 5.78125
-0.00310274 5.85938

-0.00312462 5.85938
-0.00325545 5.9375

-0.00327316 5.9375
-0.00333126 6.01562

-0.00330858 6.01562
-0.00330388 6.09375

-0.00328904 6.09375
-0.0032966 6.17188

-0.00329223 6.17188
-0.0033505 6.25

-0.00336491 6.25
-0.00345381 6.32812

-0.00347803 6.32812
-0.00352028 6.40625

-0.00352395 6.40625
-0.00346379 6.48438

-0.00348544 6.48438
-0.00327219 6.5625

-0.00330793 6.5625
-0.00282681 6.64062

-0.00274697 6.64062
-0.00208622 6.71875

-0.00202217 6.71875
-0.00146958 6.79688

-0.00147894 6.79688
-0.00114389 6.875

-0.00113081 6.875
-0.00102073 6.95312

-0.00109544 6.95312
-0.00108708 7.03125

-0.00107919 7.03125
-0.00103888 7.10938

-0.000967175 7.10938
-0.0010541 7.1875

-0.00107772 7.1875
-0.00138804 7.26562

-0.00142768 7.26562
-0.00183483 7.34375

-0.00185588 7.34375
-0.00223849 7.42188

-0.00228011 7.42188
-0.00251283 7.5

-0.00250182 7.5
-0.00252342 7.57812

-0.00250069 7.57812
-0.00237866 7.65625

-0.00234403 7.65625
-0.0021931 7.73438

-0.00219091 7.73438
-0.00208473 7.8125

-0.00207388 7.8125
-0.00203853 7.89062

-0.00206063 7.89062
-0.00207361 7.96875

-0.00209336 7.96875
-0.00207098 8.04688

-0.00205871 8.04688
-0.001986 8.125

-0.00197552 8.125
-0.00189798 8.20312

-0.00188998 8.20312
-0.00184458 8.28125

-0.00184667 8.28125
-0.00184524 8.35938

-0.00184543 8.35938
-0.0018834 8.4375

-0.00189513 8.4375
-0.00194865 8.51562

-0.00194524 8.51562
-0.00199769 8.59375

-0.00199954 8.59375
-0.00205405 8.67188

-0.00205108 8.67188
-0.0021099 8.75

-0.00212211 8.75
-0.00216677 8.82812

-0.00216229 8.82812
-0.00217733 8.90625

-0.00217914 8.90625
-0.00216989 8.98438

-0.00216406 8.98438
-0.00213858 9.0625

-0.00216535 9.0625
-0.00208178 9.14062

-0.00214406 9.14062
-0.00182432 9.21875

-0.00176947 9.21875
-0.00119869 9.29688

-0.00110154 9.29688
-0.000583723 9.375

-0.000643831 9.375
-0.000253058 9.45312

-0.000167483 9.45312
0 9.51557

0 9.55805
-0.000153429 9.60938

-0.000298063 9.60938
-0.000758226 9.6875

-0.000724975 9.6875
-0.00117447 9.76562

-0.00124867 9.76562
-0.00160559 9.84375

-0.0016029 9.84375
-0.00172422 9.92188

-0.00164468 9.92188
-0.00169486 10

-0.00174555 10
-0.00178231 10.0781

-0.00177093 10.0781
-0.00171565 10.1562

-0.00168915 10.1562
-0.0016176 10.2344

-0.00159726 10.2344
-0.00160315 10.3125

-0.00165773 10.3125
-0.00167259 10.3906

-0.00163973 10.3906
-0.00162013 10.4688

-0.00163987 10.4688
-0.00161204 10.5469

-0.00158006 10.5469
-0.00156849 10.625

-0.00159819 10.625
-0.00160744 10.7031

-0.00158535 10.7031
-0.00160023 10.7812

-0.00163946 10.7812
-0.0016257 10.8594

-0.00163093 10.8594
-0.00149963 10.9375

-0.00144831 10.9375
-0.00129165 11.0156

-0.00130001 11.0156
-0.00120394 11.0938

-0.00120728 11.0938
-0.0011484 11.1719

-0.00115047 11.1719
-0.00111795 11.25

-0.00112132 11.25
-0.0011043 11.3281

-0.00110042 11.3281
-0.00109994 11.4062

-0.00109272 11.4062
-0.00113101 11.4844

-0.00113505 11.4844
-0.00121848 11.5625

-0.00123339 11.5625
-0.00132404 11.6406

-0.001321 11.6406
-0.00139512 11.7188

-0.00140455 11.7188
-0.00144933 11.7969

-0.00145444 11.7969
-0.00144083 11.875

-0.0014154 11.875
-0.00138403 11.9531

-0.00138512 11.9531
-0.00138467 12.0312

-0.00138241 12.0312
-0.00141524 12.1094

-0.00141688 12.1094
-0.00148423 12.1875

-0.00150601 12.1875
-0.00156104 12.2656

-0.00155676 12.2656
-0.00156448 12.3438

-0.00157252 12.3438
-0.0015254 12.4219

-0.00153596 12.4219
-0.00139681 12.5

-0.00135096 12.5
-0.00119034 12.5781

-0.00119523 12.5781
-0.00109507 12.6562

-0.00110957 12.6562
-0.00103108 12.7344

-0.00103239 12.7344
-0.000943925 12.8125

-0.000929941 12.8125
-0.00085684 12.8906

-0.000855197 12.8906
-0.000828716 12.9688

-0.000836054 12.9688
-0.000844804 13.0469

-0.000854043 13.0469
-0.000864872 13.125

-0.000844871 13.125
-0.000879303 13.2031

-0.000879565 13.2031
-0.000977078 13.2812

-0.00100904 13.2812
-0.00110519 13.3594

-0.00110476 13.3594
-0.00113648 13.4375

-0.00111844 13.4375
-0.00112267 13.5156

-0.00112419 13.5156
-0.00113398 13.5938

-0.00112985 13.5938
-0.0011504 13.6719

-0.00115683 13.6719
-0.00118355 13.75

-0.00118185 13.75
-0.00120528 13.8281

-0.00120551 13.8281
-0.0012286 13.9062

-0.00121781 13.9062
-0.00126171 13.9844

-0.0012644 13.9844
-0.00134532 14.0625

-0.00136694 14.0625
-0.00143627 14.1406

-0.00143513 14.1406
-0.00145193 14.2188

-0.0014577 14.2188
-0.00141272 14.2969

-0.00142759 14.2969
-0.00127957 14.375

-0.00122397 14.375
-0.00105435 14.4531

-0.00106095 14.4531
-0.000967724 14.5312

-0.000985766 14.5312
-0.000919661 14.6094

-0.000920371 14.6094
-0.00084388 14.6875

-0.000830965 14.6875
-0.000768499 14.7656

-0.000769847 14.7656
-0.000744538 14.8438

-0.000744145 14.8438
-0.000754084 14.9219

-0.000762783 14.9219
-0.000791356 15

-0.000785767 15
-0.000826754 15.0781

-0.000825507 15.0781
-0.000892581 15.1562

-0.00090856 15.1562
-0.000972257 15.2344

-0.000971764 15.2344
-0.00100111 15.3125

-0.000992444 15.3125
-0.00100576 15.3906

-0.00100735 15.3906
-0.00101879 15.4688

-0.00101195 15.4688
-0.001032 15.5469

-0.00103815 15.5469
-0.00106818 15.625

-0.00106958 15.625
-0.0010945 15.7031

-0.00109567 15.7031
-0.00111035 15.7812

-0.0010965 15.7812
-0.00112629 15.8594

-0.00112787 15.8594
-0.00119731 15.9375

-0.00121922 15.9375
-0.00128133 16.0156

-0.00128144 16.0156
-0.00129216 16.0938

-0.00129566 16.0938
-0.00124776 16.1719

-0.00128566 16.1719
-0.00109635 16.25

-0.00099683 16.25
-0.000789354 16.3281

-0.000813006 16.3281
-0.0007391 16.4062

-0.000744014 16.4062
-0.000746548 16.4844

-0.000726115 16.4844
-0.000836127 16.5625

-0.000912946 16.5625
-0.00101767 16.6406

-0.000988736 16.6406
-0.000992384 16.7188

-0.00097505 16.7188
-0.000970155 16.7969

-0.000976967 16.7969
-0.000984575 16.875

-0.000985682 16.875
-0.000989953 16.9531

-0.000991187 16.9531
-0.000987438 17.0312

-0.000978226 17.0312
-0.000982413 17.1094

-0.000987696 17.1094
-0.00100768 17.1875

-0.00101301 17.1875
-0.00102756 17.2656

-0.0010278 17.2656
-0.00102576 17.3438

-0.00101892 17.3438
-0.00101348 17.4219

-0.00101919 17.4219
-0.00101261 17.5

-0.00100912 17.5
-0.000996936 17.5781

-0.000998523 17.5781
-0.000984541 17.6562

-0.000977335 17.6562
-0.000972796 17.7344

-0.000975186 17.7344
-0.000989721 17.8125

-0.00099743 17.8125
-0.00101084 17.8906

-0.00101017 17.8906
-0.00100838 17.9688

-0.00100293 17.9688
-0.000998192 18.0469

-0.00100047 18.0469
-0.000999118 18.125

-0.000999286 18.125
-0.000996438 18.2031

-0.000997078 18.2031
-0.000991113 18.2812

-0.000987559 18.2812
-0.000984305 18.3594

-0.000984148 18.3594
-0.000991026 18.4375

-0.000996161 18.4375
-0.00100321 18.5156

-0.00100242 18.5156
-0.00100096 18.5938

-0.000998988 18.5938
-0.000994546 18.6719

-0.000995303 18.6719
-0.000990319 18.75

-0.000988731 18.75
-0.000981001 18.9062

-0.00098139 18.9062
-0.000977268 19.0625

-0.000977647 19.0625
-0.00097354 19.375

-0.000974507 19.375
-0.000973261 19.6875

-0.000973298 19.6875
-0.000972907 20

