-0.625 0.37575
-0.633574 0.390625

-0.633615 0.390625
-0.646135 0.46875

-0.645239 0.46875
-0.625 0.53498

-0.546875 0.293703
-0.571338 0.3125

-0.546875 0.296741
-0.46875 0.252895

-0.390625 0.226417
-0.411783 0.234375

-0.46875 0.254392
-0.415529 0.234375

-0.390625 0.226557
-0.3125 0.205544

-0.625 0.370932
-0.576197 0.3125

-0.625 0.524592
-0.618191 0.546875

-0.616601 0.546875
-0.567654 0.625

-0.3125 0.206014
-0.234375 0.190165

-0.234375 0.190451
-0.15625 0.178253

0 0.156117
-0.000804354 0.15625

-0.15625 0.178878
-0.078125 0.168511

-0.078125 0.170092
0 0.157147

-0.565953 0.625
-0.546875 0.649902

-0.546875 0.648957
-0.503028 0.703125

-0.499772 0.703125
-0.46875 0.738383

-0.46875 0.738787
-0.431585 0.78125

-0.429468 0.78125
-0.390625 0.826719

-0.390625 0.828557
-0.364634 0.859375

-0.362239 0.859375
-0.3125 0.921166

-0.3125 0.922093
-0.300497 0.9375

-0.299884 0.9375
-0.242172 1.01562

-0.241763 1.01562
-0.234375 1.0266

-0.234375 1.02664
-0.189366 1.09375

-0.189026 1.09375
-0.15625 1.15001

-0.15625 1.14971
-0.143411 1.17188

-0.144425 1.17188
-0.104655 1.25

-0.103233 1.25
-0.078125 1.30896

-0.078125 1.30987
-0.0703521 1.32812

-0.0703598 1.32812
-0.045636 1.40625

-0.0466208 1.40625
-0.0278655 1.48438

-0.0243072 1.48438
-0.0166675 1.5625

-0.0164766 1.5625
-0.0274511 1.64062

-0.0341141 1.64062
-0.0507582 1.71875

-0.0519683 1.71875
-0.0585361 1.79688

-0.0565491 1.79688
-0.0545946 1.875

-0.0535412 1.875
-0.0491452 1.95312

-0.0489295 1.95312
-0.0446299 2.03125

-0.0446227 2.03125
-0.0408655 2.10938

-0.0409015 2.10938
-0.037629 2.1875

-0.0376383 2.1875
-0.0347597 2.26562

-0.0347894 2.26562
-0.0322268 2.34375

-0.0322347 2.34375
-0.0299127 2.42188

-0.0299119 2.42188
-0.0278162 2.5

-0.027824 2.5
-0.0259406 2.57812

-0.0259601 2.57812
-0.0242345 2.65625

-0.0242234 2.65625
-0.022639 2.73438

-0.0226351 2.73438
-0.0212218 2.8125

-0.0212457 2.8125
-0.0199634 2.89062

-0.0199763 2.89062
-0.0187513 2.96875

-0.0187409 2.96875
-0.0175681 3.04688

-0.017562 3.04688
-0.0164745 3.125

-0.0164704 3.125
-0.0154883 3.20312

-0.0154854 3.20312
-0.0146228 3.28125

-0.0146311 3.28125
-0.0138775 3.35938

-0.0138933 3.35938
-0.0132003 3.4375

-0.0131985 3.4375
-0.0125383 3.51562

-0.0125203 3.51562
-0.0119322 3.59375

-0.0119285 3.59375
-0.0114557 3.67188

-0.0114778 3.67188
-0.0110835 3.75

-0.0110937 3.75
-0.0107131 3.82812

-0.0106931 3.82812
-0.0103458 3.90625

-0.0103338 3.90625
-0.0100843 3.98438

-0.0100999 3.98438
-0.00994101 4.0625

-0.00995679 4.0625
-0.00982562 4.14062

-0.00983202 4.14062
-0.00968425 4.21875

-0.00968151 4.21875
-0.00950982 4.29688

-0.00948835 4.29688
-0.00934116 4.375

-0.00932844 4.375
-0.00927412 4.45312

-0.00929539 4.45312
-0.00931686 4.53125

-0.00933661 4.53125
-0.00935183 4.60938

-0.00936412 4.60938
-0.00930902 4.6875

-0.00932838 4.6875
-0.00913962 4.76562

-0.00911864 4.76562
-0.00879946 4.84375

-0.00876985 4.84375
-0.00842146 4.92188

-0.00842304 4.92188
-0.00810151 5

-0.00810014 5
-0.00780503 5.07812

-0.00782638 5.07812
-0.00751772 5.15625

-0.00752871 5.15625
-0.00714185 5.23438

-0.00711716 5.23438
-0.00667949 5.3125

-0.00668147 5.3125
-0.00623842 5.39062

-0.00624903 5.39062
-0.0057754 5.46875

-0.0057465 5.46875
-0.00527886 5.54688

-0.00526266 5.54688
-0.00489124 5.625

-0.00491687 5.625
-0.00462282 5.70312

-0.00460523 5.70312
-0.00437248 5.78125

-0.00435458 5.78125
-0.00425412 5.85938

-0.00426973 5.85938
-0.00430615 5.9375

-0.00431067 5.9375
-0.00444371 6.01562

-0.00445653 6.01562
-0.00465153 6.09375

-0.00468883 6.09375
-0.00484556 6.17188

-0.00489278 6.17188
-0.00484218 6.25

-0.00485643 6.25
-0.00447554 6.32812

-0.00441479 6.32812
-0.00379659 6.40625

-0.00371765 6.40625
-0.00314151 6.48438

-0.00313196 6.48438
-0.00277489 6.5625

-0.00281506 6.5625
-0.00261582 6.64062

-0.00262958 6.64062
-0.00248031 6.71875

-0.00249671 6.71875
-0.0023371 6.79688

-0.00233885 6.79688
-0.0021326 6.875

-0.00208769 6.875
-0.00192112 6.95312

-0.00195759 6.95312
-0.00184759 7.03125

-0.00185264 7.03125
-0.00171615 7.10938

-0.00166072 7.10938
-0.00159848 7.1875

-0.00163336 7.1875
-0.00168647 7.26562

-0.00167645 7.26562
-0.00179522 7.34375

-0.00177545 7.34375
-0.0020195 7.42188

-0.00204001 7.42188
-0.00240784 7.5

-0.00241276 7.5
-0.00285353 7.57812

-0.00290739 7.57812
-0.0033035 7.65625

-0.00331399 7.65625
-0.00353677 7.73438

-0.00351259 7.73438
-0.00358943 7.8125

-0.00356768 7.8125
-0.00359043 7.89062

-0.00359322 7.89062
-0.00359981 7.96875

-0.00362201 7.96875
-0.00356247 8.04688

-0.00354211 8.04688
-0.00341276 8.125

-0.00340192 8.125
-0.00326514 8.20312

-0.00326776 8.20312
-0.00314 8.28125

-0.00314228 8.28125
-0.00301376 8.35938

-0.00300024 8.35938
-0.00289346 8.4375

-0.00289674 8.4375
-0.00283219 8.51562

-0.00282314 8.51562
-0.00281234 8.59375

-0.00280899 8.59375
-0.00287673 8.67188

-0.00290716 8.67188
-0.00299928 8.75

-0.00304726 8.75
-0.00300692 8.82812

-0.00304063 8.82812
-0.00270448 8.90625

-0.00264791 8.90625
-0.00206166 8.98438

-0.00197434 8.98438
-0.00142577 9.0625

-0.00142625 9.0625
-0.00108907 9.14062

-0.00111228 9.14062
-0.000939101 9.21875

-0.000952867 9.21875
-0.000869741 9.29688

-0.000891083 9.29688
-0.000827796 9.375

-0.000843405 9.375
-0.000726052 9.45312

-0.00069019 9.45312
-0.000559275 9.53125

-0.000526062 9.53125
-0.000519737 9.60938

-0.000572078 9.60938
-0.000652087 9.6875

-0.000671868 9.6875
-0.000693965 9.76562

-0.000664152 9.76562
-0.000648403 9.84375

-0.000595041 9.84375
-0.000707796 9.92188

-0.00069264 9.92188
-0.00107093 10

-0.00113982 10
-0.00167619 10.0781

-0.0017471 10.0781
-0.00216199 10.1562

-0.00215163 10.1562
-0.00232392 10.2344

-0.00228928 10.2344
-0.00230898 10.3125

-0.00227716 10.3125
-0.00227718 10.3906

-0.00226321 10.3906
-0.00233513 10.4688

-0.00240626 10.4688
-0.00243574 10.5469

-0.00242984 10.5469
-0.0022864 10.625

-0.00221158 10.625
-0.00205666 10.7031

-0.002065 10.7031
-0.00203156 10.7812

-0.00206259 10.7812
-0.00207188 10.8594

-0.00208025 10.8594
-0.00205345 10.9375

-0.00203638 10.9375
-0.00199091 11.0156

-0.00197733 11.0156
-0.00197452 11.0938

-0.00198564 11.0938
-0.00203041 11.1719

-0.00204205 11.1719
-0.00208889 11.25

-0.00207142 11.25
-0.00213199 11.3281

-0.00214706 11.3281
-0.00222616 11.4062

-0.00220841 11.4062
-0.00231142 11.4844

-0.00233181 11.4844
-0.00245344 11.5625

-0.00243851 11.5625
-0.00256784 11.6406

-0.00257659 11.6406
-0.00272596 11.7188

-0.00268782 11.7188
-0.002916 11.7969

-0.00293457 11.7969
-0.00328072 11.875

-0.00335174 11.875
-0.00363669 11.9531

-0.00363053 11.9531
-0.00372457 12.0312

-0.00372933 12.0312
-0.00363527 12.1094

-0.00361962 12.1094
-0.00335923 12.1875

-0.00331196 12.1875
-0.00301106 12.2656

-0.00299763 12.2656
-0.0027776 12.3438

-0.0027945 12.3438
-0.0026484 12.4219

-0.0026607 12.4219
-0.00253015 12.5

-0.0025331 12.5
-0.00238759 12.5781

-0.002387 12.5781
-0.00222182 12.6562

-0.00222795 12.6562
-0.002032 12.7344

-0.0020116 12.7344
-0.00181343 12.8125

-0.00180855 12.8125
-0.00165873 12.8906

-0.00165571 12.8906
-0.00157006 12.9688

-0.00157057 12.9688
-0.00155411 13.0469

-0.00156763 13.0469
-0.00159233 13.125

-0.00160019 13.125
-0.00162329 13.2031

-0.00161585 13.2031
-0.00163652 13.2812

-0.00163113 13.2812
-0.00167503 13.3594

-0.00166933 13.3594
-0.00175865 13.4375

-0.00177326 13.4375
-0.00189019 13.5156

-0.0018951 13.5156
-0.00200063 13.5938

-0.00199574 13.5938
-0.0020898 13.6719

-0.00208456 13.6719
-0.0021874 13.75

-0.0022016 13.75
-0.00229531 13.8281

-0.00229608 13.8281
-0.00235073 13.9062

-0.00235306 13.9062
-0.00236246 13.9844

-0.00235938 13.9844
-0.00232505 14.0625

-0.00233607 14.0625
-0.00224211 14.1406

-0.00221268 14.1406
-0.00209591 14.2188

-0.00210246 14.2188
-0.00200863 14.2969

-0.00202528 14.2969
-0.001908 14.375

-0.00190348 14.375
-0.00173849 14.4531

-0.00173818 14.4531
-0.00153516 14.5312

-0.00153033 14.5312
-0.00129956 14.6094

-0.00128684 14.6094
-0.00106341 14.6875

-0.00105313 14.6875
-0.000883032 14.7656

-0.000883001 14.7656
-0.000786848 14.8438

-0.000789991 14.8438
-0.000761559 14.9219

-0.000774647 14.9219
-0.000781471 15

-0.000775386 15
-0.000803462 15.0781

-0.000805814 15.0781
-0.000862606 15.1562

-0.000870495 15.1562
-0.000935524 15.2344

-0.000927846 15.2344
-0.00100069 15.3125

-0.00100373 15.3125
-0.00109367 15.3906

-0.00110432 15.3906
-0.00118397 15.4688

-0.00118135 15.4688
-0.00123463 15.5469

-0.00123684 15.5469
-0.00126456 15.625

-0.00126367 15.625
-0.00126321 15.7031

-0.00126124 15.7031
-0.00123834 15.7812

-0.00123807 15.7812
-0.00119719 15.8594

-0.00122794 15.8594
-0.00110814 15.9375

-0.00110809 15.9375
-0.000847983 16.0156

-0.000793423 16.0156
-0.000502222 16.0938

-0.000492354 16.0938
-0.000298921 16.1719

-0.000288906 16.1719
-0.00023301 16.25

-0.000220809 16.25
-0.000346882 16.3281

-0.00043324 16.3281
-0.000592966 16.4062

-0.000586624 16.4062
-0.000619969 16.4844

-0.000557001 16.4844
-0.000602586 16.5625

-0.00059843 16.5625
-0.000790503 16.6406

-0.00081907 16.6406
-0.00110881 16.7188

-0.00110471 16.7188
-0.00144318 16.7969

-0.00149963 16.7969
-0.0017821 16.875

-0.00177233 16.875
-0.00190548 16.9531

-0.00189686 16.9531
-0.00191746 17.0312

-0.00189544 17.0312
-0.00186476 17.1094

-0.00185602 17.1094
-0.0018356 17.1875

-0.00184343 17.1875
-0.0018351 17.2656

-0.00183813 17.2656
-0.00182019 17.3438

-0.00180256 17.3438
-0.0018042 17.4219

-0.00177972 17.4219
-0.00188512 17.5

-0.00196931 17.5
-0.00205906 17.5781

-0.00203289 17.5781
-0.00199097 17.6562

-0.00197904 17.6562
-0.00188165 17.7344

-0.00185452 17.7344
-0.00177978 17.8125

-0.00179643 17.8125
-0.0017653 17.8906

-0.00173496 17.8906
-0.00177482 17.9688

-0.00183637 17.9688
-0.0018848 18.0469

-0.00185608 18.0469
-0.00184743 18.125

-0.00184434 18.125
-0.00184225 18.2031

-0.00183933 18.2031
-0.00185581 18.2812

-0.00185955 18.2812
-0.00189295 18.3594

-0.00189562 18.3594
-0.00193313 18.4375

-0.0019424 18.4375
-0.00196016 18.5156

-0.00195978 18.5156
-0.00194002 18.5938

-0.00194834 18.5938
-0.00187516 18.6719

-0.00187599 18.6719
-0.00173109 18.75

-0.00170998 18.75
-0.00153395 18.8281

-0.00153541 18.8281
-0.00136754 18.9062

-0.00135642 18.9062
-0.00121601 18.9844

-0.00121907 18.9844
-0.00112227 19.0625

-0.00112439 19.0625
-0.00106086 19.1406

-0.00105752 19.1406
-0.0010297 19.2188

-0.00103332 19.2188
-0.00104062 19.2969

-0.00104402 19.2969
-0.00107242 19.375

-0.00106003 19.375
-0.00112751 19.4531

-0.00112756 19.4531
-0.00125878 19.5312

-0.00127547 19.5312
-0.00143695 19.6094

-0.00143942 19.6094
-0.00159285 19.6875

-0.00159374 19.6875
-0.0017324 19.7656

-0.00173792 19.7656
-0.00184896 19.8438

-0.00185049 19.8438
-0.00191981 19.9219

-0.00192035 19.9219
-0.00194381 20

0 0.155428
0.078125 0.140114

0.078125 0.139892
0.15625 0.12609

0 0.157243
0.00506438 0.15625

0.15625 0.125973
0.234375 0.114426

0.234375 0.114297
0.3125 0.105497

0.3125 0.105608
0.390625 0.0995914

0.390625 0.0999193
0.46875 0.0958076

0.46875 0.0964058
0.546875 0.0923472

0.546875 0.0926254
0.625 0.0868668

0.625 0.086957
0.703125 0.0787617

0.78125 0.0538287
0.750577 0.078125

0.78125 0.0702848
0.822617 0

