-1.66632 0
-1.66081 0.078125

-1.65662 0.078125
-1.64845 0.15625

-1.65066 0.15625
-1.64376 0.234375

-1.64547 0.234375
-1.64062 0.263172

-1.64062 0.261661
-1.63207 0.3125

-1.63484 0.3125
-1.607 0.390625

-1.60884 0.390625
-1.5625 0.461852

-1.5625 0.457484
-1.5548 0.46875

-1.55304 0.46875
-1.48551 0.546875

-1.48684 0.546875
-1.48438 0.549578

-1.48438 0.552039
-1.40639 0.625

-1.40625 0.621431
-1.40146 0.625

-1.41352 0.625
-1.40625 0.630756

-1.40162 0.625
-1.32812 0.678099

-1.32812 0.675041
-1.28552 0.703125

-1.2886 0.703125
-1.25 0.728544

-1.25 0.729535
-1.17188 0.77621

-1.17188 0.779343
-1.16697 0.78125

-1.17287 0.78125
-1.17188 0.781793

-1.1685 0.78125
-1.09375 0.81032

-1.09375 0.805241
-1.01562 0.822047

-1.01562 0.823421
-0.9375 0.833997

-0.9375 0.83652
-0.859375 0.833069

-0.859375 0.833459
-0.78125 0.810155

-0.703125 0.700781
-0.704221 0.703125

-0.703125 0.762539
-0.725418 0.78125

-0.703125 0.700597
-0.625 0.634054

-0.703125 0.767925
-0.64217 0.703125

-0.78125 0.811204
-0.731141 0.78125

-0.625 0.663214
-0.546875 0.659563

-0.625 0.706396
-0.607387 0.703125

-0.546875 0.678943
-0.46875 0.691663

-0.46875 0.6849
-0.390625 0.689067

-0.390625 0.68694
-0.3125 0.700335

-0.29931 0.703125
-0.234375 0.728751

-0.234375 0.729644
-0.15625 0.780956

-0.153141 0.78125
-0.078125 0.854461

-0.0738504 0.859375
-0.0229784 0.9375

-0.0215808 0.9375
-0.00147812 1.01562

-0.00433304 1.01562
-0.0120852 1.09375

-0.0192035 1.09375
-0.034864 1.17188

-0.0357956 1.17188
-0.0432644 1.25

-0.0417293 1.25
-0.0422134 1.32812

-0.0415223 1.32812
-0.0394743 1.40625

-0.0392658 1.40625
-0.036485 1.48438

-0.0363852 1.48438
-0.0334882 1.5625

-0.0334695 1.5625
-0.0306934 1.64062

-0.0306727 1.64062
-0.0280965 1.71875

-0.028086 1.71875
-0.0257722 1.79688

-0.0257797 1.79688
-0.0237345 1.875

-0.023742 1.875
-0.0219352 1.95312

-0.0219528 1.95312
-0.0203341 2.03125

-0.0203524 2.03125
-0.0188497 2.10938

-0.0188353 2.10938
-0.0174406 2.1875

-0.0174495 2.1875
-0.0161737 2.26562

-0.0161672 2.26562
-0.0150055 2.34375

-0.0149939 2.34375
-0.0139823 2.42188

-0.0140169 2.42188
-0.0131094 2.5

-0.0131207 2.5
-0.0122258 2.57812

-0.0122039 2.57812
-0.0113429 2.65625

-0.0113465 2.65625
-0.0105557 2.73438

-0.0105569 2.73438
-0.00982666 2.8125

-0.00982714 2.8125
-0.00915397 2.89062

-0.00915618 2.89062
-0.00853472 2.96875

-0.00853938 2.96875
-0.00795588 3.04688

-0.00795245 3.04688
-0.00740444 3.125

-0.00737913 3.125
-0.00692413 3.20312

-0.00693846 3.20312
-0.00659843 3.28125

-0.0066215 3.28125
-0.00632165 3.35938

-0.00633188 3.35938
-0.00600563 3.4375

-0.00597203 3.4375
-0.00566613 3.51562

-0.00567377 3.51562
-0.00544017 3.59375

-0.00545278 3.59375
-0.00525096 3.67188

-0.00525528 3.67188
-0.00505138 3.75

-0.00502641 3.75
-0.00486171 3.82812

-0.00489049 3.82812
-0.00475738 3.90625

-0.00474766 3.90625
-0.00460804 3.98438

-0.00460336 3.98438
-0.00448604 4.0625

-0.00448954 4.0625
-0.00439686 4.14062

-0.00440179 4.14062
-0.0043169 4.21875

-0.00430354 4.21875
-0.0042433 4.29688

-0.00425325 4.29688
-0.00422451 4.375

-0.00423674 4.375
-0.00419514 4.45312

-0.00416979 4.45312
-0.00414158 4.53125

-0.00417008 4.53125
-0.00414897 4.60938

-0.00413429 4.60938
-0.00409265 4.6875

-0.00411584 4.6875
-0.00403664 4.76562

-0.0039995 4.76562
-0.00391064 4.84375

-0.00397012 4.84375
-0.00382693 4.92188

-0.00380496 4.92188
-0.00353242 5

-0.00351974 5
-0.00318716 5.07812

-0.00318056 5.07812
-0.00282652 5.15625

-0.00282869 5.15625
-0.00246203 5.23438

-0.00247323 5.23438
-0.0020672 5.3125

-0.00199967 5.3125
-0.00166696 5.39062

-0.00168377 5.39062
-0.00152582 5.46875

-0.00152631 5.46875
-0.00150848 5.54688

-0.00153074 5.54688
-0.00160753 5.625

-0.00160429 5.625
-0.00173767 5.70312

-0.00175952 5.70312
-0.00191229 5.78125

-0.00192153 5.78125
-0.0020315 5.85938

-0.00203879 5.85938
-0.00207286 5.9375

-0.00203469 5.9375
-0.00205462 6.01562

-0.00207404 6.01562
-0.00211731 6.09375

-0.00211672 6.09375
-0.00214565 6.17188

-0.00215136 6.17188
-0.00215571 6.25

-0.00214693 6.25
-0.00213284 6.32812

-0.00212348 6.32812
-0.00212724 6.40625

-0.0021364 6.40625
-0.00215839 6.48438

-0.00217297 6.48438
-0.0021657 6.5625

-0.00215216 6.5625
-0.00211356 6.64062

-0.00217246 6.64062
-0.00201182 6.71875

-0.00203017 6.71875
-0.00159298 6.79688

-0.00151833 6.79688
-0.000917213 6.875

-0.000876071 6.875
-0.000342594 6.95312

-0.000243011 6.95312
-5.86272e-05 7.03125

-0.000105694 7.03125
-0.000375436 7.10938

-0.000450138 7.10938
-0.000930467 7.1875

-0.000991991 7.1875
-0.00141045 7.26562

-0.00141008 7.26562
-0.00164438 7.34375

-0.00164459 7.34375
-0.00169508 7.42188

-0.001666 7.42188
-0.00159041 7.5

-0.00157413 7.5
-0.00146318 7.57812

-0.00145463 7.57812
-0.001358 7.65625

-0.00137495 7.65625
-0.00127582 7.73438

-0.0012736 7.73438
-0.00114252 7.8125

-0.00112308 7.8125
-0.00100333 7.89062

-0.000998858 7.89062
-0.000938267 7.96875

-0.000956115 7.96875
-0.000927933 8.04688

-0.000934568 8.04688
-0.000889827 8.125

-0.000857688 8.125
-0.000847393 8.20312

-0.000850214 8.20312
-0.000933001 8.28125

-0.000962808 8.28125
-0.00107342 8.35938

-0.00107193 8.35938
-0.00115374 8.4375

-0.00115314 8.4375
-0.00126756 8.59375

-0.00126608 8.59375
-0.00129952 8.67188

-0.00130889 8.67188
-0.00130277 8.75

-0.00127815 8.75
-0.00126295 8.82812

-0.00127048 8.82812
-0.00128039 8.90625

-0.00127476 8.90625
-0.00130596 8.98438

-0.00131777 8.98438
-0.0013579 9.0625

-0.00135939 9.0625
-0.00138188 9.14062

-0.00137743 9.14062
-0.00138821 9.21875

-0.00144925 9.21875
-0.00133513 9.29688

-0.00139509 9.29688
-0.000914052 9.375

-0.000687073 9.375
-0.000173161 9.45312

-0.000186078 9.45312
-6.7413e-05 9.53125

-0.000128541 9.53125
-0.000257034 9.60938

-0.00019596 9.60938
-0.000571505 9.6875

-0.000770659 9.6875
-0.0011171 9.76562

-0.0010488 9.76562
-0.00110443 9.84375

-0.00106872 9.84375
-0.00104154 9.92188

-0.00106504 9.92188
-0.000979466 10

-0.000928115 10
-0.000839836 10.0781

-0.000847701 10.0781
-0.000843693 10.1562

-0.00086843 10.1562
-0.000883487 10.2344

-0.000880484 10.2344
-0.000871137 10.3125

-0.000865121 10.3125
-0.000849405 10.3906

-0.000848357 10.3906
-0.000840397 10.4688

-0.000841678 10.4688
-0.00084101 10.5469

-0.00085101 10.5469
-0.000835072 10.625

-0.000814194 10.625
-0.000804745 10.7031

-0.000805448 10.7031
-0.000842836 10.7812

-0.000869451 10.7812
-0.000899039 10.8594

-0.000912457 10.8594
-0.00085418 10.9375

-0.00080886 10.9375
-0.000726523 11.0156

-0.000733353 11.0156
-0.000703933 11.0938

-0.000713758 11.0938
-0.000703946 11.1719

-0.000703238 11.1719
-0.000694798 11.25

-0.00069864 11.25
-0.000685304 11.3281

-0.000681295 11.3281
-0.000663395 11.4062

-0.00065324 11.4062
-0.000659103 11.4844

-0.000660455 11.4844
-0.000707688 11.5625

-0.000724773 11.5625
-0.000776504 11.6406

-0.000775334 11.6406
-0.000799731 11.7188

-0.000794536 11.7188
-0.000804327 11.7969

-0.000811427 11.7969
-0.000802803 11.875

-0.000791343 11.875
-0.000773024 11.9531

-0.000775383 11.9531
-0.000765572 12.0312

-0.000759817 12.0312
-0.000765308 12.1094

-0.000766637 12.1094
-0.000796284 12.1875

-0.000808989 12.1875
-0.000834725 12.2656

-0.000835164 12.2656
-0.000830702 12.3438

-0.000823256 12.3438
-0.000802609 12.4219

-0.000813341 12.4219
-0.000769937 12.5

-0.000750957 12.5
-0.000701291 12.5781

-0.000703818 12.5781
-0.000680796 12.6562

-0.000687631 12.6562
-0.00067253 12.7344

-0.000672612 12.7344
-0.000651599 12.8125

-0.000648218 12.8125
-0.00062789 12.8906

-0.000629019 12.8906
-0.000613879 12.9688

-0.000608388 12.9688
-0.000607157 13.0469

-0.000607311 13.0469
-0.000630663 13.125

-0.000641497 13.125
-0.000667457 13.2031

-0.000666695 13.2031
-0.00067512 13.2812

-0.000668485 13.2812
-0.000674169 13.3594

-0.000677035 13.3594
-0.00068752 13.4375

-0.000689031 13.4375
-0.000695566 13.5156

-0.000695913 13.5156
-0.000694783 13.5938

-0.000690852 13.5938
-0.000689223 13.6719

-0.000689969 13.6719
-0.000694211 13.75

-0.000696967 13.75
-0.00070008 13.8281

-0.000700187 13.8281
-0.000696446 13.9062

-0.000693247 13.9062
-0.000688837 13.9844

-0.000688942 13.9844
-0.000690053 14.0625

-0.000694373 14.0625
-0.000689933 14.2188

-0.000687494 14.2188
-0.000675284 14.375

-0.000671844 14.375
-0.000655395 14.6875

-0.000657993 14.6875
-0.000649752 15

-0.00065021 15
-0.000644067 15.3125

-0.000644165 15.3125
-0.000639007 15.625

-0.000639059 15.625
-0.000634585 15.9375

-0.000634608 15.9375
-0.000630667 16.25

-0.000630682 16.25
-0.000627199 16.5625

-0.000627209 16.5625
-0.000624135 16.875

-0.000624142 16.875
-0.000621441 17.1875

-0.000621447 17.1875
-0.000619092 17.5

-0.000619097 17.5
-0.000617067 17.8125

-0.000617071 17.8125
-0.000615347 18.125

-0.00061535 18.125
-0.000613917 18.4375

-0.00061392 18.4375
-0.000612767 18.75

-0.00061277 18.75
-0.000611886 19.0625

-0.000611888 19.0625
-0.000611264 19.375

-0.000611265 19.375
-0.000610895 19.6875

-0.000610897 19.6875
-0.000610774 20

