-1.7317 0
-1.73045 0.078125

-1.72979 0.078125
-1.7274 0.15625

-1.73025 0.15625
-1.72235 0.234375

-1.72238 0.234375
-1.71875 0.250307

-1.71875 0.246673
-1.70375 0.3125

-1.70495 0.3125
-1.67645 0.390625

-1.67948 0.390625
-1.64062 0.455453

-1.64062 0.453082
-1.63123 0.46875

-1.6299 0.46875
-1.56419 0.546875

-1.56304 0.546875
-1.5625 0.54746

-1.5625 0.54371
-1.55958 0.546875

-1.55906 0.546875
-1.4897 0.625

-1.49403 0.625
-1.48438 0.636146

-1.48438 0.644422
-1.41302 0.703125

-1.42139 0.703125
-1.40625 0.711884

-1.40625 0.696133
-1.39276 0.703125

-1.39205 0.703125
-1.32812 0.736331

0 0.935943
0.000516982 0.9375

0 0.956434
0.00133949 0.9375

-1.32812 0.736016
-1.25 0.780298

-1.25684 0.78125
-1.25 0.785101

-1.25 0.780674
-1.24888 0.78125

-1.25 0.784548
-1.17188 0.824801

-1.17188 0.824369
-1.09375 0.853295

-1.09375 0.854983
-1.07037 0.859375

-1.07189 0.859375
-1.01562 0.869942

-1.01562 0.8674
-0.9375 0.86896

-0.9375 0.86853
-0.859375 0.862756

-0.78125 0.850125
-0.837401 0.859375

-0.859375 0.863243
-0.835895 0.859375

-0.78125 0.850425
-0.703125 0.829379

-0.703125 0.833464
-0.625 0.795617

-0.546875 0.61222
-0.561202 0.625

-0.546875 0.6231
-0.46875 0.607315

-0.546875 0.638725
-0.583703 0.703125

-0.546875 0.710752
-0.59695 0.78125

-0.546875 0.652621
-0.497327 0.625

-0.546875 0.712561
-0.540234 0.703125

-0.625 0.806948
-0.591238 0.78125

-0.46875 0.643438
-0.390625 0.666971

-0.390625 0.664954
-0.3125 0.67791

-0.3125 0.672091
-0.234375 0.690141

-0.234375 0.690565
-0.209407 0.703125

-0.200683 0.703125
-0.15625 0.72568

-0.15625 0.728706
-0.0922142 0.78125

-0.0887243 0.78125
-0.078125 0.791782

-0.078125 0.791922
-0.0233795 0.859375

-0.0203961 0.859375
0 0.919953

0 0.937583
-0.00552573 1.01562

-0.0117787 1.01562
-0.0261343 1.09375

-0.0274958 1.09375
-0.0351218 1.17188

-0.0336579 1.17188
-0.0347593 1.25

-0.0341975 1.25
-0.0328257 1.32812

-0.0325701 1.32812
-0.0303598 1.40625

-0.0302831 1.40625
-0.0278988 1.48438

-0.0278548 1.48438
-0.0255378 1.5625

-0.0255356 1.5625
-0.0233786 1.64062

-0.0233768 1.64062
-0.0213878 1.71875

-0.0213734 1.71875
-0.0195847 1.79688

-0.019591 1.79688
-0.0180187 1.875

-0.0180193 1.875
-0.01665 1.95312

-0.0166669 1.95312
-0.0154654 2.03125

-0.0154852 2.03125
-0.0143777 2.10938

-0.0143765 2.10938
-0.0133258 2.1875

-0.0133157 2.1875
-0.0123446 2.26562

-0.0123488 2.26562
-0.0114691 2.34375

-0.0114647 2.34375
-0.0106767 2.42188

-0.010689 2.42188
-0.00997711 2.5

-0.00998245 2.5
-0.00931161 2.57812

-0.00931275 2.57812
-0.00866994 2.65625

-0.00865535 2.65625
-0.00806746 2.73438

-0.00807561 2.73438
-0.00755553 2.8125

-0.0075783 2.8125
-0.00706421 2.89062

-0.00705282 2.89062
-0.00652197 2.96875

-0.0064979 2.96875
-0.00602121 3.04688

-0.0060357 3.04688
-0.00563232 3.125

-0.00562099 3.125
-0.00528457 3.20312

-0.00529759 3.20312
-0.00502474 3.28125

-0.00502289 3.28125
-0.00479126 3.35938

-0.00480658 3.35938
-0.00458922 3.4375

-0.00456873 3.4375
-0.00437598 3.51562

-0.00439544 3.51562
-0.00422937 3.59375

-0.00422778 3.59375
-0.00405266 3.67188

-0.00404686 3.67188
-0.00387745 3.75

-0.00386578 3.75
-0.00373701 3.82812

-0.00374508 3.82812
-0.00366413 3.90625

-0.00368797 3.90625
-0.00359103 3.98438

-0.00357112 3.98438
-0.00345035 4.0625

-0.00344455 4.0625
-0.00335137 4.14062

-0.00333123 4.14062
-0.00331752 4.21875

-0.00337291 4.21875
-0.00336818 4.29688

-0.00333885 4.29688
-0.00329098 4.375

-0.00330781 4.375
-0.00324181 4.45312

-0.0032076 4.45312
-0.00315824 4.53125

-0.00318849 4.53125
-0.0031637 4.60938

-0.00314617 4.60938
-0.00312053 4.6875

-0.00314696 4.6875
-0.00310264 4.76562

-0.00309475 4.76562
-0.00299467 4.84375

-0.00300481 4.84375
-0.00284448 4.92188

-0.00285056 4.92188
-0.00259753 5

-0.00256348 5
-0.00227369 5.07812

-0.00226753 5.07812
-0.00202135 5.15625

-0.00205199 5.15625
-0.00180046 5.23438

-0.00181203 5.23438
-0.00147071 5.3125

-0.00139465 5.3125
-0.00109252 5.39062

-0.00110172 5.39062
-0.000972504 5.46875

-0.000982258 5.46875
-0.000988057 5.54688

-0.000984661 5.54688
-0.00111276 5.625

-0.00116159 5.625
-0.00132111 5.70312

-0.00131073 5.70312
-0.00142479 5.78125

-0.00142472 5.78125
-0.00151423 5.85938

-0.00152895 5.85938
-0.00156462 5.9375

-0.00152783 5.9375
-0.00155378 6.01562

-0.00156404 6.01562
-0.00163334 6.09375

-0.00165597 6.09375
-0.00170284 6.17188

-0.00170794 6.17188
-0.00167692 6.25

-0.00164113 6.25
-0.0015936 6.32812

-0.00159984 6.32812
-0.00159491 6.40625

-0.00159343 6.40625
-0.00162156 6.48438

-0.00163544 6.48438
-0.00167186 6.5625

-0.0016723 6.5625
-0.00168837 6.64062

-0.00170203 6.64062
-0.00166952 6.71875

-0.00172356 6.71875
-0.00150706 6.79688

-0.00152796 6.79688
-0.000977592 6.875

-0.000794586 6.875
-0.000234575 6.95312

-0.000196326 6.95312
-6.91808e-05 7.03125

-0.000167222 7.03125
-0.000353358 7.10938

-0.000297676 7.10938
-0.000712377 7.1875

-0.000899573 7.1875
-0.00127981 7.26562

-0.00122677 7.26562
-0.00130422 7.34375

-0.00125838 7.34375
-0.00123081 7.42188

-0.00126152 7.42188
-0.00115917 7.5

-0.00110425 7.5
-0.000975513 7.57812

-0.000985288 7.57812
-0.000920473 7.65625

-0.000936307 7.65625
-0.000884189 7.73438

-0.000890236 7.73438
-0.000807053 7.8125

-0.000784669 7.8125
-0.000703094 7.89062

-0.000701694 7.89062
-0.000669295 7.96875

-0.000683492 7.96875
-0.000674673 8.04688

-0.00068195 8.04688
-0.000653764 8.125

-0.000626798 8.125
-0.000618626 8.20312

-0.00062108 8.20312
-0.000681947 8.28125

-0.000703864 8.28125
-0.000785027 8.35938

-0.000783341 8.35938
-0.00084434 8.4375

-0.000843868 8.4375
-0.000889022 8.51562

-0.000889442 8.51562
-0.000918852 8.59375

-0.000917396 8.59375
-0.000933133 8.67188

-0.000939709 8.67188
-0.000931535 8.75

-0.00091782 8.75
-0.000900015 8.82812

-0.000901915 8.82812
-0.000898106 8.90625

-0.000893523 8.90625
-0.000909075 8.98438

-0.000909349 8.98438
-0.00095288 9.0625

-0.000971285 9.0625
-0.00100543 9.14062

-0.00100058 9.14062
-0.000998243 9.21875

-0.00101289 9.21875
-0.000954465 9.29688

-0.000994255 9.29688
-0.000770887 9.375

-0.000602217 9.375
-0.000341106 9.53125

-0.000349203 9.53125
-0.000472598 9.6875

-0.000622597 9.6875
-0.00077162 9.76562

-0.000733241 9.76562
-0.000746348 9.84375

-0.000730775 9.84375
-0.000715868 9.92188

-0.000729079 9.92188
-0.000690881 10

-0.000667505 10
-0.000626349 10.0781

-0.000630017 10.0781
-0.000625322 10.1562

-0.000634821 10.1562
-0.000640251 10.2344

-0.000639142 10.2344
-0.000637917 10.3125

-0.000637422 10.3125
-0.000632751 10.3906

-0.000632977 10.3906
-0.000625395 10.4688

-0.000621089 10.4688
-0.000618756 10.5469

-0.000625088 10.5469
-0.000623953 10.625

-0.000618288 10.625
-0.000617017 10.7031

-0.000618065 10.7031
-0.000625893 10.7812

-0.000628832 10.7812
-0.000637786 10.8594

-0.000645987 10.8594
-0.00063379 10.9375

-0.000619632 10.9375
-0.000598198 11.0156

-0.000600572 11.0156
-0.000593468 11.0938

-0.000597281 11.0938
-0.000592134 11.1719

-0.000591594 11.1719
-0.00058186 11.25

-0.00058103 11.25
-0.000569449 11.3281

-0.000569174 11.3281
-0.000557956 11.4062

-0.000554003 11.4062
-0.000551607 11.4844

-0.000550998 11.4844
-0.000566551 11.5625

-0.00057554 11.5625
-0.000592283 11.6406

-0.000591406 11.6406
-0.000593114 11.7188

-0.000588264 11.7188
-0.000586392 11.7969

-0.000587706 11.7969
-0.000589327 11.875

-0.000590394 11.875
-0.000590746 11.9531

-0.000590831 11.9531
-0.000587613 12.0312

-0.000586209 12.0312
-0.000582061 12.1094

-0.000582153 12.1094
-0.0005797 12.1875

-0.000581402 12.1875
-0.000572719 12.3438

-0.000570653 12.3438
-0.000559679 12.5

-0.00055911 12.5
-0.000543122 12.8125

-0.000544235 12.8125
-0.00053404 13.125

-0.000534658 13.125
-0.000526796 13.4375

-0.000526836 13.4375
-0.000519992 13.75

-0.000520064 13.75
-0.000514012 14.0625

-0.000514031 14.0625
-0.00050859 14.375

-0.00050861 14.375
-0.000503703 14.6875

-0.000503714 14.6875
-0.000499278 15

-0.000499288 15
-0.000495279 15.3125

-0.000495287 15.3125
-0.000491667 15.625

-0.000491674 15.625
-0.000488412 15.9375

-0.000488418 15.9375
-0.000485488 16.25

-0.000485493 16.25
-0.000482871 16.5625

-0.000482876 16.5625
-0.000480543 16.875

-0.000480547 16.875
-0.000478487 17.1875

-0.00047849 17.1875
-0.000476687 17.5

-0.00047669 17.5
-0.000475131 17.8125

-0.000475133 17.8125
-0.000473807 18.125

-0.000473809 18.125
-0.000472706 18.4375

-0.000472708 18.4375
-0.000471818 18.75

-0.00047182 18.75
-0.000471138 19.0625

-0.000471139 19.0625
-0.000470658 19.375

-0.000470659 19.375
-0.000470373 19.6875

-0.000470374 19.6875
-0.000470279 20

