-0.000607564 15
-0.000602852 15.3125

-0.000602863 15.3125
-0.000598623 15.625

-0.000598635 15.625
-0.000594824 15.9375

-0.000594831 15.9375
-0.000591411 16.25

-0.000591418 16.25
-0.00058836 16.5625

-0.000588365 16.5625
-0.000585645 16.875

-0.00058565 16.875
-0.000583247 17.1875

-0.000583251 17.1875
-0.000581148 17.5

-0.000581151 17.5
-0.000579332 17.8125

-0.000579335 17.8125
-0.000577788 18.125

-0.00057779 18.125
-0.000576503 18.4375

-0.000576505 18.4375
-0.000575467 18.75

-0.000575469 18.75
-0.000574672 19.0625

-0.000574674 19.0625
-0.000574112 19.375

-0.000574113 19.375
-0.000573779 19.6875

-0.00057378 19.6875
-0.00057367 20

-1.68757 0
-1.68398 0.078125

-1.68147 0.078125
-1.67573 0.15625

-1.67816 0.15625
-1.67041 0.234375

-1.67052 0.234375
-1.65568 0.3125

-1.65873 0.3125
-1.64062 0.363047

-1.64062 0.361986
-1.63036 0.390625

-1.63198 0.390625
-1.58226 0.46875

-1.58265 0.46875
-1.5625 0.49337

-1.5625 0.4845
-1.51113 0.546875

-1.51019 0.546875
-1.48438 0.577319

-1.48438 0.583838
-1.44274 0.625

-1.45101 0.625
-1.40625 0.661064

-1.40625 0.651314
-1.32812 0.700802

-1.32837 0.703125
-1.32812 0.703264

-1.32812 0.699019
-1.32134 0.703125

-1.32137 0.703125
-1.25 0.747766

-1.25 0.750454
-1.19599 0.78125

-1.20145 0.78125
-1.17188 0.798076

-1.17188 0.796755
-1.09375 0.828101

-1.09375 0.827896
-1.01562 0.845067

-1.01562 0.843869
-0.9375 0.849673

-0.9375 0.849996
-0.859375 0.846184

-0.859375 0.845868
-0.78125 0.832426

-0.625 0.764802
-0.642878 0.78125

-0.78125 0.833271
-0.703125 0.809142

-0.703125 0.814491
-0.648965 0.78125

-0.546875 0.604855
-0.592738 0.625

-0.552686 0.625
-0.621985 0.703125

-0.625 0.770575
-0.573631 0.703125

-0.546875 0.642081
-0.46875 0.637395

-0.625 0.78221
-0.623834 0.78125

-0.46875 0.660253
-0.390625 0.678856

-0.390625 0.671455
-0.3125 0.682429

-0.3125 0.680099
-0.234375 0.702906

-0.229036 0.703125
-0.15625 0.744835

-0.15625 0.750414
-0.118361 0.78125

-0.111601 0.78125
-0.078125 0.815179

-0.078125 0.816065
-0.0432827 0.859375

-0.0403105 0.859375
-0.00583191 0.9375

-0.00733134 0.9375
-0.00622708 1.01562

-0.0135425 1.01562
-0.0281829 1.09375

-0.0311666 1.09375
-0.0409535 1.17188

-0.03947 1.17188
-0.041403 1.25

-0.0406661 1.25
-0.0391863 1.32812

-0.0387645 1.32812
-0.0361895 1.40625

-0.0361524 1.40625
-0.0334 1.48438

-0.0333359 1.48438
-0.0306087 1.5625

-0.0305796 1.5625
-0.0280639 1.64062

-0.0280779 1.64062
-0.0258041 1.71875

-0.0258044 1.71875
-0.0237438 1.79688

-0.0237573 1.79688
-0.0218823 1.875

-0.0218946 1.875
-0.0201537 1.95312

-0.0201478 1.95312
-0.0185279 2.03125

-0.0185147 2.03125
-0.0170541 2.10938

-0.0170792 2.10938
-0.015754 2.1875

-0.0157544 2.1875
-0.0145134 2.26562

-0.0145064 2.26562
-0.0133627 2.34375

-0.0133622 2.34375
-0.0123308 2.42188

-0.01232 2.42188
-0.0114239 2.5

-0.0114318 2.5
-0.0106768 2.57812

-0.0106946 2.57812
-0.0100296 2.65625

-0.0100293 2.65625
-0.00941932 2.73438

-0.00941565 2.73438
-0.00886878 2.8125

-0.00887148 2.8125
-0.00838962 2.89062

-0.00838709 2.89062
-0.00796994 2.96875

-0.00797128 2.96875
-0.00762121 3.04688

-0.00766 3.04688
-0.00729676 3.125

-0.00728928 3.125
-0.00685024 3.20312

-0.00683244 3.20312
-0.00636816 3.28125

-0.00636662 3.28125
-0.00591578 3.35938

-0.0059112 3.35938
-0.00548604 3.4375

-0.00546671 3.4375
-0.00511503 3.51562

-0.00514331 3.51562
-0.00484722 3.59375

-0.00483087 3.59375
-0.0045665 3.67188

-0.0045738 3.67188
-0.00435924 3.75

-0.00435524 3.75
-0.00418387 3.82812

-0.00418563 3.82812
-0.00406194 3.90625

-0.00406082 3.90625
-0.00398354 3.98438

-0.00399756 3.98438
-0.0039409 4.0625

-0.0039315 4.0625
-0.00388621 4.14062

-0.00389181 4.14062
-0.00386551 4.21875

-0.00388664 4.21875
-0.00382587 4.29688

-0.00380261 4.29688
-0.00371165 4.375

-0.00371731 4.375
-0.00363135 4.45312

-0.00361047 4.45312
-0.00355996 4.53125

-0.00359755 4.53125
-0.00354907 4.60938

-0.00351089 4.60938
-0.00346558 4.6875

-0.00351279 4.6875
-0.0034526 4.76562

-0.00341938 4.76562
-0.00331633 4.84375

-0.00333651 4.84375
-0.00321668 4.92188

-0.00319976 4.92188
-0.00305664 5

-0.00306327 5
-0.00291744 5.07812

-0.0029006 5.07812
-0.00277251 5.15625

-0.00278157 5.15625
-0.00268677 5.23438

-0.002691 5.23438
-0.0026029 5.3125

-0.00259516 5.3125
-0.00252078 5.39062

-0.00251566 5.39062
-0.00248074 5.46875

-0.00252102 5.46875
-0.00245526 5.54688

-0.00245661 5.54688
-0.00227676 5.625

-0.00224002 5.625
-0.00201689 5.70312

-0.0020172 5.70312
-0.00182365 5.78125

-0.00184557 5.78125
-0.00163715 5.85938

-0.00164883 5.85938
-0.00135835 5.9375

-0.00128694 5.9375
-0.00103384 6.01562

-0.00104268 6.01562
-0.000952125 6.09375

-0.000961827 6.09375
-0.000996736 6.17188

-0.00099134 6.17188
-0.0011431 6.25

-0.00119624 6.25
-0.00136937 6.32812

-0.00135889 6.32812
-0.00146804 6.40625

-0.00146131 6.40625
-0.00154089 6.48438

-0.00155406 6.48438
-0.00159119 6.5625

-0.00156293 6.5625
-0.00158781 6.64062

-0.00158966 6.64062
-0.0016551 6.71875

-0.00169243 6.71875
-0.00172006 6.79688

-0.00171606 6.79688
-0.00163923 6.875

-0.00160462 6.875
-0.00150057 6.95312

-0.00149998 6.95312
-0.00143912 7.03125

-0.00145295 7.03125
-0.00140881 7.10938

-0.00141888 7.10938
-0.00134367 7.1875

-0.00130965 7.1875
-0.00125126 7.26562

-0.00125352 7.26562
-0.00127549 7.34375

-0.00131008 7.34375
-0.0013387 7.42188

-0.00133676 7.42188
-0.00130672 7.5

-0.00128812 7.5
-0.0012405 7.57812

-0.00123742 7.57812
-0.00121554 7.65625

-0.00122617 7.65625
-0.00121491 7.73438

-0.001226 7.73438
-0.00118189 7.8125

-0.00115089 7.8125
-0.00111376 7.89062

-0.00111256 7.89062
-0.00114678 7.96875

-0.00118545 7.96875
-0.00121607 8.04688

-0.00121869 8.04688
-0.00116314 8.125

-0.00112799 8.125
-0.00105133 8.20312

-0.001053 8.20312
-0.00102217 8.28125

-0.00103143 8.28125
-0.00102459 8.35938

-0.00103326 8.35938
-0.00101454 8.4375

-0.000994809 8.4375
-0.000986346 8.51562

-0.000985566 8.51562
-0.00102839 8.59375

-0.00105772 8.59375
-0.00109471 8.67188

-0.0010946 8.67188
-0.0010673 8.75

-0.00103731 8.75
-0.00100594 8.82812

-0.00100249 8.82812
-0.00103392 8.90625

-0.00108329 8.90625
-0.00108567 8.98438

-0.00109979 8.98438
-0.000946144 9.0625

-0.00086645 9.0625
-0.00068792 9.14062

-0.000700882 9.14062
-0.000630933 9.21875

-0.000641149 9.21875
-0.000633425 9.29688

-0.000629292 9.29688
-0.000671628 9.375

-0.000702063 9.375
-0.000741854 9.45312

-0.000728396 9.45312
-0.000731688 9.53125

-0.000723874 9.53125
-0.000733208 9.60938

-0.000743705 9.60938
-0.000753713 9.6875

-0.000737054 9.6875
-0.000760059 9.76562

-0.000761013 9.76562
-0.000828422 9.84375

-0.000851955 9.84375
-0.000914795 9.92188

-0.000912086 9.92188
-0.000928711 10

-0.000915367 10
-0.000917881 10.0781

-0.000920691 10.0781
-0.00093016 10.1562

-0.000923692 10.1562
-0.00094743 10.2344

-0.000950539 10.2344
-0.000995265 10.3125

-0.0010075 10.3125
-0.00104252 10.3906

-0.0010425 10.3906
-0.00104339 10.4688

-0.0010453 10.4688
-0.0010083 10.5469

-0.00102261 10.5469
-0.000915266 10.625

-0.000872607 10.625
-0.000751602 10.7031

-0.000755572 10.7031
-0.000698286 10.7812

-0.000722531 10.7812
-0.000672536 10.8594

-0.000688916 10.8594
-0.000564962 10.9375

-0.000511459 10.9375
-0.000387793 11.0156

-0.000397423 11.0156
-0.000361794 11.0938

-0.000367333 11.0938
-0.000389404 11.1719

-0.000382035 11.1719
-0.000465466 11.25

-0.000501697 11.25
-0.000588763 11.3281

-0.000578539 11.3281
-0.000617226 11.4062

-0.000602764 11.4062
-0.000642446 11.4844

-0.000647107 11.4844
-0.00070739 11.5625

-0.000717863 11.5625
-0.000768481 11.6406

-0.000769467 11.6406
-0.000787504 11.7188

-0.000779548 11.7188
-0.000778944 11.7969

-0.000782989 11.7969
-0.000771564 11.875

-0.000765408 11.875
-0.000747384 11.9531

-0.000750032 11.9531
-0.000732426 12.0312

-0.000724424 12.0312
-0.000717943 12.1094

-0.000720448 12.1094
-0.000736084 12.1875

-0.000746327 12.1875
-0.000758584 12.2656

-0.000757855 12.2656
-0.000747704 12.3438

-0.000741311 12.3438
-0.000722995 12.4219

-0.00072693 12.4219
-0.000705365 12.5

-0.000700734 12.5
-0.000677313 12.5781

-0.00067878 12.5781
-0.00065983 12.6562

-0.000656323 12.6562
-0.000645922 12.7344

-0.000646488 12.7344
-0.000650519 12.8125

-0.000656294 12.8125
-0.000662076 12.8906

-0.000661371 12.8906
-0.000658763 12.9688

-0.000655562 12.9688
-0.000652375 13.0469

-0.000652722 13.0469
-0.000654661 13.125

-0.000657976 13.125
-0.000657457 13.2812

-0.000656114 13.2812
-0.000649471 13.4375

-0.000648147 13.4375
-0.000640716 13.5938

-0.000640865 13.5938
-0.000634998 13.75

-0.00063508 13.75
-0.000625554 14.0625

-0.000625767 14.0625
-0.000618492 14.375

-0.000618757 14.375
-0.000612776 14.6875

-0.000612807 14.6875
-0.000607527 15

