-1.74586 0
-1.74943 0.078125

-1.75405 0.078125
-1.75554 0.15625

0 0.920319
0.00116725 0.9375

-1.75531 0.15625
-1.74594 0.234375

-1.74592 0.234375
-1.72618 0.3125

-1.72892 0.3125
-1.71875 0.337131

-1.71875 0.331597
-1.69437 0.390625

-1.69476 0.390625
-1.64826 0.46875

-1.65118 0.46875
-1.64062 0.483586

-1.64062 0.478335
-1.58711 0.546875

-1.58541 0.546875
-1.5625 0.573153

-1.5625 0.569589
-1.51501 0.625

-1.5169 0.625
-1.48438 0.66178

-1.48438 0.67041
-1.44244 0.703125

-1.45125 0.703125
-1.40625 0.733033

-1.40625 0.717221
-1.32812 0.755787

-1.32812 0.758121
-1.28465 0.78125

-1.28936 0.78125
-1.25 0.80219

-1.25 0.801941
-1.17188 0.837304

-1.17188 0.835577
-1.10923 0.859375

-1.11384 0.859375
-1.09375 0.867007

-1.09375 0.870804
-1.01562 0.887152

-1.01562 0.884325
-0.9375 0.882694

-0.9375 0.880417
-0.859375 0.871016

-0.859375 0.869944
-0.78125 0.859471

-0.703125 0.847185
-0.768408 0.859375

-0.78125 0.863147
-0.761048 0.859375

-0.703125 0.845926
-0.625 0.82514

-0.46875 0.574652
-0.522189 0.625

-0.46875 0.608007
-0.390625 0.598724

-0.472002 0.625
-0.51614 0.703125

-0.493824 0.703125
-0.541685 0.78125

-0.625 0.837887
-0.546875 0.788509

-0.546875 0.808407
-0.520799 0.78125

-0.46875 0.633625
-0.445718 0.625

-0.390625 0.628271
-0.3125 0.655767

-0.3125 0.650029
-0.234375 0.669234

-0.234375 0.664588
-0.15625 0.69627

-0.15625 0.70061
-0.152197 0.703125

-0.141804 0.703125
-0.078125 0.752038

-0.078125 0.756196
-0.0538987 0.78125

-0.0462531 0.78125
0 0.859229

-0.00415281 0.859375
0 0.920451

-0.00622552 0.9375
-0.01871 1.01562

-0.0216081 1.01562
-0.0313198 1.09375

-0.0305676 1.09375
-0.0332148 1.17188

-0.0321652 1.17188
-0.0313517 1.25

-0.0311954 1.25
-0.0293328 1.32812

-0.0291418 1.32812
-0.0269246 1.40625

-0.0269217 1.40625
-0.0247377 1.48438

-0.0247138 1.48438
-0.0226164 1.5625

-0.0225787 1.5625
-0.0206912 1.64062

-0.0207237 1.64062
-0.0190566 1.71875

-0.0190522 1.71875
-0.0175493 1.79688

-0.0175729 1.79688
-0.0161957 1.875

-0.0161842 1.875
-0.0149086 1.95312

-0.014921 1.95312
-0.0137451 2.03125

-0.013742 2.03125
-0.0126471 2.10938

-0.0126448 2.10938
-0.0116418 2.1875

-0.0116505 2.1875
-0.0107266 2.26562

-0.0107214 2.26562
-0.0098697 2.34375

-0.00986168 2.34375
-0.00910859 2.42188

-0.00911553 2.42188
-0.00846323 2.5

-0.00846326 2.5
-0.00789779 2.57812

-0.00790803 2.57812
-0.00740885 2.65625

-0.0074067 2.65625
-0.00695764 2.73438

-0.00695781 2.73438
-0.00656281 2.8125

-0.0065531 2.8125
-0.00623123 2.89062

-0.00625215 2.89062
-0.00598099 2.96875

-0.00596844 2.96875
-0.00573124 3.04688

-0.00575959 3.04688
-0.00552478 3.125

-0.00553468 3.125
-0.00522575 3.20312

-0.00521717 3.20312
-0.00483149 3.28125

-0.00480521 3.28125
-0.00441252 3.35938

-0.0044001 3.35938
-0.00407782 3.4375

-0.0040875 3.4375
-0.00384111 3.51562

-0.00385387 3.51562
-0.00363849 3.59375

-0.00363437 3.59375
-0.00343273 3.67188

-0.00342364 3.67188
-0.00326214 3.75

-0.00327913 3.75
-0.00314198 3.82812

-0.00311889 3.82812
-0.0030183 3.90625

-0.00303692 3.90625
-0.00298181 3.98438

-0.00296256 3.98438
-0.00295418 4.0625

-0.00299464 4.0625
-0.00299057 4.14062

-0.0029656 4.14062
-0.00293486 4.21875

-0.00295909 4.21875
-0.00290319 4.29688

-0.00287606 4.29688
-0.0028008 4.375

-0.00281647 4.375
-0.00274476 4.45312

-0.0027202 4.45312
-0.00266979 4.53125

-0.00269721 4.53125
-0.00266237 4.60938

-0.00266085 4.60938
-0.00258975 4.6875

-0.0025816 4.6875
-0.0024936 4.76562

-0.00249038 4.76562
-0.00240823 4.84375

-0.00241605 4.84375
-0.00233056 4.92188

-0.00233661 4.92188
-0.00222003 5

-0.00220312 5
-0.00207716 5.07812

-0.00206911 5.07812
-0.00198369 5.15625

-0.00199624 5.15625
-0.00194233 5.23438

-0.00194997 5.23438
-0.00188717 5.3125

-0.00186961 5.3125
-0.00181775 5.39062

-0.00181249 5.39062
-0.00181723 5.46875

-0.00186465 5.46875
-0.00184167 5.54688

-0.00184598 5.54688
-0.0016918 5.625

-0.00163844 5.625
-0.00145115 5.70312

-0.00145393 5.70312
-0.00133469 5.78125

-0.00137337 5.78125
-0.00123927 5.85938

-0.00125116 5.85938
-0.00100106 5.9375

-0.000921216 5.9375
-0.000691041 6.01562

-0.000701775 6.01562
-0.000629748 6.09375

-0.000641663 6.09375
-0.000682487 6.17188

-0.000674132 6.17188
-0.000820689 6.25

-0.000877635 6.25
-0.00103274 6.32812

-0.00101984 6.32812
-0.00109541 6.40625

-0.00108187 6.40625
-0.00113078 6.48438

-0.00114425 6.48438
-0.00116665 6.5625

-0.00114204 6.5625
-0.00116021 6.64062

-0.00116146 6.64062
-0.00122209 6.71875

-0.00125762 6.71875
-0.00128714 6.79688

-0.00128474 6.79688
-0.0012169 6.875

-0.00118181 6.875
-0.00109161 6.95312

-0.00109268 6.95312
-0.00104817 7.03125

-0.00106074 7.03125
-0.00103464 7.10938

-0.00104499 7.10938
-0.000991458 7.1875

-0.000962603 7.1875
-0.000918657 7.26562

-0.000920823 7.26562
-0.000939841 7.34375

-0.000966794 7.34375
-0.000990538 7.42188

-0.000990347 7.42188
-0.000965294 7.5

-0.000948437 7.5
-0.000908683 7.57812

-0.000907292 7.57812
-0.000889332 7.65625

-0.000896018 7.65625
-0.00088926 7.73438

-0.000900785 7.73438
-0.000868809 7.8125

-0.000842952 7.8125
-0.000814425 7.89062

-0.00081444 7.89062
-0.000841045 7.96875

-0.000869234 7.96875
-0.00089456 8.04688

-0.000898746 8.04688
-0.000858043 8.125

-0.000829415 8.125
-0.000771566 8.20312

-0.00077498 8.20312
-0.000750413 8.28125

-0.000753017 8.28125
-0.000749695 8.35938

-0.000755966 8.35938
-0.000756142 8.4375

-0.000750554 8.4375
-0.000752862 8.51562

-0.000752438 8.51562
-0.000768902 8.59375

-0.000778729 8.59375
-0.000790545 8.67188

-0.000794612 8.67188
-0.000773991 8.75

-0.000754072 8.75
-0.000732719 8.82812

-0.000732549 8.82812
-0.000750641 8.90625

-0.000776821 8.90625
-0.000782338 8.98438

-0.000795544 8.98438
-0.000709714 9.0625

-0.00065969 9.0625
-0.000556151 9.14062

-0.000564679 9.14062
-0.000526423 9.21875

-0.000534063 9.21875
-0.000528756 9.29688

-0.000524895 9.29688
-0.00054498 9.375

-0.000563455 9.375
-0.000579704 9.45312

-0.000570857 9.45312
-0.000564011 9.53125

-0.000556968 9.53125
-0.000558805 9.60938

-0.000563384 9.60938
-0.000578831 9.6875

-0.000578785 9.6875
-0.000598778 9.76562

-0.000597879 9.76562
-0.000624309 9.84375

-0.000630252 9.84375
-0.000653032 9.92188

-0.000652756 9.92188
-0.000660553 10

-0.000656625 10
-0.000657847 10.0781

-0.000659267 10.0781
-0.000658927 10.1562

-0.000653631 10.1562
-0.000659483 10.2344

-0.000661578 10.2344
-0.000680024 10.3125

-0.000686703 10.3125
-0.000700195 10.3906

-0.000701192 10.3906
-0.000694379 10.4688

-0.000690493 10.4688
-0.000669153 10.5469

-0.000677563 10.5469
-0.000632647 10.625

-0.000614674 10.625
-0.000565305 10.7031

-0.000567943 10.7031
-0.000544791 10.7812

-0.00055093 10.7812
-0.000536442 10.8594

-0.000536998 10.8594
-0.000517786 10.9375

-0.000510495 10.9375
-0.000489568 11.0938

-0.000485218 11.0938
-0.000502155 11.25

-0.000520732 11.25
-0.000547079 11.4062

-0.00054027 11.4062
-0.00055249 11.5625

-0.000555867 11.5625
-0.000560824 11.7188

-0.000561286 11.7188
-0.000551304 11.875

-0.000543228 11.875
-0.000523837 12.1875

-0.000524835 12.1875
-0.00051224 12.5

-0.000512918 12.5
-0.000503765 12.8125

-0.00050399 12.8125
-0.000496473 13.125

-0.000496584 13.125
-0.000490033 13.4375

-0.000490059 13.4375
-0.000484199 13.75

-0.00048423 13.75
-0.00047895 14.0625

-0.00047896 14.0625
-0.000474178 14.375

-0.000474191 14.375
-0.000469858 14.6875

-0.000469867 14.6875
-0.00046594 15

-0.000465948 15
-0.000462392 15.3125

-0.000462399 15.3125
-0.000459183 15.625

-0.00045919 15.625
-0.000456289 15.9375

-0.000456295 15.9375
-0.000453687 16.25

-0.000453692 16.25
-0.000451358 16.5625

-0.000451362 16.5625
-0.000449285 16.875

-0.000449288 16.875
-0.000447452 17.1875

-0.000447455 17.1875
-0.000445848 17.5

-0.000445851 17.5
-0.000444461 17.8125

-0.000444463 17.8125
-0.000443281 18.125

-0.000443283 18.125
-0.000442299 18.4375

-0.000442301 18.4375
-0.000441508 18.75

-0.000441509 18.75
-0.000440901 19.0625

-0.000440902 19.0625
-0.000440473 19.375

-0.000440474 19.375
-0.000440219 19.6875

-0.00044022 19.6875
-0.000440135 20

