-0.000963633 18.75
-0.000960635 19.0625

-0.000960819 19.0625
-0.000959146 19.375

-0.000959221 19.375
-0.000958352 19.6875

-1.40625 0.0294206
-1.40731 0.078125

-1.40973 0.078125
-1.40994 0.15625

-1.4099 0.15625
-1.40625 0.198397

-1.40728 0.234375
-1.40625 0.23837

-1.40625 0.0329253
-1.40553 0

-1.40625 0.201233
-1.40338 0.234375

-1.40625 0.234733
-1.38619 0.3125

-1.38671 0.3125
-1.34591 0.390625

-1.34556 0.390625
-1.32812 0.416467

-1.32812 0.408773
-1.28563 0.46875

-1.28684 0.46875
-1.25 0.515364

-1.25 0.515304
-1.22339 0.546875

-1.22792 0.546875
-1.17188 0.600778

-1.17188 0.596222
-1.13257 0.625

-1.13748 0.625
-1.09375 0.655514

-1.09375 0.660352
-1.01562 0.690119

-1.01742 0.703125
-1.01562 0.703727

-1.01562 0.69068
-0.9375 0.680856

-1.01562 0.704267
-1.00654 0.703125

-0.9375 0.659739
-0.859375 0.65146

-0.9375 0.70323
-0.936506 0.703125

-0.859375 0.659999
-0.78125 0.678556

-0.78125 0.686634
-0.703125 0.697982

-0.72406 0.703125
-0.703125 0.706158

-0.703125 0.69325
-0.625 0.690579

-0.625 0.687127
-0.546875 0.687617

-0.546875 0.688305
-0.46875 0.697486

-0.46875 0.701951
-0.46455 0.703125

-0.429032 0.703125
-0.390625 0.713865

-0.390625 0.717911
-0.3125 0.755265

-0.00095838 19.6875
-0.000958109 20

-0.3125 0.758655
-0.277114 0.78125

-0.266664 0.78125
-0.234375 0.802103

-0.234375 0.803588
-0.169913 0.859375

-0.169402 0.859375
-0.15625 0.872885

-0.15625 0.874246
-0.102316 0.9375

-0.101316 0.9375
-0.078125 0.975708

-0.078125 0.977215
-0.0550917 1.01562

-0.054513 1.01562
-0.0269218 1.09375

-0.0247122 1.09375
-0.0211907 1.17188

-0.0264162 1.17188
-0.0409325 1.25

-0.0458127 1.25
-0.0581554 1.32812

-0.0571427 1.32812
-0.0595767 1.40625

-0.058131 1.40625
-0.0555732 1.48438

-0.0551499 1.48438
-0.0513382 1.5625

-0.0512125 1.5625
-0.0472448 1.64062

-0.0471989 1.64062
-0.0434185 1.71875

-0.0434131 1.71875
-0.0399226 1.79688

-0.039928 1.79688
-0.0367272 1.875

-0.0367224 1.875
-0.0338103 1.95312

-0.033825 1.95312
-0.0311819 2.03125

-0.0311983 2.03125
-0.0287621 2.10938

-0.0287528 2.10938
-0.0265094 2.1875

-0.0265144 2.1875
-0.0244725 2.26562

-0.0244791 2.26562
-0.0226155 2.34375

-0.0226065 2.34375
-0.0209262 2.42188

-0.0209349 2.42188
-0.0194386 2.5

-0.0194393 2.5
-0.0181082 2.57812

-0.0181066 2.57812
-0.0169426 2.65625

-0.016957 2.65625
-0.0159348 2.73438

-0.0159439 2.73438
-0.0150163 2.8125

-0.0150174 2.8125
-0.0141642 2.89062

-0.014179 2.89062
-0.0133682 2.96875

-0.0133744 2.96875
-0.0125639 3.04688

-0.0125393 3.04688
-0.0117662 3.125

-0.0117653 3.125
-0.0110805 3.20312

-0.0110983 3.20312
-0.0104679 3.28125

-0.0104682 3.28125
-0.00985603 3.35938

-0.00986206 3.35938
-0.00925552 3.4375

-0.00925156 3.4375
-0.00864653 3.51562

-0.00862194 3.51562
-0.00807551 3.59375

-0.00807636 3.59375
-0.00763602 3.67188

-0.00763996 3.67188
-0.00729615 3.75

-0.00730088 3.75
-0.00703629 3.82812

-0.00704873 3.82812
-0.00682902 3.90625

-0.00682934 3.90625
-0.00662901 3.98438

-0.00662227 3.98438
-0.00645414 4.0625

-0.00646447 4.0625
-0.00632135 4.14062

-0.00631842 4.14062
-0.00618551 4.21875

-0.00617863 4.21875
-0.00607553 4.29688

-0.00609018 4.29688
-0.00600136 4.375

-0.00601049 4.375
-0.00588839 4.45312

-0.00587405 4.45312
-0.00572908 4.53125

-0.00570534 4.53125
-0.00561365 4.60938

-0.00564453 4.60938
-0.00559187 4.6875

-0.00559543 4.6875
-0.0055129 4.76562

-0.00551968 4.76562
-0.00538661 4.84375

-0.0053777 4.84375
-0.00519832 4.92188

-0.00518875 4.92188
-0.00500004 5

-0.00498274 5
-0.00483845 5.07812

-0.00485858 5.07812
-0.00475305 5.15625

-0.00474605 5.15625
-0.00465303 5.23438

-0.00465417 5.23438
-0.0045854 5.3125

-0.00462834 5.3125
-0.00436295 5.46875

-0.00434235 5.46875
-0.0041368 5.54688

-0.0041174 5.54688
-0.00391901 5.625

-0.00397607 5.625
-0.00370951 5.70312

-0.00366619 5.70312
-0.00330398 5.78125

-0.00330597 5.78125
-0.00293081 5.85938

-0.00288229 5.85938
-0.00258723 5.9375

-0.0026249 5.9375
-0.00243167 6.01562

-0.00241052 6.01562
-0.00228608 6.09375

-0.00229482 6.09375
-0.00226398 6.17188

-0.00226593 6.17188
-0.00230733 6.25

-0.00231085 6.25
-0.00241354 6.32812

-0.00241777 6.32812
-0.00256625 6.40625

-0.00258616 6.40625
-0.00273211 6.48438

-0.00273313 6.48438
-0.00283468 6.5625

-0.00283381 6.5625
-0.00289067 6.64062

-0.00289196 6.64062
-0.00290328 6.71875

-0.00289928 6.71875
-0.00287045 6.79688

-0.00286928 6.79688
-0.00281065 6.875

-0.00281058 6.875
-0.00272461 6.95312

-0.00272283 6.95312
-0.00261323 7.03125

-0.00260236 7.03125
-0.00249444 7.10938

-0.00249612 7.10938
-0.00240826 7.1875

-0.00240408 7.1875
-0.00234127 7.26562

-0.00234267 7.26562
-0.00231047 7.34375

-0.00231926 7.34375
-0.0022973 7.42188

-0.00229628 7.42188
-0.00226905 7.5

-0.00227128 7.5
-0.00223636 7.57812

-0.0022342 7.57812
-0.00219146 7.65625

-0.00218848 7.65625
-0.0021482 7.73438

-0.00215 7.73438
-0.00211454 7.8125

-0.00211171 7.8125
-0.00208313 7.89062

-0.00208209 7.89062
-0.00206812 7.96875

-0.00208054 7.96875
-0.00205844 8.04688

-0.00205803 8.04688
-0.00200379 8.125

-0.00199356 8.125
-0.00192846 8.20312

-0.00192602 8.20312
-0.00187539 8.28125

-0.00187793 8.28125
-0.00184159 8.35938

-0.00184648 8.35938
-0.00180956 8.4375

-0.00179214 8.4375
-0.00177969 8.51562

-0.00177932 8.51562
-0.00182693 8.59375

-0.00185681 8.59375
-0.00190549 8.67188

-0.00189998 8.67188
-0.00190099 8.75

-0.00189594 8.75
-0.00187039 8.82812

-0.00186597 8.82812
-0.00183279 8.90625

-0.00186136 8.90625
-0.00177226 8.98438

-0.00177483 8.98438
-0.00156755 9.0625

-0.00151116 9.0625
-0.00129333 9.14062

-0.00130145 9.14062
-0.00116963 9.21875

-0.00116622 9.21875
-0.00111103 9.29688

-0.00111177 9.29688
-0.00113853 9.375

-0.0011663 9.375
-0.001218 9.45312

-0.00120906 9.45312
-0.00124805 9.53125

-0.00124707 9.53125
-0.00129317 9.60938

-0.00130357 9.60938
-0.00133797 9.6875

-0.0013126 9.6875
-0.00136523 9.76562

-0.00136824 9.76562
-0.00148381 9.84375

-0.00151399 9.84375
-0.00162614 9.92188

-0.0016226 9.92188
-0.00167805 10

-0.00166029 10
-0.00170164 10.0781

-0.00170432 10.0781
-0.00176172 10.1562

-0.00176144 10.1562
-0.0018301 10.2344

-0.00183159 10.2344
-0.00190909 10.3125

-0.00192687 10.3125
-0.00197466 10.3906

-0.0019699 10.3906
-0.00196193 10.4688

-0.0019751 10.4688
-0.00189455 10.5469

-0.00190134 10.5469
-0.00170826 10.625

-0.00166828 10.625
-0.00142902 10.7031

-0.00142335 10.7031
-0.00122923 10.7812

-0.00126324 10.7812
-0.00105759 10.8594

-0.00107083 10.8594
-0.000759124 10.9375

-0.000675644 10.9375
-0.000398361 11.0156

-0.000408595 11.0156
-0.000312224 11.0938

-0.00032386 11.0938
-0.000364658 11.1719

-0.00036124 11.1719
-0.00052277 11.25

-0.000568424 11.25
-0.000766213 11.3281

-0.000757074 11.3281
-0.000918092 11.4062

-0.000909823 11.4062
-0.00106888 11.4844

-0.00107903 11.4844
-0.00123238 11.5625

-0.00123556 11.5625
-0.00135655 11.6406

-0.00135875 11.6406
-0.00143663 11.7188

-0.0014352 11.7188
-0.00146846 11.7969

-0.00147079 11.7969
-0.00145763 11.875

-0.00144051 11.875
-0.00141053 11.9531

-0.0014107 11.9531
-0.00139781 12.0312

-0.00139504 12.0312
-0.00140444 12.1094

-0.00141154 12.1094
-0.00143457 12.1875

-0.00144061 12.1875
-0.00145098 12.2656

-0.00145054 12.2656
-0.00143704 12.3438

-0.00143956 12.3438
-0.00139802 12.4219

-0.00140592 12.4219
-0.00131553 12.5

-0.00129086 12.5
-0.00118516 12.5781

-0.0011821 12.5781
-0.00111654 12.6562

-0.00112671 12.6562
-0.00108705 12.7344

-0.00110358 12.7344
-0.00103643 12.8125

-0.000996697 12.8125
-0.000948468 12.8906

-0.000950495 12.8906
-0.000996599 12.9688

-0.00103362 12.9688
-0.00109596 13.0469

-0.00109766 13.0469
-0.00109879 13.125

-0.00106763 13.125
-0.00106643 13.2031

-0.00106972 13.2031
-0.00112192 13.2812

-0.00115357 13.2812
-0.00118932 13.3594

-0.00119423 13.3594
-0.00114042 13.4375

-0.00110147 13.4375
-0.00102615 13.5156

-0.00103142 13.5156
-0.00100195 13.5938

-0.00101699 13.5938
-0.000992778 13.6719

-0.000997282 13.6719
-0.000939259 13.75

-0.000918226 13.75
-0.000859448 13.8281

-0.000862457 13.8281
-0.00083897 13.9062

-0.000832985 13.9062
-0.000850738 13.9844

-0.000852583 13.9844
-0.000919859 14.0625

-0.000939785 14.0625
-0.00101304 14.1406

-0.00101249 14.1406
-0.00105299 14.2188

-0.00104231 14.2188
-0.00107249 14.2969

-0.00108157 14.2969
-0.00110465 14.375

-0.00109858 14.375
-0.00110855 14.4531

-0.00111053 14.4531
-0.00111557 14.5312

-0.00110858 14.5312
-0.00111869 14.6094

-0.00112241 14.6094
-0.00114411 14.6875

-0.00115164 14.6875
-0.00116241 14.7656

-0.00116326 14.7656
-0.00114635 14.8438

-0.00113992 14.8438
-0.00110652 14.9219

-0.00111396 14.9219
-0.00106205 15

-0.0010475 15
-0.0009913 15.0781

-0.000994875 15.0781
-0.000956342 15.1562

-0.0009476 15.1562
-0.000937068 15.2344

-0.000943029 15.2344
-0.000966061 15.3125

-0.000976468 15.3125
-0.00100033 15.3906

-0.00100138 15.3906
-0.00100316 15.4688

-0.000991036 15.4688
-0.000992917 15.5469

-0.0010007 15.5469
-0.00101136 15.625

-0.00101112 15.625
-0.00101546 15.7031

-0.00101723 15.7031
-0.00101221 15.7812

-0.000999189 15.7812
-0.00100728 15.8594

-0.00100982 15.8594
-0.00105199 15.9375

-0.00106697 15.9375
-0.00110818 16.0156

-0.00110938 16.0156
-0.00111728 16.0938

-0.00111218 16.0938
-0.00109456 16.1719

-0.00110546 16.1719
-0.0010507 16.25

-0.00102539 16.25
-0.000962328 16.3281

-0.000966001 16.3281
-0.000937898 16.4062

-0.000946231 16.4062
-0.000929077 16.4844

-0.000929857 16.4844
-0.000905424 16.5625

-0.000899734 16.5625
-0.000877841 16.6406

-0.000879886 16.6406
-0.00086782 16.7188

-0.000863211 16.7188
-0.000866102 16.7969

-0.000866441 16.7969
-0.000892828 16.875

-0.000907129 16.875
-0.000948332 17.0312

-0.000938905 17.0312
-0.000951772 17.1094

-0.000954692 17.1094
-0.000972839 17.1875

-0.000974532 17.1875
-0.000988732 17.2656

-0.000987706 17.2656
-0.000996627 17.3438

-0.00099904 17.3438
-0.000999909 17.4219

-0.00100143 17.4219
-0.000986378 17.5

-0.000974129 17.5
-0.000955102 17.6562

-0.000956123 17.6562
-0.000961146 17.8125

-0.000970048 17.8125
-0.000979277 17.9688

-0.000976953 17.9688
-0.000977233 18.125

-0.00097646 18.125
-0.00097151 18.4375

-0.000968941 18.4375
-0.000963015 18.75

