-0.78125 0.282703
-0.807201 0.3125

-0.703125 0.226788
-0.715478 0.234375

-0.78125 0.285181
-0.719272 0.234375

-0.703125 0.229188
-0.625 0.193981

-0.812048 0.3125
-0.842468 0.390625

-0.837575 0.390625
-0.816196 0.46875

-0.817038 0.46875
-0.78125 0.517964

-0.78125 0.509478
-0.747728 0.546875

-0.747488 0.546875
-0.703125 0.582578

-0.703125 0.578527
-0.636829 0.625

-0.635779 0.625
-0.625 0.632097

-0.46875 0.144286
-0.505136 0.15625

-0.625 0.196818
-0.546875 0.17021

-0.546875 0.172122
-0.498603 0.15625

-0.46875 0.144042
-0.390625 0.120232

-0.390625 0.12067
-0.3125 0.100825

-0.3125 0.102547
-0.234375 0.0823459

-0.15625 0.0418124
-0.191147 0.078125

-0.234375 0.0833655
-0.224536 0.078125

-0.15625 0.0534273
-0.129268 0

-0.625 0.634334
-0.546875 0.682705

-0.546875 0.682227
-0.512783 0.703125

-0.500472 0.703125
-0.46875 0.722571

-0.46875 0.725794
-0.392817 0.78125

-0.391523 0.78125
-0.390625 0.781956

-0.390625 0.782211
-0.3125 0.851041

-0.3125 0.855991
-0.309002 0.859375

-0.303375 0.859375
-0.234375 0.933347

-0.234375 0.934747
-0.232052 0.9375

-0.231878 0.9375
-0.172228 1.01562

-0.171982 1.01562
-0.15625 1.04084

-0.15625 1.04105
-0.12337 1.09375

-0.124352 1.09375
-0.0847795 1.17188

-0.0838636 1.17188
-0.078125 1.18631

-0.078125 1.18699
-0.0530762 1.25

-0.0520667 1.25
-0.0328262 1.32812

-0.0301591 1.32812
-0.029988 1.40625

-0.0347341 1.40625
-0.0494744 1.48438

-0.0539357 1.48438
-0.0651729 1.5625

-0.0640343 1.5625
-0.065123 1.64062

-0.0636818 1.64062
-0.0597814 1.71875

-0.0592204 1.71875
-0.0543354 1.79688

-0.0542713 1.79688
-0.0496521 1.875

-0.0496227 1.875
-0.0454561 1.95312

-0.0454824 1.95312
-0.0417745 2.03125

-0.0417787 2.03125
-0.0384688 2.10938

-0.0384974 2.10938
-0.03552 2.1875

-0.0355164 2.1875
-0.0328215 2.26562

-0.0328316 2.26562
-0.030406 2.34375

-0.030412 2.34375
-0.0282238 2.42188

-0.0282277 2.42188
-0.0262571 2.5

-0.0262642 2.5
-0.0244892 2.57812

-0.0244953 2.57812
-0.0228896 2.65625

-0.0228944 2.65625
-0.0214365 2.73438

-0.0214529 2.73438
-0.0201004 2.8125

-0.0201008 2.8125
-0.01882 2.89062

-0.0188085 2.89062
-0.0176215 2.96875

-0.01763 2.96875
-0.0165427 3.04688

-0.0165514 3.04688
-0.0155294 3.125

-0.0155224 3.125
-0.0145622 3.20312

-0.0145583 3.20312
-0.0136814 3.28125

-0.0136818 3.28125
-0.0128955 3.35938

-0.0129019 3.35938
-0.0121927 3.4375

-0.0121929 3.4375
-0.0115473 3.51562

-0.0115514 3.51562
-0.0109609 3.59375

-0.0109687 3.59375
-0.0104097 3.67188

-0.0104023 3.67188
-0.00987404 3.75

-0.00986019 3.75
-0.00940528 3.82812

-0.00941094 3.82812
-0.00904574 3.90625

-0.00905425 3.90625
-0.00875043 3.98438

-0.00875414 3.98438
-0.00848726 4.0625

-0.00848298 4.0625
-0.00825418 4.14062

-0.00826377 4.14062
-0.00806246 4.21875

-0.00806384 4.21875
-0.00786805 4.29688

-0.00785232 4.29688
-0.00769077 4.375

-0.00769138 4.375
-0.00759432 4.45312

-0.00762131 4.45312
-0.00753356 4.53125

-0.00753898 4.53125
-0.00739571 4.60938

-0.00738249 4.60938
-0.00719931 4.6875

-0.00719271 4.6875
-0.00700926 4.76562

-0.0069987 4.76562
-0.00684926 4.84375

-0.00685253 4.84375
-0.00675171 4.92188

-0.00677112 4.92188
-0.00667358 5

-0.00667603 5
-0.00653805 5.07812

-0.0065377 5.07812
-0.0063551 5.15625

-0.00635349 5.15625
-0.00613018 5.23438

-0.0061093 5.23438
-0.00589026 5.3125

-0.00590722 5.3125
-0.00570029 5.39062

-0.00569995 5.39062
-0.00547189 5.46875

-0.00547421 5.46875
-0.00522107 5.54688

-0.00524368 5.54688
-0.00491564 5.625

-0.00487423 5.625
-0.00450887 5.70312

-0.00448926 5.70312
-0.00420862 5.78125

-0.00422239 5.78125
-0.00403816 5.85938

-0.00407535 5.85938
-0.00388563 5.9375

-0.00382834 5.9375
-0.00367331 6.01562

-0.00365117 6.01562
-0.00368968 6.09375

-0.00378053 6.09375
-0.00387514 6.17188

-0.00386035 6.17188
-0.00385895 6.25

-0.0037935 6.25
-0.0038566 6.32812

-0.00390805 6.32812
-0.00406365 6.40625

-0.00408078 6.40625
-0.00419171 6.48438

-0.00420013 6.48438
-0.00421528 6.5625

-0.00420747 6.5625
-0.00412562 6.64062

-0.00411008 6.64062
-0.0039779 6.71875

-0.00399101 6.71875
-0.00381336 6.79688

-0.00378559 6.79688
-0.00359177 6.875

-0.00357251 6.875
-0.00345657 6.95312

-0.00347787 6.95312
-0.00343576 7.03125

-0.00343284 7.03125
-0.00342781 7.10938

-0.00345573 7.10938
-0.00343775 7.1875

-0.00341087 7.1875
-0.00337784 7.26562

-0.0033692 7.26562
-0.00339219 7.34375

-0.00341945 7.34375
-0.00346126 7.42188

-0.00344212 7.42188
-0.00348653 7.5

-0.00352246 7.5
-0.00353587 7.57812

-0.00350284 7.57812
-0.00347943 7.65625

-0.00350329 7.65625
-0.00346136 7.73438

-0.00341931 7.73438
-0.00339526 7.8125

-0.00345166 7.8125
-0.0034168 7.89062

-0.00339652 7.89062
-0.00327859 7.96875

-0.00325794 7.96875
-0.00313877 8.04688

-0.00313278 8.04688
-0.00306563 8.125

-0.00308911 8.125
-0.003039 8.20312

-0.00303934 8.20312
-0.00295864 8.28125

-0.00293952 8.28125
-0.00286578 8.35938

-0.00286101 8.35938
-0.002842 8.4375

-0.00286763 8.4375
-0.00286161 8.51562

-0.00286197 8.51562
-0.00281697 8.59375

-0.00279546 8.59375
-0.00275376 8.67188

-0.00275471 8.67188
-0.00275746 8.75

-0.00280353 8.75
-0.00275668 8.82812

-0.00275964 8.82812
-0.00256511 8.90625

-0.00250151 8.90625
-0.00228062 8.98438

-0.00227377 8.98438
-0.00216745 9.0625

-0.00221778 9.0625
-0.00213904 9.14062

-0.00213176 9.14062
-0.00199448 9.21875

-0.00197116 9.21875
-0.00183656 9.29688

-0.00184204 9.29688
-0.00174582 9.375

-0.00172611 9.375
-0.00169671 9.45312

-0.00170803 9.45312
-0.00176225 9.53125

-0.00177181 9.53125
-0.00186788 9.60938

-0.00186144 9.60938
-0.00199315 9.6875

-0.00201919 9.6875
-0.00214737 9.76562

-0.00214313 9.76562
-0.00222419 9.84375

-0.00219885 9.84375
-0.00229194 9.92188

-0.00229631 9.92188
-0.00244338 10

-0.00245896 10
-0.00262012 10.0781

-0.00262211 10.0781
-0.00276222 10.1562

-0.00277079 10.1562
-0.00286872 10.2344

-0.0028688 10.2344
-0.00290722 10.3125

-0.00290943 10.3125
-0.00288379 10.3906

-0.00288558 10.3906
-0.00278789 10.4688

-0.00278123 10.4688
-0.00262126 10.5469

-0.00261518 10.5469
-0.00241841 10.625

-0.00244932 10.625
-0.0021661 10.7031

-0.00216642 10.7031
-0.00173428 10.7812

-0.00166348 10.7812
-0.0012234 10.8594

-0.00121822 10.8594
-0.000922147 10.9375

-0.0009482 10.9375
-0.000754372 11.0156

-0.000751615 11.0156
-0.000613445 11.0938

-0.000597106 11.0938
-0.000552785 11.1719

-0.000561218 11.1719
-0.000626558 11.25

-0.000617177 11.25
-0.000794073 11.3281

-0.000803478 11.3281
-0.00109188 11.4062

-0.00113074 11.4062
-0.00143412 11.4844

-0.00143314 11.4844
-0.00167573 11.5625

-0.00167176 11.5625
-0.00186347 11.6406

-0.00186431 11.6406
-0.00201142 11.7188

-0.00201005 11.7188
-0.00211361 11.7969

-0.00211384 11.7969
-0.00217614 11.875

-0.00216908 11.875
-0.00220378 11.9531

-0.00220333 11.9531
-0.00222543 12.0312

-0.00222823 12.0312
-0.00223302 12.1094

-0.00223394 12.1094
-0.00221396 12.1875

-0.00221069 12.1875
-0.00217066 12.2656

-0.00217166 12.2656
-0.00211611 12.3438

-0.00212429 12.3438
-0.00194542 12.5

-0.00193759 12.5
-0.00181412 12.5781

-0.00181117 12.5781
-0.00167523 12.6562

-0.00166428 12.6562
-0.00154365 12.7344

-0.00154399 12.7344
-0.00145991 12.8125

-0.00145705 12.8125
-0.00141456 12.8906

-0.00141542 12.8906
-0.00141851 12.9688

-0.00142453 12.9688
-0.00145948 13.0469

-0.00146043 13.0469
-0.00151329 13.125

-0.00152085 13.125
-0.00157457 13.2031

-0.00157906 13.2031
-0.00160958 13.2812

-0.00161272 13.2812
-0.00160478 13.3594

-0.00160416 13.3594
-0.00155272 13.4375

-0.00154625 13.4375
-0.0014655 13.5156

-0.00146986 13.5156
-0.00136402 13.5938

-0.00134935 13.5938
-0.00123905 13.6719

-0.00124235 13.6719
-0.00115031 13.75

-0.00113968 13.75
-0.00108054 13.8281

-0.00108167 13.8281
-0.00107444 13.9062

-0.00107697 13.9062
-0.00111434 13.9844

-0.00111717 13.9844
-0.00118838 14.0625

-0.00119005 14.0625
-0.0012861 14.1406

-0.00128607 14.1406
-0.00140368 14.2188

-0.00141728 14.2188
-0.00152929 14.2969

-0.00153115 14.2969
-0.00160668 14.375

-0.00159694 14.375
-0.00165176 14.4531

-0.00165155 14.4531
-0.00170557 14.5312

-0.00171162 14.5312
-0.00175317 14.6094

-0.00175539 14.6094
-0.00176792 14.6875

-0.00176566 14.6875
-0.00174926 14.7656

-0.00174904 14.7656
-0.00170868 14.8438

-0.00171118 14.8438
-0.00164229 14.9219

-0.00164441 14.9219
-0.00153771 15

-0.00151679 15
-0.00140988 15.0781

-0.00140988 15.0781
-0.00134462 15.1562

-0.00134692 15.1562
-0.0013187 15.2344

-0.00132387 15.2344
-0.00131777 15.3125

-0.00131497 15.3125
-0.00132624 15.3906

-0.00132647 15.3906
-0.00136026 15.4688

-0.00136771 15.4688
-0.00140869 15.5469

-0.00141312 15.5469
-0.00143753 15.625

-0.00142391 15.625
-0.00145012 15.7031

-0.0014499 15.7031
-0.00150559 15.7812

-0.0015063 15.7812
-0.0015905 15.8594

-0.00159244 15.8594
-0.00169985 15.9375

-0.00172033 15.9375
-0.00180612 16.0156

-0.00180422 16.0156
-0.00183123 16.0938

-0.00184374 16.0938
-0.00179077 16.1719

-0.00179734 16.1719
-0.00162626 16.25

-0.00158013 16.25
-0.00137004 16.3281

-0.00137419 16.3281
-0.00120904 16.4062

-0.00121535 16.4062
-0.00107422 16.4844

-0.00107749 16.4844
-0.000941218 16.5625

-0.000924139 16.5625
-0.000820322 16.6406

-0.000819306 16.6406
-0.000784135 16.7188

-0.000796397 16.7188
-0.000807379 16.7969

-0.00081574 16.7969
-0.00083163 16.875

-0.000806928 16.875
-0.000860409 16.9531

-0.000858498 16.9531
-0.0010028 17.0312

-0.00104653 17.0312
-0.001198 17.1094

-0.0012024 17.1094
-0.00126476 17.1875

-0.00123604 17.1875
-0.00125789 17.2656

-0.00126776 17.2656
-0.0012868 17.3438

-0.00130314 17.3438
-0.00126696 17.4219

-0.00126633 17.4219
-0.00114348 17.5

-0.00110592 17.5
-0.000972811 17.5781

-0.000973233 17.5781
-0.000904145 17.6562

-0.000904875 17.6562
-0.000897503 17.7344

-0.000899327 17.7344
-0.000948564 17.8125

-0.000960934 17.8125
-0.00103839 17.8906

-0.00103634 17.8906
-0.00112138 17.9688

-0.00112416 17.9688
-0.00121532 18.0469

-0.00122368 18.0469
-0.00129869 18.125

-0.00129007 18.125
-0.00134943 18.2031

-0.00134981 18.2031
-0.00141002 18.2812

-0.0014039 18.2812
-0.00147645 18.3594

-0.00147835 18.3594
-0.0015717 18.4375

-0.00159223 18.4375
-0.00166152 18.5156

-0.00166009 18.5156
-0.00166711 18.5938

-0.00167004 18.5938
-0.00161178 18.6719

-0.00162223 18.6719
-0.00147192 18.75

-0.00142668 18.75
-0.00125392 18.8281

-0.00125569 18.8281
-0.00114744 18.9062

-0.00115683 18.9062
-0.00109075 18.9844

-0.00109342 18.9844
-0.0010454 19.0625

-0.00104454 19.0625
-0.00101096 19.1406

-0.00100847 19.1406
-0.000996004 19.2188

-0.000993582 19.2188
-0.00101205 19.2969

-0.00102356 19.2969
-0.00105478 19.375

-0.0010464 19.375
-0.00108409 19.4531

-0.00108375 19.4531
-0.00114531 19.5312

-0.00113723 19.5312
-0.0012395 19.6094

-0.00124055 19.6094
-0.0013976 19.6875

-0.00142686 19.6875
-0.00157809 19.7656

-0.00157963 19.7656
-0.00166346 19.8438

-0.00165289 19.8438
-0.00168735 19.9219

-0.00168538 19.9219
-0.00169555 20

