-1.38978e-05 15
-1.38747e-05 15.3125

-1.38747e-05 15.3125
-1.38538e-05 15.625

-1.38538e-05 15.625
-1.38349e-05 15.9375

-1.3835e-05 15.9375
-1.3818e-05 16.25

-1.3818e-05 16.25
-1.38028e-05 16.5625

-1.38028e-05 16.5625
-1.37893e-05 16.875

-1.37893e-05 16.875
-1.37773e-05 17.1875

-1.37773e-05 17.1875
-1.37669e-05 17.5

-1.37669e-05 17.5
-1.37578e-05 17.8125

-1.37578e-05 17.8125
-1.37501e-05 18.125

-1.37501e-05 18.125
-1.37437e-05 18.4375

-1.37437e-05 18.4375
-1.37386e-05 18.75

-1.37386e-05 18.75
-1.37346e-05 19.0625

-1.37346e-05 19.0625
-1.37318e-05 19.375

-1.37318e-05 19.375
-1.37301e-05 19.6875

-1.37302e-05 19.6875
-1.37296e-05 20

0 0.52101
0.00589811 0.546875

0.00100655 0.546875
0.000917565 0.625

0.00104371 0.625
0.00027034 0.703125

-1.95626 0
-1.95536 0.078125

-1.95643 0.078125
-1.95312 0.119617

-1.95312 0.155149
-1.95304 0.15625

-1.95312 0.176234
-1.92685 0.234375

-1.90028 0.234375
-1.875 0.286239

-1.875 0.340773
-1.85052 0.390625

-1.82501 0.390625
-1.79688 0.445027

-1.79688 0.492674
-1.76663 0.546875

-1.72907 0.546875
-1.71875 0.557994

-1.65168 0.625
-1.64062 0.636056

-1.57375 0.703125
-1.5625 0.714377

-1.49652 0.78125
-1.48438 0.792517

-1.48438 0.829209
-1.43014 0.859375

-1.38188 0.859375
-1.32812 0.887431

-1.32812 0.915604
-1.27781 0.9375

-1.25 0.935634
-1.21066 0.9375

-1.17188 0.93771
-1.09375 0.93801

-1.09375 0.93766
-1.01562 0.937602

-1.01562 0.937729
-0.9375 0.937756

-0.703125 0.935604
-0.737005 0.9375

-0.625 0.91391
-0.678831 0.9375

-0.9375 0.937591
-0.859375 0.937779

-0.859375 0.938268
-0.78125 0.93797

-0.78125 0.937593
-0.779589 0.9375

-0.15625 0.509292
-0.175867 0.546875

-0.15625 0.559278
-0.187574 0.625

-0.078125 0.435043
-0.123301 0.46875

-0.078125 0.403929
0 0.446657

-0.15625 0.486126
-0.143325 0.46875

-0.00542581 0.46875
0 0.476901

-0.625 0.886378
-0.571518 0.859375

-0.46875 0.833039
-0.521507 0.859375

-0.3125 0.750563
-0.367803 0.78125

-0.46875 0.808645
-0.415307 0.78125

-0.234375 0.702705
-0.234786 0.703125

-0.3125 0.713864
-0.300929 0.703125

-0.234375 0.633003
-0.227088 0.625

-0.000276951 0.703125
-0.000892402 0.78125

-0.000541411 0.78125
-0.000606344 0.859375

-0.000732805 0.859375
-0.000696282 0.9375

-0.000574419 0.9375
-0.000427243 1.01562

-0.000457872 1.01562
-0.00038251 1.09375

-0.000378124 1.09375
-0.000322091 1.17188

-0.00032807 1.17188
-0.00028818 1.25

-0.000287688 1.25
-0.000252967 1.32812

-0.000253259 1.32812
-0.000224107 1.40625

-0.000224087 1.40625
-0.000199962 1.48438

-0.000200716 1.48438
-0.00018015 1.5625

-0.000179827 1.5625
-0.000161959 1.64062

-0.000161791 1.64062
-0.000147606 1.71875

-0.000148323 1.71875
-0.000136723 1.79688

-0.000136562 1.79688
-0.000126438 1.875

-0.000126723 1.875
-0.000108926 2.03125

-0.000108627 2.03125
-9.42086e-05 2.1875

-9.48579e-05 2.1875
-8.31187e-05 2.34375

-8.28691e-05 2.34375
-7.30093e-05 2.5

-7.31129e-05 2.5
-5.7736e-05 2.8125

-5.81386e-05 2.8125
-4.72811e-05 3.125

-4.75908e-05 3.125
-3.98281e-05 3.4375

-4.0017e-05 3.4375
-3.4352e-05 3.75

-3.44822e-05 3.75
-3.02769e-05 4.0625

-3.03628e-05 4.0625
-2.71849e-05 4.375

-2.72438e-05 4.375
-2.48038e-05 4.6875

-2.48445e-05 4.6875
-2.29429e-05 5

-2.29716e-05 5
-2.14693e-05 5.3125

-2.149e-05 5.3125
-2.02883e-05 5.625

-2.03033e-05 5.625
-1.9331e-05 5.9375

-1.9342e-05 5.9375
-1.8547e-05 6.25

-1.85552e-05 6.25
-1.78987e-05 6.5625

-1.7905e-05 6.5625
-1.7358e-05 6.875

-1.73628e-05 6.875
-1.69032e-05 7.1875

-1.69069e-05 7.1875
-1.65177e-05 7.5

-1.65206e-05 7.5
-1.61887e-05 7.8125

-1.6191e-05 7.8125
-1.5906e-05 8.125

-1.59078e-05 8.125
-1.56617e-05 8.4375

-1.56631e-05 8.4375
-1.54492e-05 8.75

-1.54504e-05 8.75
-1.52635e-05 9.0625

-1.52644e-05 9.0625
-1.51003e-05 9.375

-1.51011e-05 9.375
-1.49564e-05 9.6875

-1.4957e-05 9.6875
-1.48288e-05 10

-1.48294e-05 10
-1.47154e-05 10.3125

-1.47158e-05 10.3125
-1.4614e-05 10.625

-1.46144e-05 10.625
-1.45233e-05 10.9375

-1.45236e-05 10.9375
-1.44418e-05 11.25

-1.4442e-05 11.25
-1.43684e-05 11.5625

-1.43686e-05 11.5625
-1.43021e-05 11.875

-1.43023e-05 11.875
-1.42421e-05 12.1875

-1.42422e-05 12.1875
-1.41877e-05 12.5

-1.41879e-05 12.5
-1.41384e-05 12.8125

-1.41385e-05 12.8125
-1.40935e-05 13.125

-1.40936e-05 13.125
-1.40527e-05 13.4375

-1.40528e-05 13.4375
-1.40156e-05 13.75

-1.40157e-05 13.75
-1.39818e-05 14.0625

-1.39819e-05 14.0625
-1.39511e-05 14.375

-1.39511e-05 14.375
-1.39231e-05 14.6875

-1.39232e-05 14.6875
-1.38977e-05 15

