-4.90849e-05 15
-4.88748e-05 15.3125

-4.88752e-05 15.3125
-4.8685e-05 15.625

-4.86853e-05 15.625
-4.85136e-05 15.9375

-4.85139e-05 15.9375
-4.83594e-05 16.25

-4.83597e-05 16.25
-4.82213e-05 16.5625

-4.82216e-05 16.5625
-4.80984e-05 16.875

-4.80986e-05 16.875
-4.79898e-05 17.1875

-4.79899e-05 17.1875
-4.78946e-05 17.5

-1.9676 0
-1.95531 0.078125

-1.95312 0.0709667
-1.952 0.078125

-1.94959 0.078125
-1.92405 0.15625

-1.91878 0.15625
-1.90188 0.234375

-1.91863 0.234375
-1.88774 0.3125

-4.78948e-05 17.5
-4.78124e-05 17.8125

-4.78125e-05 17.8125
-4.77424e-05 18.125

-4.77425e-05 18.125
-4.76842e-05 18.4375

-4.76843e-05 18.4375
-4.76372e-05 18.75

-4.76373e-05 18.75
-4.76013e-05 19.0625

-4.76013e-05 19.0625
-4.75759e-05 19.375

-4.75759e-05 19.375
-4.75608e-05 19.6875

-4.75609e-05 19.6875
-4.75559e-05 20

0 0.623553
0.000817217 0.625

-1.875 0.304991
-1.872 0.3125

-1.86694 0.3125
-1.83017 0.390625

0.00295587 0.625
0.017535 0.703125

0.00634319 0.703125
0.00116676 0.78125

0 0.809694
0.00126482 0.78125

-1.85381 0.390625
-1.80584 0.46875

-1.79688 0.460265
-1.79077 0.46875

-1.79859 0.46875
-1.79688 0.470486

-1.78176 0.46875
-1.72344 0.546875

-1.71875 0.588421
-1.6936 0.625

-1.6665 0.625
-1.64062 0.652558

-1.58711 0.703125
-1.5625 0.726193

-1.5625 0.757295
-1.52847 0.78125

-1.48438 0.787032
-1.40625 0.846485

-1.40983 0.859375
-1.40625 0.862967

-1.40625 0.855965
-1.40089 0.859375

-1.40625 0.874007
-1.32812 0.916108

-1.32812 0.893925
-1.25 0.908162

-1.25 0.913797
-1.17188 0.933034

-1.17188 0.936236
-1.15903 0.9375

-1.1518 0.9375
-1.09375 0.943211

-1.09375 0.938529
-1.01562 0.939045

-1.01562 0.940461
-0.9375 0.940636

-0.78125 0.935397
-0.799537 0.9375

-0.78125 0.931096
-0.703125 0.911243

-0.703125 0.907082
-0.625 0.892736

-0.9375 0.93937
-0.859375 0.938903

-0.859375 0.944012
-0.802744 0.9375

-0.15625 0.467745
-0.161364 0.46875

-0.234375 0.512881
-0.250013 0.546875

-0.234375 0.590374
-0.246775 0.625

-0.234375 0.521443
-0.15625 0.470478

-0.234375 0.592748
-0.20385 0.546875

-0.15625 0.5001
-0.078125 0.533737

-0.078125 0.543068
-0.0730621 0.546875

-0.0588766 0.546875
0 0.614312

-0.546875 0.857928
-0.550063 0.859375

-0.625 0.909246
-0.546875 0.875769

-0.546875 0.852975
-0.46875 0.812936

-0.390625 0.775593
-0.398072 0.78125

-0.3125 0.698682
-0.317848 0.703125

-0.390625 0.767048
-0.319925 0.703125

-0.46875 0.837896
-0.390625 0.787446

-0.390625 0.782267
-0.389644 0.78125

-0.234375 0.626644
-0.29974 0.703125

0 0.824929
-0.00153168 0.859375

-0.00244813 0.859375
-0.00393779 0.9375

-0.00307034 0.9375
-0.00310314 1.01562

-0.00332955 1.01562
-0.00318756 1.09375

-0.00295783 1.09375
-0.00264767 1.17188

-0.0027643 1.17188
-0.00251216 1.25

-0.0024465 1.25
-0.00215043 1.32812

-0.00216913 1.32812
-0.00192308 1.40625

-0.00191186 1.40625
-0.00170086 1.48438

-0.00171003 1.48438
-0.00153821 1.5625

-0.00153719 1.5625
-0.00138825 1.64062

-0.00138836 1.64062
-0.00126411 1.71875

-0.00126693 1.71875
-0.0011615 1.79688

-0.00116101 1.79688
-0.00106973 1.875

-0.00107408 1.875
-0.000989231 1.95312

-0.000986633 1.95312
-0.000904731 2.03125

-0.000902545 2.03125
-0.000833156 2.10938

-0.000832834 2.10938
-0.000780974 2.1875

-0.000787977 2.1875
-0.000740283 2.26562

-0.000738997 2.26562
-0.000684035 2.34375

-0.000680653 2.34375
-0.000627759 2.42188

-0.000628812 2.42188
-0.000582645 2.5

-0.000583084 2.5
-0.000540663 2.57812

-0.000540941 2.57812
-0.000500831 2.65625

-0.000498009 2.65625
-0.000465298 2.73438

-0.000464985 2.73438
-0.000445941 2.8125

-0.000453773 2.8125
-0.000412943 2.96875

-0.000408378 2.96875
-0.000365416 3.125

-0.00036583 3.125
-0.000292246 3.4375

-0.000290561 3.4375
-0.000235356 3.75

-0.000238169 3.75
-0.000199086 4.0625

-0.000199528 4.0625
-0.000170059 4.375

-0.000170857 4.375
-0.000148524 4.6875

-0.000148831 4.6875
-0.000131424 5

-0.000131727 5
-0.000118024 5.3125

-0.000118202 5.3125
-0.000107242 5.625

-0.000107386 5.625
-9.85288e-05 5.9375

-9.8628e-05 5.9375
-9.13869e-05 6.25

-9.14635e-05 6.25
-8.54869e-05 6.5625

-8.55437e-05 6.5625
-8.05647e-05 6.875

-8.06085e-05 6.875
-7.64259e-05 7.1875

-7.64595e-05 7.1875
-7.29183e-05 7.5

-7.29446e-05 7.5
-6.99247e-05 7.8125

-6.99454e-05 7.8125
-6.73527e-05 8.125

-6.73691e-05 8.125
-6.51294e-05 8.4375

-6.51425e-05 8.4375
-6.31964e-05 8.75

-6.3207e-05 8.75
-6.15069e-05 9.0625

-6.15155e-05 9.0625
-6.00229e-05 9.375

-6.003e-05 9.375
-5.87135e-05 9.6875

-5.87193e-05 9.6875
-5.75532e-05 10

-5.7558e-05 10
-5.6521e-05 10.3125

-5.6525e-05 10.3125
-5.55995e-05 10.625

-5.56029e-05 10.625
-5.47742e-05 10.9375

-5.4777e-05 10.9375
-5.40327e-05 11.25

-5.40351e-05 11.25
-5.33649e-05 11.5625

-5.33669e-05 11.5625
-5.2762e-05 11.875

-5.27637e-05 11.875
-5.22165e-05 12.1875

-5.22179e-05 12.1875
-5.1722e-05 12.5

-5.17233e-05 12.5
-5.12732e-05 12.8125

-5.12743e-05 12.8125
-5.08654e-05 13.125

-5.08664e-05 13.125
-5.04945e-05 13.4375

-5.04953e-05 13.4375
-5.01569e-05 13.75

-5.01576e-05 13.75
-4.98496e-05 14.0625

-4.98502e-05 14.0625
-4.957e-05 14.375

-4.95705e-05 14.375
-4.93156e-05 14.6875

-4.93161e-05 14.6875
-4.90845e-05 15

