0 1.2663
0.0191027 1.32812

0.0229199 1.32812
0.0308034 1.40625

0.0301568 1.40625
0.0154301 1.48438

0 1.51558
0.0095416 1.48438

-1.6217 0
-1.61716 0.078125

-1.61641 0.078125
-1.60428 0.15625

-1.60456 0.15625
-1.5858 0.234375

-1.58859 0.234375
-1.5625 0.299581

-1.5625 0.297616
-1.55655 0.3125

-1.55543 0.3125
-1.50991 0.390625

-1.50964 0.390625
-1.48438 0.427353

-1.48438 0.425095
-1.45384 0.46875

-1.45701 0.46875
-1.40625 0.527063

-1.40625 0.532632
-1.3864 0.546875

-1.39459 0.546875
-1.32812 0.588374

-1.32812 0.583746
-1.25 0.586757

-1.25 0.565324
-1.17188 0.572157

-1.17188 0.579874
-1.09375 0.617844

-1.0981 0.625
-1.09375 0.627115

-1.09375 0.628601
-1.01562 0.660757

-1.01562 0.657015
-0.9375 0.669446

-0.9375 0.664453
-0.859375 0.674628

-0.859375 0.675097
-0.78125 0.692065

-0.78125 0.694246
-0.746604 0.703125

-0.740741 0.703125
-0.703125 0.712765

-0.703125 0.71358
-0.625 0.733664

-0.625 0.732608
-0.546875 0.754683

-0.546875 0.75433
-0.46875 0.781211

-0.464516 0.78125
-0.390625 0.815419

-0.390625 0.81774
-0.317893 0.859375

-0.315392 0.859375
-0.3125 0.86103

-0.311519 0.859375
-0.234375 0.915031

-0.234375 0.920836
-0.215241 0.9375

-0.208853 0.9375
-0.15625 0.988866

-0.15625 0.993154
-0.136084 1.01562

-0.13233 1.01562
-0.078125 1.08944

-0.076482 1.09375
-0.0353253 1.17188

-0.037152 1.17188
-0.00568701 1.25

-0.00506646 1.25
0 1.2664

0 1.51456
-0.0146578 1.5625

-0.0175582 1.5625
-0.0323935 1.64062

-0.0304887 1.64062
-0.0340361 1.71875

-0.0326726 1.71875
-0.0314687 1.79688

-0.0310165 1.79688
-0.0286928 1.875

-0.0285853 1.875
-0.0262611 1.95312

-0.0262507 1.95312
-0.0241618 2.03125

-0.024176 2.03125
-0.0223147 2.10938

-0.0223166 2.10938
-0.0206508 2.1875

-0.0206624 2.1875
-0.0191652 2.26562

-0.0191675 2.26562
-0.0178109 2.34375

-0.0178114 2.34375
-0.0165897 2.42188

-0.016598 2.42188
-0.0154936 2.5

-0.0154938 2.5
-0.0144899 2.57812

-0.014494 2.57812
-0.0135818 2.65625

-0.0135901 2.65625
-0.0127448 2.73438

-0.0127416 2.73438
-0.011953 2.8125

-0.0119519 2.8125
-0.0112286 2.89062

-0.0112319 2.89062
-0.0105695 2.96875

-0.0105723 2.96875
-0.00995876 3.04688

-0.00995519 3.04688
-0.00939219 3.125

-0.00939002 3.125
-0.00888904 3.20312

-0.00890034 3.20312
-0.0084431 3.28125

-0.00844427 3.28125
-0.00800584 3.35938

-0.00800325 3.35938
-0.00758648 3.4375

-0.00757469 3.4375
-0.00720834 3.51562

-0.00720896 3.51562
-0.00691535 3.59375

-0.00693682 3.59375
-0.00667174 3.67188

-0.0066721 3.67188
-0.00639191 3.75

-0.00638815 3.75
-0.00609966 3.82812

-0.00608519 3.82812
-0.00582484 3.90625

-0.00582395 3.90625
-0.00562247 3.98438

-0.00564904 3.98438
-0.00545505 4.0625

-0.0054382 4.0625
-0.00523226 4.14062

-0.00524476 4.14062
-0.00503555 4.21875

-0.00503141 4.21875
-0.00480223 4.29688

-0.00477222 4.29688
-0.00459139 4.375

-0.00463531 4.375
-0.004475 4.45312

-0.00446615 4.45312
-0.00425622 4.53125

-0.00424315 4.53125
-0.00402743 4.60938

-0.00402415 4.60938
-0.00383537 4.6875

-0.00384025 4.6875
-0.00367519 4.76562

-0.00367547 4.76562
-0.00352381 4.84375

-0.00352513 4.84375
-0.00338366 4.92188

-0.00338203 4.92188
-0.00325139 5

-0.00325314 5
-0.00313309 5.07812

-0.00313413 5.07812
-0.00301909 5.15625

-0.00301833 5.15625
-0.00290773 5.23438

-0.00290633 5.23438
-0.00280448 5.3125

-0.00280626 5.3125
-0.00271241 5.39062

-0.00271354 5.39062
-0.0026219 5.46875

-0.00262093 5.46875
-0.00253121 5.54688

-0.00252985 5.54688
-0.00244669 5.625

-0.00244778 5.625
-0.00237171 5.70312

-0.00237225 5.70312
-0.00230001 5.78125

-0.00230073 5.78125
-0.00222979 5.85938

-0.00222873 5.85938
-0.00215978 5.9375

-0.00215847 5.9375
-0.00203405 6.09375

-0.00203755 6.09375
-0.00198119 6.17188

-0.00198017 6.17188
-0.00192473 6.25

-0.00192373 6.25
-0.00187325 6.32812

-0.00187313 6.32812
-0.00182986 6.40625

-0.00183253 6.40625
-0.00179138 6.48438

-0.00179099 6.48438
-0.0017474 6.5625

-0.00174667 6.5625
-0.00170287 6.64062

-0.00170175 6.64062
-0.00166143 6.71875

-0.00166537 6.71875
-0.00162288 6.79688

-0.00162335 6.79688
-0.00156986 6.875

-0.00156129 6.875
-0.00151298 6.95312

-0.00151357 6.95312
-0.00148637 7.03125

-0.00149725 7.03125
-0.00146823 7.10938

-0.00146641 7.10938
-0.00141745 7.1875

-0.00140789 7.1875
-0.00136173 7.26562

-0.0013622 7.26562
-0.00133703 7.34375

-0.00134824 7.34375
-0.00132072 7.42188

-0.00131966 7.42188
-0.0012695 7.5

-0.00125455 7.5
-0.00121375 7.57812

-0.00121526 7.57812
-0.00121069 7.65625

-0.00122209 7.65625
-0.00122791 7.73438

-0.00122925 7.73438
-0.00121998 7.8125

-0.00121437 7.8125
-0.00119858 7.89062

-0.00119867 7.89062
-0.0011874 7.96875

-0.00119362 7.96875
-0.00117425 8.04688

-0.00117541 8.04688
-0.00113318 8.125

-0.0011232 8.125
-0.00107574 8.20312

-0.00107453 8.20312
-0.00104421 8.28125

-0.00104661 8.28125
-0.00103108 8.35938

-0.00103484 8.35938
-0.00102178 8.4375

-0.00102018 8.4375
-0.00100524 8.51562

-0.00100468 8.51562
-0.00099219 8.59375

-0.000996046 8.59375
-0.000979432 8.67188

-0.000983187 8.67188
-0.00094722 8.75

-0.000930793 8.75
-0.000900817 8.82812

-0.000901847 8.82812
-0.000908657 8.90625

-0.000921145 8.90625
-0.000937703 8.98438

-0.000938402 8.98438
-0.000938331 9.0625

-0.000933398 9.0625
-0.000925167 9.14062

-0.000926309 9.14062
-0.0009175 9.21875

-0.000913874 9.21875
-0.000909458 9.29688

-0.000914113 9.29688
-0.00091203 9.375

-0.000911749 9.375
-0.00090325 9.45312

-0.000904516 9.45312
-0.000887635 9.53125

-0.000879534 9.53125
-0.000867944 9.60938

-0.000869055 9.60938
-0.000876737 9.6875

-0.000885554 9.6875
-0.000892654 9.76562

-0.000893326 9.76562
-0.000880865 9.84375

-0.000877703 9.84375
-0.000850662 9.92188

-0.00085417 9.92188
-0.000811856 10

-0.000801104 10
-0.000758005 10.0781

-0.000760276 10.0781
-0.000733354 10.1562

-0.000730203 10.1562
-0.00072122 10.2344

-0.000726168 10.2344
-0.00073153 10.3125

-0.000734719 10.3125
-0.000738152 10.3906

-0.000739053 10.3906
-0.000732377 10.4688

-0.000725629 10.4688
-0.000720538 10.5469

-0.000723118 10.5469
-0.000727948 10.625

-0.000730906 10.625
-0.000734585 10.7031

-0.000734652 10.7031
-0.000731131 10.7812

-0.000727347 10.7812
-0.00072406 10.8594

-0.000724863 10.8594
-0.000727771 10.9375

-0.000731203 10.9375
-0.000731837 11.0156

-0.000731962 11.0156
-0.000723208 11.0938

-0.000720383 11.0938
-0.000707641 11.1719

-0.000708544 11.1719
-0.000695654 11.25

-0.000693808 11.25
-0.0006715 11.4062

-0.000670103 11.4062
-0.000656776 11.5625

-0.000661115 11.5625
-0.000640656 11.875

-0.0006408 11.875
-0.000623456 12.1875

-0.000623603 12.1875
-0.00060879 12.5

-0.000609067 12.5
-0.000595935 12.8125

-0.000595937 12.8125
-0.000583927 13.125

-0.000583969 13.125
-0.000572995 13.4375

-0.000573008 13.4375
-0.000562961 13.75

-0.000562979 13.75
-0.000553794 14.0625

-0.000553808 14.0625
-0.000545418 14.375

-0.000545433 14.375
-0.00053778 14.6875

-0.000537793 14.6875
-0.000530823 15

-0.000530835 15
-0.000524499 15.3125

-0.000524509 15.3125
-0.000518763 15.625

-0.000518772 15.625
-0.000513576 15.9375

-0.000513585 15.9375
-0.000508904 16.25

-0.000508912 16.25
-0.000504716 16.5625

-0.000504722 16.5625
-0.000500983 16.875

-0.000500989 16.875
-0.000497681 17.1875

-0.000497686 17.1875
-0.000494787 17.5

-0.000494792 17.5
-0.000492284 17.8125

-0.000492288 17.8125
-0.000490152 18.125

-0.000490156 18.125
-0.000488378 18.4375

-0.000488381 18.4375
-0.000486948 18.75

-0.000486951 18.75
-0.000485851 19.0625

-0.000485854 19.0625
-0.000485077 19.375

-0.000485079 19.375
-0.000484618 19.6875

-0.00048462 19.6875
-0.000484467 20

