-0.000250251 18.125
-0.000249346 18.4375

-0.000249347 18.4375
-0.000248618 18.75

-0.00024862 18.75
-0.00024806 19.0625

-0.000248061 19.0625
-0.000247666 19.375

-0.000247667 19.375
-0.000247433 19.6875

-0.000247434 19.6875
-0.000247356 20

0 1.01504
0.000332185 1.01562

0.00628568 1.01562
0.0312167 1.09375

0.0307537 1.09375
0.0265035 1.17188

0.0202202 1.17188
0.000281188 1.25

-1.80362 0
-1.80107 0.078125

-1.80379 0.078125
-1.79688 0.121731

-1.79688 0.117066
-1.79066 0.15625

-1.78611 0.15625
-1.76901 0.234375

-1.77114 0.234375
-1.75494 0.3125

-1.75862 0.3125
-1.73173 0.390625

-1.73415 0.390625
-1.71875 0.418407

-1.71875 0.410282
-1.68607 0.46875

-1.68505 0.46875
-1.64062 0.531775

-1.64062 0.534285
-1.63173 0.546875

-1.63546 0.546875
-1.56277 0.625

-1.5625 0.625439
-1.48438 0.68073

-1.48438 0.671057
-1.43032 0.703125

-1.42942 0.703125
-1.40625 0.71687

-1.40625 0.720046
-1.32812 0.771499

-1.32812 0.774614
-1.31552 0.78125

-1.31948 0.78125
-1.25 0.817818

-1.25 0.813992
-1.17188 0.842022

-1.17188 0.844516
-1.10278 0.859375

-1.10674 0.859375
-1.09375 0.862169

-1.09375 0.859458
-1.01562 0.863759

-1.01562 0.863342
-0.9375 0.859934

-0.78125 0.73319
-0.824698 0.78125

-0.859375 0.84105
-0.905193 0.859375

-0.9375 0.865605
-0.917687 0.859375

-0.859375 0.848613
-0.786869 0.78125

-0.703125 0.70014
-0.714589 0.703125

-0.78125 0.737796
-0.705945 0.703125

-0.703125 0.723547
-0.625 0.730865

-0.625 0.736416
-0.546875 0.732089

-0.546875 0.724234
-0.46875 0.712869

-0.46875 0.709548
-0.390625 0.713497

-0.390625 0.715504
-0.3125 0.737396

-0.3125 0.738298
-0.234375 0.772314

-0.234375 0.775109
-0.224061 0.78125

-0.213924 0.78125
-0.15625 0.818193

-0.15625 0.82049
-0.111935 0.859375

-0.109668 0.859375
-0.078125 0.894268

-0.078125 0.898416
-0.0471109 0.9375

-0.0451882 0.9375
0 1.01092

-0.00347476 1.25
-0.019024 1.32812

-0.017968 1.32812
-0.0237275 1.40625

-0.0224817 1.40625
-0.0230548 1.48438

-0.0225499 1.48438
-0.0214381 1.5625

-0.0213177 1.5625
-0.0197715 1.64062

-0.0197018 1.64062
-0.0181014 1.71875

-0.0180919 1.71875
-0.0165957 1.79688

-0.0165841 1.79688
-0.0152342 1.875

-0.0152458 1.875
-0.0140421 1.95312

-0.0140495 1.95312
-0.0129538 2.03125

-0.0129546 2.03125
-0.0119508 2.10938

-0.0119489 2.10938
-0.0110396 2.1875

-0.0110471 2.1875
-0.010221 2.26562

-0.0102207 2.26562
-0.00946368 2.34375

-0.00945547 2.34375
-0.00878461 2.42188

-0.00879968 2.42188
-0.00820125 2.5

-0.0082 2.5
-0.00764636 2.57812

-0.00764482 2.57812
-0.00714153 2.65625

-0.00714698 2.65625
-0.00668622 2.73438

-0.00667817 2.73438
-0.00626515 2.8125

-0.00627399 2.8125
-0.00590711 2.89062

-0.00591456 2.89062
-0.00556125 2.96875

-0.00555315 2.96875
-0.00521474 3.04688

-0.00521182 3.04688
-0.00491035 3.125

-0.00490968 3.125
-0.00465232 3.20312

-0.00466991 3.20312
-0.00442281 3.28125

-0.00439986 3.28125
-0.00417373 3.35938

-0.00418245 3.35938
-0.00400576 3.4375

-0.00402292 3.4375
-0.00384389 3.51562

-0.00383106 3.51562
-0.003641 3.59375

-0.00364679 3.59375
-0.00345981 3.67188

-0.00343914 3.67188
-0.003285 3.75

-0.00331685 3.75
-0.00317316 3.82812

-0.00316107 3.82812
-0.00298833 3.90625

-0.00298131 3.90625
-0.00281774 3.98438

-0.00282025 3.98438
-0.00267488 4.0625

-0.00267493 4.0625
-0.00254262 4.14062

-0.00254133 4.14062
-0.00242456 4.21875

-0.00242815 4.21875
-0.00232234 4.29688

-0.00232419 4.29688
-0.00221847 4.375

-0.00221505 4.375
-0.00211258 4.45312

-0.00211145 4.45312
-0.00202134 4.53125

-0.00202463 4.53125
-0.00194254 4.60938

-0.00194453 4.60938
-0.00185988 4.6875

-0.00185562 4.6875
-0.00177295 4.76562

-0.00177198 4.76562
-0.00170179 4.84375

-0.00170379 4.84375
-0.00164401 4.92188

-0.00164665 4.92188
-0.001588 5

-0.00158612 5
-0.00152706 5.07812

-0.00152626 5.07812
-0.00147217 5.15625

-0.00147355 5.15625
-0.00142323 5.23438

-0.00142607 5.23438
-0.0013711 5.3125

-0.00136648 5.3125
-0.00131043 5.39062

-0.0013089 5.39062
-0.00126406 5.46875

-0.00126637 5.46875
-0.00123117 5.54688

-0.0012346 5.54688
-0.00119756 5.625

-0.00119496 5.625
-0.00115445 5.70312

-0.00115367 5.70312
-0.00111645 5.78125

-0.00111621 5.78125
-0.00108433 5.85938

-0.00108781 5.85938
-0.00105478 5.9375

-0.00105181 5.9375
-0.00101662 6.01562

-0.00101619 6.01562
-0.000985654 6.09375

-0.000985251 6.09375
-0.000961021 6.17188

-0.000964626 6.17188
-0.000940299 6.25

-0.000938189 6.25
-0.000910771 6.32812

-0.00091085 6.32812
-0.000884403 6.40625

-0.000881922 6.40625
-0.000861249 6.48438

-0.00086464 6.48438
-0.000847919 6.5625

-0.000847847 6.5625
-0.000828443 6.64062

-0.000828754 6.64062
-0.000806188 6.71875

-0.000802831 6.71875
-0.000783194 6.79688

-0.000786227 6.79688
-0.000770168 6.875

-0.000769887 6.875
-0.0007519 6.95312

-0.000752455 6.95312
-0.000731989 7.03125

-0.000728691 7.03125
-0.00071123 7.10938

-0.000714255 7.10938
-0.000700346 7.1875

-0.000699817 7.1875
-0.000684466 7.26562

-0.000685101 7.26562
-0.000668096 7.34375

-0.00066512 7.34375
-0.000651141 7.42188

-0.000653696 7.42188
-0.000643586 7.5

-0.000643499 7.5
-0.000632322 7.57812

-0.000632714 7.57812
-0.000619861 7.65625

-0.000617641 7.65625
-0.00060677 7.73438

-0.000607537 7.73438
-0.000601554 7.8125

-0.000603513 7.8125
-0.000596967 7.89062

-0.000596864 7.89062
-0.000586044 7.96875

-0.000584498 7.96875
-0.000572701 8.04688

-0.000573025 8.04688
-0.000562697 8.125

-0.000562996 8.125
-0.000542789 8.28125

-0.000542861 8.28125
-0.000522774 8.4375

-0.000521197 8.4375
-0.000487282 8.75

-0.00048848 8.75
-0.000461572 9.0625

-0.000461908 9.0625
-0.000438936 9.375

-0.00043913 9.375
-0.000419036 9.6875

-0.000419132 9.6875
-0.000401335 10

-0.000401415 10
-0.000385562 10.3125

-0.000385617 10.3125
-0.00037144 10.625

-0.000371492 10.625
-0.000358778 10.9375

-0.000358818 10.9375
-0.000347383 11.25

-0.00034742 11.25
-0.000337113 11.5625

-0.000337142 11.5625
-0.000327829 11.875

-0.000327855 11.875
-0.000319424 12.1875

-0.000319446 12.1875
-0.000311801 12.5

-0.00031182 12.5
-0.000304877 12.8125

-0.000304893 12.8125
-0.00029858 13.125

-0.000298595 13.125
-0.000292851 13.4375

-0.000292863 13.4375
-0.000287633 13.75

-0.000287644 13.75
-0.000282883 14.0625

-0.000282892 14.0625
-0.000278557 14.375

-0.000278565 14.375
-0.000274621 14.6875

-0.000274629 14.6875
-0.000271044 15

-0.00027105 15
-0.000267797 15.3125

-0.000267803 15.3125
-0.000264858 15.625

-0.000264863 15.625
-0.000262203 15.9375

-0.000262207 15.9375
-0.000259814 16.25

-0.000259818 16.25
-0.000257674 16.5625

-0.000257678 16.5625
-0.000255769 16.875

-0.000255772 16.875
-0.000254084 17.1875

-0.000254087 17.1875
-0.00025261 17.5

-0.000252612 17.5
-0.000251334 17.8125

-0.000251336 17.8125
-0.000250249 18.125

