-0.000204016 15.625
-0.00020213 15.9375

-0.000202133 15.9375
-0.000200436 16.25

-0.000200439 16.25
-0.00019892 16.5625

-0.000198922 16.5625
-0.000197569 16.875

-0.000197571 16.875
-0.000196375 17.1875

-0.000196377 17.1875
-0.00019533 17.5

-0.000195332 17.5
-0.000194426 17.8125

-0.000194428 17.8125
-0.000193657 18.125

-0.000193658 18.125
-0.000193017 18.4375

-0.000193018 18.4375
-0.000192502 18.75

-0.000192503 18.75
-0.000192106 19.0625

-0.000192107 19.0625
-0.000191827 19.375

-0.000191828 19.375
-0.000191662 19.6875

-0.000191662 19.6875
-0.000191607 20

0 0.926827
0.00646233 0.9375

0.0114276 0.9375
0.0325638 1.01562

0.028582 1.01562
0.0199694 1.09375

0 1.15323
0.0135773 1.09375

-1.83691 0
-1.83201 0.078125

-1.82781 0.078125
-1.82151 0.15625

-1.82578 0.15625
-1.81794 0.234375

-1.81827 0.234375
-1.79968 0.3125

-1.79949 0.3125
-1.79688 0.320126

-1.79688 0.315672
-1.7712 0.390625

-1.77504 0.390625
-1.73586 0.46875

-1.74021 0.46875
-1.71875 0.499277

-1.71875 0.490142
-1.67297 0.546875

-1.67141 0.546875
-1.64062 0.577094

-1.64062 0.573566
-1.58837 0.625

-1.58381 0.625
-1.5625 0.646425

-1.5625 0.65735
-1.51004 0.703125

-1.51478 0.703125
-1.48438 0.727073

-1.48438 0.722527
-1.40625 0.77122

-1.40625 0.770689
-1.38477 0.78125

-1.38451 0.78125
-1.32812 0.808973

-1.32812 0.804813
-1.25 0.842594

-1.25 0.84662
-1.22142 0.859375

-1.22586 0.859375
-1.17188 0.883466

-1.17188 0.886865
-1.09375 0.899993

-1.09375 0.892906
-1.01562 0.890335

-1.01562 0.888178
-0.9375 0.888396

-0.9375 0.892912
-0.859375 0.891202

-0.859375 0.895272
-0.78125 0.87446

-0.625 0.671853
-0.650449 0.703125

-0.625 0.724533
-0.669995 0.78125

-0.703125 0.823674
-0.754637 0.859375

-0.78125 0.875502
-0.753848 0.859375

-0.703125 0.823616
-0.660128 0.78125

-0.625 0.689225
-0.546875 0.66105

-0.625 0.730498
-0.574107 0.703125

-0.546875 0.698234
-0.513333 0.703125

-0.512969 0.703125
-0.46875 0.708072

-0.390625 0.699324
-0.456564 0.703125

-0.46875 0.70345
-0.463116 0.703125

-0.390625 0.692717
-0.3125 0.696217

-0.3125 0.699984
-0.301703 0.703125

-0.289334 0.703125
-0.234375 0.719114

-0.234375 0.719286
-0.15625 0.76056

-0.15625 0.762768
-0.130905 0.78125

-0.126764 0.78125
-0.078125 0.822458

-0.078125 0.828823
-0.0499347 0.859375

-0.0445075 0.859375
0 0.924105

0 1.15536
-0.00376856 1.17188

-0.00580631 1.17188
-0.0169714 1.25

-0.0158095 1.25
-0.0193097 1.32812

-0.018358 1.32812
-0.0184204 1.40625

-0.0181759 1.40625
-0.0171928 1.48438

-0.0170584 1.48438
-0.0157875 1.5625

-0.0157851 1.5625
-0.0145 1.64062

-0.0144734 1.64062
-0.0132322 1.71875

-0.0132305 1.71875
-0.0120896 1.79688

-0.0120834 1.79688
-0.0110583 1.875

-0.0110593 1.875
-0.0101602 1.95312

-0.0101721 1.95312
-0.00937324 2.03125

-0.00937671 2.03125
-0.00864744 2.10938

-0.00864774 2.10938
-0.0079805 2.1875

-0.00797903 2.1875
-0.00737618 2.26562

-0.00737739 2.26562
-0.00683945 2.34375

-0.00684444 2.34375
-0.00635899 2.42188

-0.00636157 2.42188
-0.00591349 2.5

-0.00591069 2.5
-0.00550044 2.57812

-0.00550347 2.57812
-0.00513061 2.65625

-0.00512616 2.65625
-0.00479353 2.73438

-0.00479914 2.73438
-0.0045044 2.8125

-0.00450024 2.8125
-0.00424052 2.89062

-0.00424785 2.89062
-0.00401683 2.96875

-0.00401851 2.96875
-0.00379821 3.04688

-0.00380698 3.04688
-0.00357648 3.125

-0.0035583 3.125
-0.00333643 3.20312

-0.003321 3.20312
-0.00317498 3.28125

-0.0032226 3.28125
-0.00308808 3.35938

-0.00306525 3.35938
-0.00289265 3.4375

-0.00289429 3.4375
-0.00272596 3.51562

-0.0027201 3.51562
-0.00256451 3.59375

-0.00256583 3.59375
-0.00243208 3.67188

-0.0024364 3.67188
-0.00231322 3.75

-0.00231158 3.75
-0.00219361 3.82812

-0.00219234 3.82812
-0.00208537 3.90625

-0.00208678 3.90625
-0.00199055 3.98438

-0.00199358 3.98438
-0.0018992 4.0625

-0.00189666 4.0625
-0.00180318 4.14062

-0.00180137 4.14062
-0.00171749 4.21875

-0.00171869 4.21875
-0.00164562 4.29688

-0.00164883 4.29688
-0.00157773 4.375

-0.00157569 4.375
-0.00150424 4.45312

-0.00150335 4.45312
-0.00143741 4.53125

-0.00143728 4.53125
-0.00137889 4.60938

-0.0013822 4.60938
-0.00132501 4.6875

-0.00132263 4.6875
-0.00126478 4.76562

-0.00126444 4.76562
-0.00121139 4.84375

-0.00120942 4.84375
-0.00116577 4.92188

-0.00116936 4.92188
-0.00113188 5

-0.00113216 5
-0.00109309 5.07812

-0.00109296 5.07812
-0.001052 5.15625

-0.00104946 5.15625
-0.00101197 5.23438

-0.00101543 5.23438
-0.00097958 5.3125

-0.000977666 5.3125
-0.000940358 5.39062

-0.000939918 5.39062
-0.000905862 5.46875

-0.00090419 5.46875
-0.000877611 5.54688

-0.000881163 5.54688
-0.000858302 5.625

-0.000858031 5.625
-0.000832324 5.70312

-0.000832612 5.70312
-0.000804027 5.78125

-0.000800337 5.78125
-0.000775675 5.85938

-0.00077877 5.85938
-0.000759219 5.9375

-0.000759366 5.9375
-0.000738443 6.01562

-0.000738848 6.01562
-0.000715449 6.09375

-0.000711999 6.09375
-0.000692213 6.17188

-0.000694587 6.17188
-0.000680564 6.25

-0.000681724 6.25
-0.000666394 6.32812

-0.0006667 6.32812
-0.000647134 6.40625

-0.000643678 6.40625
-0.000626175 6.48438

-0.000627438 6.48438
-0.000616381 6.5625

-0.000618462 6.5625
-0.000607161 6.64062

-0.000607138 6.64062
-0.000591475 6.71875

-0.000589242 6.71875
-0.000573728 6.79688

-0.000573994 6.79688
-0.000562564 6.875

-0.000564588 6.875
-0.000540737 7.03125

-0.000539942 7.03125
-0.000514416 7.1875

-0.000512527 7.1875
-0.000468864 7.5

-0.000469872 7.5
-0.00043532 7.8125

-0.000435866 7.8125
-0.000407319 8.125

-0.000407668 8.125
-0.000383336 8.4375

-0.000383482 8.4375
-0.000362375 8.75

-0.000362511 8.75
-0.000344064 9.0625

-0.000344147 9.0625
-0.000327924 9.375

-0.000328005 9.375
-0.000313678 9.6875

-0.000313736 9.6875
-0.00030103 10

-0.000301084 10
-0.000289776 10.3125

-0.000289817 10.3125
-0.000279716 10.625

-0.000279753 10.625
-0.000270704 10.9375

-0.000270733 10.9375
-0.0002626 11.25

-0.000262626 11.25
-0.000255299 11.5625

-0.00025532 11.5625
-0.000248703 11.875

-0.000248721 11.875
-0.000242732 12.1875

-0.000242748 12.1875
-0.000237319 12.5

-0.000237332 12.5
-0.000232403 12.8125

-0.000232414 12.8125
-0.000227933 13.125

-0.000227944 13.125
-0.000223867 13.4375

-0.000223876 13.4375
-0.000220165 13.75

-0.000220173 13.75
-0.000216795 14.0625

-0.000216802 14.0625
-0.000213727 14.375

-0.000213733 14.375
-0.000210935 14.6875

-0.000210941 14.6875
-0.000208398 15

-0.000208403 15
-0.000206096 15.3125

-0.000206101 15.3125
-0.000204012 15.625

